optimal function value: 23.895113699999996
optimal value: [0. 1. 0. 0. 0. 0. 0. 1. 1. 0. 0. 0. 0. 0. 1. 0.]
status: SUCCESS
 ||[ 1.5320459   6.18097398  4.733343    5.46443558  1.2691133   1.5687327
  2.61314462  4.64684674  2.20330919  4.77444476  1.25781141  4.66869684
  1.19417969  3.16904986  3.83831841  2.61145906 -0.25185804  4.55468849
  3.20658355  0.71958726  1.21127584  3.16414376 -0.03350689  3.20249246
  1.27012054  3.14590864  0.36370475  3.29200667  3.26319968  3.5093069
  3.10846761  3.195801    2.86489647  6.31037343  3.19116231  0.29714408
  1.69331626  6.26409047  2.02548133  0.22627539  4.40250225  3.05221266
  3.10885797  3.2443369   0.41897416  4.9796619   0.73179925  1.12028513]
 ||