optimal function value: 37.817205
optimal value: [1. 0. 0. 0. 0. 0. 1. 0. 0. 0. 0. 1. 0. 1. 0. 0.]
status: SUCCESS
 ||[ 0.61015084  7.56951055  1.50236964  3.33755326  1.56195688  3.46695337
  1.75034483  5.85835101  1.5956174   1.0904274   4.84575939  1.97765211
  3.91420059 -1.11636478  1.54816131  5.55045326 -0.04502914  6.41731649
  3.35436474  1.02745494 -0.14886584  4.14998573  3.12378903  1.88395778
  0.59443309  2.8168052  -0.33188279  2.40151085  2.18819532  4.19307274
 -0.13023716  2.25645669  1.12489311  2.90102092  0.26078757 -0.45655804
  3.08029917  2.88447177  3.14139875  3.07029759  3.70384909  6.51580329
  0.25725075  2.61964035  2.73895894  5.38350566  3.02275054  1.55301073]
 ||