optimal function value: 32.53962615999998
optimal value: [0. 0. 0. 1. 1. 0. 0. 0. 0. 0. 1. 0. 0. 1. 0. 0.]
status: SUCCESS
 ||[ 4.42289539  4.47542493  2.06516779  5.45161376  2.09872542  4.53058106
  1.60460549  8.83097199  3.65485218  1.08756015  2.54859609  7.32416369
  1.69437173  2.58193027  4.6350219   3.06453614  0.28123415  3.59981781
  2.93411575  3.01483913  2.26871103  6.01124999  3.08944431  3.09808213
  0.05432776  3.26555782 -0.1067222   1.11324474  0.09676868  4.56178009
 -0.05482462  3.5283949   0.14126733  2.50271929 -0.98338993  3.71508671
  2.64329458  0.45377886  0.2174185   0.64965424  1.04371442  0.4233779
  0.49961103  2.76509833  3.130631    3.56610661 -0.06822184  4.21649798]
 ||