optimal function value: 23.895113699999996
optimal value: [0. 0. 0. 1. 0. 1. 0. 0. 1. 0. 0. 0. 0. 0. 1. 0.]
status: SUCCESS
 ||[ 0.3103363   4.74421433  1.75045883  4.71751361  3.36484079  1.55072054
  1.24768564  4.87348076  0.99909032  2.00148     2.67685198  4.79272503
  2.41091337  2.53726519  1.78550318  0.99775577  3.1393942   6.121056
  2.46578906  6.18440144  1.73130553  1.86644564  2.70519623  4.73349966
  2.62703518 -0.24004392  2.75470192  3.19432255  2.25052578  5.50517746
  3.35270717  5.7666968   1.43833062  6.18169151  0.84014856  6.90564132
  3.33498349  1.65269083  0.20375323  1.21627897  3.02549366  2.80325827
  1.60905623  2.98420699  1.43460118  2.30819441  2.74597071  3.47577826]
 ||