optimal function value: 30.655645410000005
optimal value: [0. 0. 0. 1. 0. 0. 1. 0. 0. 1. 0. 0. 1. 0. 0. 0.]
status: SUCCESS
 ||[ 0.95943702  4.70998018  2.49330241  1.86454912  1.28010173  3.92134045
  3.90936237  4.61487435  1.08264594  3.5875697   2.9721168   3.56882768
  2.69845247  4.74144571  2.82805327  5.30308552  2.38161305 -0.03502555
  2.37330674  2.74758876  2.67622254  4.83364284  3.9003457   6.31870336
 -0.01809392  3.2252936   0.02963951  6.38291044  0.04347315  3.23725302
  1.09571265  3.63628452  1.32615487  6.23194725  1.59859421  2.80150913
  0.27575107  2.21845525  2.62560352 -0.19669674  2.69373282  4.25648096
  1.44732499  1.1680137   1.04302157  3.17011933  0.98625481  2.62710747]
 ||