optimal function value: 65.76070403
optimal value: [0. 1. 0. 0. 1. 0. 0. 0. 0. 0. 0. 1. 0. 0. 1. 0.]
status: SUCCESS
 ||[ 1.3868954   6.28367819  5.11360271  4.79676495  2.25502128  1.85280965
  4.96600878  4.49169596  0.92008794  4.72358994  1.30102661  5.3850049
  1.24154584  1.76166282  4.32104918  1.6319592   0.41696385  5.14394584
  2.60353361  0.02202552 -0.62397287  3.53272565  0.1736855   6.33698675
  0.11148299  3.07373787  0.46606944  3.87704203  2.873034    2.58284294
  3.27210513  3.36075969  3.66211237  5.71765021  2.62389471  0.09726144
  1.31405687  6.20635717 -0.3014099   0.25102741  2.56031905  3.16281312
  3.37845269  1.43074062  0.31802233  5.26942503  3.08369543  0.276759  ]
 ||