optimal function value: 84.11755562999997
optimal value: [0. 1. 0. 0. 0. 0. 1. 0. 1. 0. 0. 0. 0. 0. 0. 1.]
status: SUCCESS
 ||[ 3.95298961  3.93384855  1.50043419  4.86879249  0.31997691  4.81028435
  3.93294608  1.35193121  2.43814141  4.69439738 -0.45254547  3.8898495
  1.51318341  3.81671664  1.44813884  0.28788938  1.4237674   2.37659886
  3.02226622  5.78929112  1.48548815  6.19746181  2.47269944  6.40449479
  0.34367777  3.12841087  2.23623385  4.20492901  0.12767265  0.77201232
  0.25452485  2.961522    0.86861991  6.44466693 -0.22581396  5.87421005
  2.93999259  0.16352766 -0.03578843  2.90149465  0.55760801  3.07456965
  2.34443789  1.51119218  3.11545389  0.19521345  2.89004403  4.86226921]
 ||