optimal function value: 34.534382419999986
optimal value: [0. 1. 0. 0. 1. 0. 0. 0. 0. 0. 1. 0. 0. 0. 0. 1.]
status: SUCCESS
 ||[ 4.41595831e-02  1.56186230e+00  2.89577551e+00  1.65801007e+00
  1.80006457e+00  2.19534860e+00  1.32898778e+00  4.71407317e+00
 -7.43940713e-02  2.78387919e+00 -1.62797738e+00  1.54643257e+00
  8.23564701e-01  4.59642354e+00  1.55591536e+00  1.58268384e+00
  4.68760947e+00  7.24206880e+00  1.72996682e+00  2.09756490e+00
  2.85233855e+00 -3.97701159e-01  3.44010279e+00  3.13877968e+00
 -4.20867869e-01 -4.11419369e-01 -8.85272002e-04  6.28770508e+00
  2.06152320e+00  3.39508480e+00  3.47621779e+00  3.66180041e+00
  3.02777809e+00  9.35945622e-01 -4.85905728e-02  9.66603911e-01
  2.82610912e+00  2.89603210e+00 -5.21881603e-01  3.28617690e+00
  1.57310633e+00  1.88517767e+00  3.11129967e+00  3.18886290e+00
  3.01705889e-01  2.96129179e+00  3.84096931e-01  8.87460953e+00]
 ||