optimal function value: 44.55872038000001
optimal value: [0. 0. 0. 1. 1. 0. 0. 0. 0. 0. 1. 0. 0. 1. 0. 0.]
status: SUCCESS
 ||[ 2.84289033  7.88481637 -0.27490944  0.67291095  4.21776891  4.31715961
  2.09019894  1.50116303  2.91041899  4.66239886  1.57456586  1.55080436
  2.06972472  4.22239778  2.0071119   5.99052147  3.17389483  3.1937226
  2.62666838  2.08821123 -0.28505478 -0.51258671  1.63025917  3.21516342
  2.27866179  6.22423084  1.33600403  3.20972158  0.59081925  1.66054202
  2.30432194  1.96402512  1.22981938  6.22493276  2.2290965   1.69102773
  3.14084793  6.10290493  1.85863885  6.17791613  2.12763152  4.8415353
  1.71943323  6.37139795  2.73230874  1.64241789  3.22716945  5.4498441 ]
 ||