optimal function value: 44.89361761000001
optimal value: [0. 0. 1. 0. 0. 0. 0. 1. 0. 1. 0. 0. 1. 0. 0. 0.]
status: SUCCESS
 ||[ 2.07115211  4.75464103  1.69997933  5.00960735  2.01738734  4.67881557
  1.58366726  3.4329019  -0.45517106  1.87536976  1.63467266  0.61185508
  2.51882412  1.52026113  3.05410761  7.19843111  1.93412863  6.28162498
  3.24388877  4.57486585 -0.45385478  3.28316131  3.47146147  0.96954528
  0.86053452  3.24538709  3.10727834  4.58598739  1.80300209  3.15211834
  3.96438291  5.74130047  0.7163016   0.01706736  3.07879068  4.76959731
  3.05461315  3.18667993 -0.03830708  1.55561901  0.96743571  3.23663559
 -0.03402491  5.32302968  3.92409212 -0.00908152  2.21255696  2.38600672]
 ||