optimal function value: 24.800655089999992
optimal value: [1. 0. 0. 0. 0. 0. 0. 1. 0. 0. 1. 0. 0. 1. 0. 0.]
status: SUCCESS
 ||[ 1.34394115e+00  3.44015820e+00  1.45675920e+00  4.60964509e+00
  1.32994134e+00  4.74245851e+00  7.24901811e-01  4.68293503e+00
  2.59378555e+00  4.74047304e+00  1.78042021e+00  1.80824290e+00
  1.16702347e+00  4.66679290e+00  2.87760095e+00  1.28831802e+00
  3.79888782e+00  7.69144847e+00  3.31409256e+00  3.09867266e+00
 -3.80230285e-02 -1.47504763e-01  8.28328963e-01  6.68627404e-01
  2.15073093e+00  1.40360107e+00  3.38398885e-05  2.96603562e+00
  6.33089617e-01  6.44773034e+00  1.61809070e+00  5.45818949e+00
  2.61591623e+00  6.04975910e+00  2.11695042e-02  2.97187102e+00
  2.88724190e+00  6.34897833e+00  3.13233402e+00  3.87768726e+00
 -1.72689517e-02  1.36507608e+00  4.59033738e-01 -4.59947915e-02
  2.11505089e+00  2.98659626e+00  3.54146545e+00  2.40239159e+00]
 ||