optimal function value: 23.895113699999996
optimal value: [0. 1. 0. 0. 0. 0. 0. 1. 0. 0. 1. 0. 1. 0. 0. 0.]
status: SUCCESS
 ||[ 3.60665942e+00  1.57302438e+00  4.00171959e+00  1.52601459e+00
  1.87393008e+00  1.48777765e+00  4.18840939e+00  4.56517512e+00
  3.59072118e+00  6.19916764e+00  1.89467818e-01  3.94443477e+00
  1.38735366e+00  3.72906691e+00  1.57171284e+00  1.35066296e+00
  1.99517799e+00  6.44058099e+00  3.19949648e+00  3.15004297e+00
  2.83579391e+00  3.13628612e+00  2.45269633e-01  3.10980973e+00
  3.14676296e+00 -3.25521426e-02  3.16189022e+00  3.12486480e+00
  3.13476659e+00  7.21682741e+00  3.19152571e+00  1.77234373e+00
  3.09935352e+00  6.17748282e+00  2.45854424e+00  6.33668017e+00
 -1.75619886e-03 -9.16167215e-02  7.44819246e-01  6.14228124e+00
  2.03781239e+00  4.80740059e+00  1.72921894e+00  3.91602001e+00
  2.99219207e+00  8.00682960e-02 -3.78449522e-02  1.14819789e+00]
 ||