optimal function value: 34.11246652
optimal value: [0. 0. 1. 0. 0. 0. 0. 1. 1. 0. 0. 0. 0. 1. 0. 0.]
status: SUCCESS
 ||[ 4.74714203  0.54441966  3.30151572  1.46354607  2.20330266  1.75756993
  4.68525426  4.23951935  3.89529983  7.03578919  1.69462585  3.58357673
  1.74285496  2.06914154  1.58942032  0.37489811  3.15961634  3.66727898
  2.63009592  3.22062303  2.49874765  3.34529664  0.14880081  3.98950954
  2.64041399  0.72784087  3.12466423  3.89492052  0.23674382  8.14929513
  3.1156315   2.38653339  3.50810935  7.39086375  1.76122423  6.47418943
  0.17735593 -0.02783578  0.34646259  6.50343515  2.55804917  3.91499331
  0.0256633   2.53814691  2.96663927  2.10846144  0.06607853 -0.34907614]
 ||