optimal function value: 30.655645410000005
optimal value: [1. 0. 0. 0. 0. 1. 0. 0. 0. 0. 1. 0. 0. 0. 0. 1.]
status: SUCCESS
 ||[ 3.16224949  4.79981159  1.79853779  4.54585326  0.7534495   4.89526568
  0.48157414  2.2921749   1.6429475   3.09722471  1.58899129  1.57637857
  1.0111861   2.69441242  1.31974143  4.67697152  0.75837588  0.59365449
  2.82467413  3.46183894  1.03190185  3.02312692  2.93250675  3.32279046
 -0.05391109  4.47713518  2.6492853   3.02068083  3.49928121  3.91462866
  2.87240911  5.1626082   4.12869599  6.00540556 -0.13319332  3.37713324
  2.94782773  6.11385566  0.87691838  0.80807661  3.30025583  2.78086677
  2.85214142 -0.01343383  0.50403592  4.51404824 -0.06712908  4.02830114]
 ||