optimal function value: 51.381437919999996
optimal value: [0. 0. 0. 1. 0. 0. 1. 0. 0. 1. 0. 0. 1. 0. 0. 0.]
status: SUCCESS
 ||[ 2.6249231   4.74287702  3.35169399  7.94132296  2.24896346  4.70055208
  0.22256149  4.62031639  4.77971021  5.21473666  4.37870272  1.46207562
  1.49023927  2.9985496   1.59425538  3.78459909  1.71468518  0.03076959
  1.78897404  8.75774622  3.64668422  0.24282081  4.45026075  0.44155877
  3.28046254 -0.22043662  0.66709038  6.16945128  1.85069343  1.72537244
  3.09396927  6.77680534  0.35429181  6.26529936  3.08655093  2.34074583
  0.16425554  6.21311654  3.30749297  6.68497394  2.88282318  3.53095874
  1.00919468  3.0573115   1.77382344 -0.01437924  0.05946989  4.9981499 ]
 ||