optimal function value: 65.76070403
optimal value: [0. 0. 0. 1. 1. 0. 0. 0. 0. 1. 0. 0. 0. 0. 1. 0.]
status: SUCCESS
 ||[ 1.43118516e+00  4.73126710e+00  2.69191403e+00  4.66628692e+00
  1.35300135e+00  4.61963866e+00  1.63483285e+00  4.71618604e+00
  3.50312214e+00  4.72361235e+00 -1.43434093e-01  1.59795293e+00
  4.15037988e-01  4.64541784e+00  3.37655707e+00  1.27813763e+00
  3.24120503e+00  6.22881558e+00  2.02697174e+00  3.34457958e+00
  2.20546023e-01  4.42466864e-02  3.10552335e+00 -3.41278188e-03
  1.14695008e+00  3.15136160e+00  1.46536692e+00  3.16149445e+00
  2.02119058e+00  6.28743530e+00  1.86580635e+00  3.24100893e+00]
 ||