optimal function value: 34.11246652
optimal value: [0. 0. 1. 0. 0. 0. 0. 1. 1. 0. 0. 0. 0. 1. 0. 0.]
status: SUCCESS
 ||[ 2.28257675e+00  4.66914122e+00  1.25099133e+00  1.56063387e+00
  2.28454885e+00  4.78087976e+00  1.51255573e+00  5.60444233e+00
  1.43938181e+00  5.86852550e+00  1.60201994e+00  7.67466109e+00
  4.58858550e+00  4.31644600e+00  1.66189736e+00  4.16492624e+00
  2.41616236e+00  6.27182900e+00  5.79524667e+00  3.17914203e+00
  3.81825401e+00  6.24287287e+00  3.30667067e+00  2.36271091e+00
 -5.22877478e-03  5.12197923e+00  3.25579609e+00  2.93954828e+00
 -5.03845015e-02  2.80274591e+00  3.09579213e+00 -5.21579076e-01]
 ||