optimal function value: 32.53962615999998
optimal value: [0. 0. 0. 1. 1. 0. 0. 0. 0. 0. 1. 0. 0. 1. 0. 0.]
status: SUCCESS
 ||[ 1.69760096  2.82111956  1.66523947  1.25745179  4.84877043  5.04367188
  2.25336997  1.2836513   2.07007044  3.1047151   1.11984086  5.69790507
  3.08939511  1.33067062  2.95189452  4.61959756  0.61183776  1.74431525
  2.4937274   2.84386335  3.32609483  4.92355384  0.68193769  4.9361231
  3.17769828  6.63484669  2.94266806 -0.14491751 -0.21425605  0.36651407
  2.69196044  3.03886965  2.44363761  6.0448783   0.62824824  3.98339085
  2.81093298  1.57714922  2.80824805  6.20911318  0.33439584  1.29990401
  2.03469341  1.21967877  1.56082996  6.20023848  1.84625894  3.06973772]
 ||