optimal function value: 32.53962615999998
optimal value: [0. 0. 1. 0. 0. 1. 0. 0. 0. 0. 0. 1. 1. 0. 0. 0.]
status: SUCCESS
 ||[ 1.22432764  4.79587705  2.22679448  5.24150397  3.34587431  1.51810193
  1.54853144  5.02361337  2.01691206  1.66235757  4.15657195  4.23696231
  1.60926454  3.28024683  0.56906463  1.56129386  0.81021096  6.30321073
  2.9487497   6.13526742  2.67448108  0.2445829   3.13012726  2.67428057
  1.03091557  0.20681458  2.57316485  4.1122726   3.04737381  4.23977351
  1.18270519  6.15573019  2.64788292  6.34743768  2.31915014  5.81516703
  4.18668248 -0.10074285  0.02351044  2.88180612  2.63040088  3.04160806
  2.80166293  1.25653591  2.87651211  2.2334505   1.68065775  3.26621623]
 ||