optimal function value: 23.895113699999996
optimal value: [0. 0. 1. 0. 1. 0. 0. 0. 0. 0. 0. 1. 0. 1. 0. 0.]
status: SUCCESS
 ||[ 4.33451137  4.39379286  4.05305159  6.50458043  0.38278072  4.81064806
  2.55921266  7.16791562  2.93779404  1.59981194  4.45644046  5.47275633
  1.68780516  2.33599956  4.58992818  3.71925738  0.26523169  3.12527291
  3.17890917  3.31843218 -0.13364915  6.23098825  3.10073904  3.16387516
 -0.10243065  3.12480033 -0.27975661  1.50993314  0.17714714  4.74150778
 -0.19027861  5.12837995  0.00736573  2.92258369  0.66262797  4.84794738
  4.84960203  0.16796393  1.02133236 -0.71098216  1.86671291 -0.11574751
  0.09090271  3.93634939  3.04905709  4.03245448 -0.017787    2.2081704 ]
 ||