optimal function value: 48.13067508999998
optimal value: [0. 0. 1. 0. 1. 0. 0. 0. 0. 1. 0. 0. 0. 0. 0. 1.]
status: SUCCESS
 ||[ 3.74040895  4.77199368  2.91632506  7.8096278   0.25254315  4.66323342
  2.05432091  7.74612189  2.8713527   1.64271536  2.90874803  8.06465281
  1.80944107  4.20716324  3.36227119  4.31762136  0.99817587  3.17180706
  2.00688186  1.15415495  1.73715551  5.6572357   3.58623746  2.4610836
 -1.23241112  2.55394435  2.10901138  0.65969077  0.25354135  3.024941
 -0.17701163  3.409373   -0.15220918  3.14663109  0.22708279  4.80724219
  3.25853924  0.68546063  0.16068607 -0.52992495  2.72620001  2.23194824
  0.25396443  4.09317528  2.81869056  3.98380743  0.83833483  4.32869868]
 ||