optimal function value: 24.800655089999992
optimal value: [1. 0. 0. 0. 0. 0. 0. 1. 0. 0. 1. 0. 0. 1. 0. 0.]
status: SUCCESS
 ||[ 3.39861573  4.76365162  3.84210681  7.83297973  1.63433021  4.96547614
  0.35192541  6.09249174  5.04163935  4.62746548  2.62321319  0.4540314
  1.13576051  3.04760129  1.2978287   3.51045707  0.96759     1.18720557
  2.22271091  6.99671605  3.43262953 -0.05258264  3.12600192  0.07508496
  3.1933498   3.03563819 -0.39571824  6.54738032  3.10178137  2.97854581
  3.2104574   6.20264055 -2.44251327  7.4203677   2.98675362  3.82537919
  0.3090275   5.95681568  1.18910037  8.17618653  3.42292367  3.09520036
  1.38106465  2.23646061 -0.54013072  1.83908457 -0.2858522   5.09762445]
 ||