optimal function value: 34.534382419999986
optimal value: [0. 1. 0. 0. 0. 0. 1. 0. 1. 0. 0. 0. 0. 0. 0. 1.]
status: SUCCESS
 ||[ 2.79635574  4.35672423  1.64523191  4.92401986  0.19784093  4.68366135
  4.20865111  0.67927349  1.9859846   4.74527543 -0.65190381  3.92806502
  1.53288317  4.42277992  2.12486238  0.82197256  2.25773231  2.49106397
  3.12485099  5.26124969  1.48992456  6.33893813  3.36638728  5.93467029
 -0.0471125   3.08217545  2.13126493  4.59340937  0.05495532  0.0127633
  0.25306672  3.91330146  0.54539866  7.15339692  0.08149339  5.28155612
  2.89445183 -0.03907441  0.78477686  2.51205267  0.49918937  3.13303677
  2.51875653  1.16440927  3.05765909  0.24715512  3.51614615  4.61020636]
 ||