optimal function value: 30.655645410000005
optimal value: [0. 0. 1. 0. 0. 1. 0. 0. 1. 0. 0. 0. 0. 0. 0. 1.]
status: SUCCESS
 ||[-0.48071811  4.70102658  2.04451709  4.80297355  3.13346319  1.80702278
  1.19165796  4.61005393 -0.32185283  1.48569116  3.03283608  4.67066288
  2.11477676  2.89820044  1.54081836  0.29555877  2.57104031  6.11756163
  3.49649907  6.0484632   1.57916646  1.79645354  2.83832685  5.12268769
  1.42720841 -0.04216083  2.56466731  3.07073353  2.14607662  5.26979357
  3.24397835  6.73297143  2.59474437  6.22434659  2.27405399  6.04398701
  2.9429521   1.82054784  0.05741579  0.99116942  3.46009041  3.09758691
  2.01085642  2.82384965  1.29253291  2.54810622  0.16407999  4.55778076]
 ||