optimal function value: 48.697738310000005
optimal value: [0. 0. 1. 0. 0. 1. 0. 0. 1. 0. 0. 0. 0. 0. 0. 1.]
status: SUCCESS
 ||[ 6.57647963e-01  4.67285265e+00  3.17457783e+00  4.72197267e+00
  3.78945338e+00  1.41650516e+00  1.14829119e+00  4.67026678e+00
  4.94698645e-01  1.55246789e+00  3.01753917e+00  4.58704809e+00
  2.06212295e+00  2.38979620e+00  1.49462216e+00 -4.12253919e-01
  3.24508598e+00  6.32017654e+00  2.87307568e+00  6.35092278e+00
  2.14501208e+00  1.61631851e+00  2.77766402e+00  5.33073014e+00
  2.00379797e+00  5.26325287e-02  2.61089842e+00  3.15439365e+00
  2.70662670e+00  5.80396318e+00  3.53454471e+00  6.80699753e+00
  7.51407039e-01  6.43579155e+00  1.67226740e+00  6.19093116e+00
  3.19802627e+00  1.48335771e+00  5.62143477e-03  9.64797687e-01
  3.12370011e+00  3.34965187e+00  1.93217704e+00  3.34078831e+00
  8.91803932e-01  2.69451234e+00  6.17822285e-01  3.79351374e+00]
 ||