optimal function value: 48.697738310000005
optimal value: [0. 0. 0. 1. 0. 0. 1. 0. 0. 1. 0. 0. 1. 0. 0. 0.]
status: SUCCESS
 ||[ 2.62180285  7.72714437  0.433842   -0.22918757  2.12449047  4.5381456
  2.32217103  1.3650722   1.79514525  5.27524346  2.25899798  1.51309318
 -0.02589692  2.63030426  1.63150143  6.3365255   2.66702073  3.16335159
  1.0645748   0.77742588  0.04781774  0.19553406  0.98412791  3.73628648
  2.11670796  5.40522586  1.16921487  3.14016302  0.10417813  1.2970622
  0.03367641  0.49231169  1.55163091  6.21434997  1.64774356  2.18236116
  2.82438031  6.31011355  2.32124088  6.4751035   1.75375238  4.37151204
  2.43752642  6.13782763  4.44935971  2.47318183  3.01321282  4.97358797]
 ||