optimal function value: 61.570007299999986
optimal value: [1. 0. 0. 0. 0. 0. 1. 0. 0. 0. 0. 1. 0. 1. 0. 0.]
status: SUCCESS
 ||[ 3.59200942  4.6880249   2.08160544  5.54565837  1.36983087  5.09881854
  3.99697737  8.18890621  3.43878053  1.07021035  4.09849934  7.71050531
  2.33635833  1.99969191  4.36075296  3.11171021 -0.70753365  3.14350079
  3.63289723  2.59474921  0.06583802  5.56371126  2.31065059  3.33806177
  0.01175535  3.16079232  0.34608161  0.34317341 -0.39754524  3.36104916
  0.29506756  4.06695917  1.14271603  2.98788913 -1.0165768   3.74732897
  3.01911284  0.97406192 -0.02136277 -0.93751129  0.74365063  0.56933855
 -0.34753281  3.51028524  3.48849837  2.81083235  0.5329312   3.62201876]
 ||