optimal function value: 65.76070403
optimal value: [1. 0. 0. 0. 0. 0. 0. 1. 0. 0. 1. 0. 0. 1. 0. 0.]
status: SUCCESS
 ||[ 1.60057875e-01  3.40261331e+00  1.48747164e+00  4.64701447e+00
  1.52303688e+00  4.67124301e+00 -2.85183200e-01  4.67619425e+00
  2.42618808e+00  4.77447181e+00  9.98255382e-01  1.87894371e+00
  1.45917123e+00  4.48542950e+00  4.03779481e+00  1.24085163e+00
  3.54917679e+00  9.07283422e+00  3.12775177e+00  2.78075676e+00
 -6.78473124e-02 -3.35980543e-01  1.88916267e+00  3.28918245e-01
  2.25632485e+00  1.15530574e+00 -8.58765172e-01  2.33881501e+00
 -2.32581730e-01  5.55244915e+00  2.61592437e+00  5.61624766e+00
  1.54305421e+00  4.48749011e+00  1.76874600e-02  2.65063915e+00
  3.08478723e+00  6.67110658e+00  3.11604273e+00  3.56985913e+00
 -3.31140884e-03  1.16789798e+00  6.51176624e-01  5.58135352e-01
  3.35927132e+00  3.22805644e+00  3.23797298e+00  2.06805590e+00]
 ||