optimal function value: 34.11246652
optimal value: [0. 1. 0. 0. 0. 0. 1. 0. 0. 0. 0. 1. 1. 0. 0. 0.]
status: SUCCESS
 ||[ 2.6893609   4.22905757  1.28945627  4.9487396   0.71395794  4.65587705
  3.13404882  1.02672118  3.16251117  4.70359759 -0.38553788  2.44562004
  2.16624853  4.89906794  1.59642175  0.85780505  1.89098733  1.61341876
  3.69149764  5.67124802  1.40081719  6.29574204  2.21079476  5.58519517
 -0.23681562  3.17809157  1.73371976  5.03916339  1.21729616  0.60488158
  0.34516074  1.79371316  0.59494547  6.07938066  0.2163384   5.87361318
  2.18198347  0.17054647  2.17568976  2.42673165 -0.59169466  3.1220373
  2.5276829   2.10774431  2.47329041  1.60901742  2.79513654  5.74230823]
 ||