optimal function value: 32.53962615999998
optimal value: [0. 0. 1. 0. 0. 0. 0. 1. 0. 1. 0. 0. 1. 0. 0. 0.]
status: SUCCESS
 ||[ 1.42555424  6.68996278  1.33707825  4.37029654  1.44590703  1.48001221
  4.18302002  0.80491576  2.09980271  4.14022041  1.4383524   4.42124655
  1.45711359  4.75714333 -0.18832764  1.55013198  0.31276455  1.05766978
  1.37050532  6.54227226  1.01027776 -0.09237546  0.30201069  6.29922221
  0.32199037  3.9062764   0.93066163  3.67350793  1.47926985  4.36294702
  1.32649391  3.54994917  3.47258861  3.6042669   1.54287801  0.02872597
  4.42935465  3.28706742  0.23979545  6.91796225  2.79870343  4.24158085
  2.48482752  3.27974402  1.85341504  5.78334964  0.29079875  5.80342066]
 ||