optimal function value: 24.800655089999992
optimal value: [0. 0. 1. 0. 0. 0. 0. 1. 1. 0. 0. 0. 0. 1. 0. 0.]
status: SUCCESS
 ||[ 1.73462759e+00  2.67492286e+00  1.66916586e+00  2.17624334e+00
  3.85115745e+00  4.84295944e+00  2.05257875e+00  1.31509706e+00
  2.02525596e+00  3.65536671e+00 -5.30397085e-01  5.90360625e+00
  2.45704075e+00  1.32440452e+00  2.78873484e+00  4.39575036e+00
  1.01902312e+00  1.95751172e+00  3.32171374e+00  2.61923720e+00
  2.69416530e+00  6.22475417e+00  8.33455267e-01  5.94034923e+00
  3.02776263e+00  6.30528415e+00  3.13819803e+00 -8.64357926e-02
  8.56485807e-02 -2.58844043e-03  3.32087649e+00  3.14941396e+00
  2.30321470e+00  6.06623890e+00  2.63458469e+00  5.30527859e+00
  2.57297798e+00  2.43921458e-01  3.51090267e+00  5.90157366e+00
  2.43129571e+00  1.13253531e+00  2.00008810e+00  1.06776843e+00
  2.14344611e+00  6.05870141e+00  1.06091376e+00  2.77482945e+00]
 ||