optimal function value: 32.53962615999998
optimal value: [0. 0. 0. 1. 0. 0. 1. 0. 1. 0. 0. 0. 0. 1. 0. 0.]
status: SUCCESS
 ||[ 2.82056136  7.83774241  0.39615983  1.1399581   1.74214971  4.34066907
  0.98289531  1.71852175  1.77738806  5.294023    2.42478437  1.56517551
  1.97775736  5.21143341  2.53273054  6.8579235   2.97373904  3.10714504
  2.09327578  3.49892264  0.1210452  -0.45605056  2.03971771  3.15353722
  3.01175592  5.66921853  1.96257554  3.2352842   0.24948974  0.48148851
  0.15445632  0.16088575  1.41503311  6.43083563  2.25127603  2.53221149
  3.28730788  5.58607069  3.23850891  6.18491683  3.51312803  5.77794162
  1.99014523  6.30089047  3.29169756  2.48058339  2.28290406  4.22291905]
 ||