optimal function value: 30.655645410000005
optimal value: [0. 0. 1. 0. 0. 0. 0. 1. 1. 0. 0. 0. 0. 1. 0. 0.]
status: SUCCESS
 ||[ 1.40587227  7.26309957  1.18374418  4.28115918  1.74312477  1.48990223
  3.29846443  1.33693837  1.72599457  4.68804652  1.20927565  4.17233126
  1.35527197  4.75587719  0.05775183  1.65047824 -0.17656338  0.69966905
  1.3529174   6.79007645  0.72930592 -0.15023745  1.56655989  6.50584475
  0.82295681  4.2997056   0.43478564  3.77422785  0.92216349  5.05939257
  1.68476271  3.6841453   3.10996058  3.31628756  1.69073038  0.14090567
  3.69451291  3.05103925 -0.04375533  6.40299073  2.57082542  4.96467921
  3.1858101   3.05438205  0.97666014  5.41489545 -0.01510428  5.89403553]
 ||