optimal function value: 85.74198708
optimal value: [0. 0. 0. 1. 0. 1. 0. 0. 0. 0. 1. 0. 1. 0. 0. 0.]
status: SUCCESS
 ||[ 1.42248106e+00  4.72848699e+00  1.79926073e+00  3.68766448e+00
  1.51823417e+00  5.36021001e+00  7.78399965e-01  1.99681371e+00
  1.56074831e+00  2.74577596e+00  1.25973971e+00  2.25709794e+00
  1.50283750e+00  4.16142380e+00  1.63900629e+00  5.79062568e+00
  1.47768743e+00 -1.56596311e-02  2.85938601e+00  1.57452517e+00
  1.20150189e-01  3.46164103e+00  3.00337553e+00  3.08389027e+00
 -5.78480461e-03  4.09145836e+00  3.24802797e+00  2.47984318e+00
  2.05073013e+00  3.47308547e+00  3.13476320e+00  5.08104195e+00
  1.76508045e+00  6.27193372e+00  2.39742888e-01  3.45427229e+00
  3.28645269e+00  7.13906770e+00  7.39562743e-01  2.56054143e-01
  3.11281259e+00  2.06749980e+00  3.39791467e+00  1.53782156e-01
  2.55628833e+00  3.34948085e+00  5.42755803e-02  2.24989818e+00]
 ||