optimal function value: 84.11755562999997
optimal value: [1. 0. 0. 0. 0. 0. 0. 1. 0. 1. 0. 0. 0. 0. 1. 0.]
status: SUCCESS
 ||[ 4.26702548  0.0454208   2.97350306  1.36312679  2.77932929  1.55478864
  4.30248947  3.71295029  4.47022882  6.91354957  1.80536115  3.27465074
  3.90430899  3.56216769  1.07650707  0.32975812  3.61015324  6.00523428
  3.19236116  3.1165887   2.72763071  3.09461303  0.84228017  4.57481496
  2.53705144 -0.05055969  3.10292165  3.14599305  3.2202179   6.11209015
  3.30007925  2.25993582  3.90346165  7.63785593  1.60750375  6.5477569
 -0.80047011  0.37193177  0.89619196  6.5335296   1.06360354  4.02524678
  0.24368398  4.10732231  2.35648124  1.15604018  0.92496496 -0.35158349]
 ||