optimal function value: 23.895113699999996
optimal value: [0. 0. 0. 1. 0. 1. 0. 0. 1. 0. 0. 0. 0. 0. 1. 0.]
status: SUCCESS
 ||[-0.29229437  0.78155501  1.25687955  2.65563669  1.44125317  1.49603153
  4.96352612  5.07584055  3.00280601  1.57644986  1.76156627  3.19724429
  1.60679958 -0.4010039   1.4527734   5.18348927  3.24128707  6.50871601
  3.19992314  1.24370978  0.14989275  6.40582311  3.29206351  5.1494671
  4.40931566  0.46732533  3.01503871  3.62163812  3.06491498  2.10038679
  2.30867612  0.51354054  1.92535544  4.00011373  0.42259709  2.31297582
  3.26117394  5.83024158  3.21424609  4.88320827  2.46935412  2.74237121
  0.35825487  4.11331066  0.04694992  3.01472924  2.08870664 -0.21731565]
 ||