optimal function value: 32.55298180999998
optimal value: [0. 1. 0. 0. 0. 0. 0. 1. 1. 0. 0. 0. 0. 0. 1. 0.]
status: SUCCESS
 ||[ 1.53528056e+00  4.53827861e+00  1.60716437e+00  2.22374575e+00
  1.55430348e+00  4.74523926e+00  6.76322455e-01  4.53741725e+00
  1.10191235e+00  4.64503652e+00  2.26038651e+00  7.85274167e+00
  4.13787514e+00  4.70803367e+00  1.94265832e+00  6.98188224e+00
  3.14693515e+00  3.20442429e+00  3.21119661e+00  2.46541932e+00
  3.05966474e+00  6.22812655e+00  3.94052399e+00  3.22835418e+00
  4.75325037e-01  6.30741335e+00  3.78883307e+00  3.09402768e+00
 -6.28479105e-01  5.25887662e-03  5.01050374e-01  2.23063345e+00]
 ||