optimal function value: 30.655645410000005
optimal value: [1. 0. 0. 0. 0. 0. 0. 1. 0. 0. 1. 0. 0. 1. 0. 0.]
status: SUCCESS
 ||[ 1.23742852  4.63528505  2.19528435  4.51030435  0.72265282  4.69366556
  0.38528641  4.81698511  3.23651598  4.89644666  1.00324716  1.81866777
  1.46290674  4.68617674  2.67620706  1.43791279  3.42974988  7.21218287
  2.79962213  3.09227893  1.13256688  0.34163611  1.26969475  1.25243868
  1.28467538  1.82028886 -0.44879252  2.91805315  0.80627566  5.24865521
  1.0592568   4.71145182  0.98610558  5.21515676  1.66792583  3.02455124
  3.48696058  5.81762012  3.0710225   4.12959077 -0.18361444  1.87085917
  1.46352959 -0.25485697  2.06412162  3.95643188  3.15591948  1.6802595 ]
 ||