optimal function value: 23.895113699999996
optimal value: [0. 1. 0. 0. 0. 0. 0. 1. 1. 0. 0. 0. 0. 0. 1. 0.]
status: SUCCESS
 ||[ 1.52388571e+00  1.47154567e+00  3.05899461e+00  1.54159012e+00
  1.76007438e+00  4.15863570e+00  1.49604585e+00  4.57990378e+00
 -5.44825316e-01  4.49481284e+00  1.62145212e+00 -3.03239208e-02
  1.40848230e+00  6.04299521e+00  1.70514415e+00  1.82950788e+00
  2.98526439e+00  6.44079330e+00  1.61599305e+00  3.26886827e+00
  3.41695852e+00  5.74617107e-01  3.41696033e+00  2.88688009e+00
  2.00250098e+00  1.82018083e-03  2.37043117e+00  4.75491149e+00
  2.32232826e+00  4.77229948e+00  2.65869093e+00  3.24681218e+00]
 ||