optimal function value: 65.76070403
optimal value: [0. 1. 0. 0. 1. 0. 0. 0. 0. 0. 0. 1. 0. 0. 1. 0.]
status: SUCCESS
 ||[ 2.13904928  3.41369419  1.47071141  1.41597325  1.08402887  1.6675625
  2.44551999  4.59389926  4.29795904  4.178175    1.54092432  4.80215276
  1.24995809  4.67346469  1.94105457  5.5014761  -0.59750934  5.38143922
 -0.26989498  3.79349233  3.91415779  3.03263664  3.60704618 -0.1574833
 -0.44654318  5.86691369  1.40334562 -0.14975096  2.96665918  6.55496791
 -0.8889281   1.49373341  2.47000947  1.66828284  2.40760905  0.33591504
  2.9286213  -0.01450649  0.37636978  6.27309769  0.84466729  4.40341178
  1.82402033  3.75013843  0.40396338  0.24850918  1.39636967  6.92476307]
 ||