optimal function value: 44.55872038000001
optimal value: [0. 0. 0. 1. 0. 0. 1. 0. 1. 0. 0. 0. 0. 1. 0. 0.]
status: SUCCESS
 ||[ 1.63108901  2.49751437  1.70206719  1.79519643  4.42602246  5.88424577
  2.48653834  1.32519047  1.70176096  3.73140495  0.70703062  5.95047407
  3.55922828  1.23348203  3.17727894  4.6253692   0.74410237  1.98783166
  2.64942012  2.4928716   3.01649282  5.21628659  0.92028087  4.97493502
  3.0181041   6.19002061  3.20646857 -0.14892816 -0.12405943  0.27638649
  2.38167649  2.98596954  2.24673736  6.00370055  1.3458036   4.8646682
  2.52735057  1.69061056  2.97862714  4.64533501  1.97450453  1.20176148
  1.21667927  1.22604427  1.01327184  6.16918398  2.40765809  3.03601819]
 ||