optimal function value: 34.534382419999986
optimal value: [0. 0. 1. 0. 0. 0. 0. 1. 0. 1. 0. 0. 1. 0. 0. 0.]
status: SUCCESS
 ||[ 1.54778067  3.37382261  1.67113935  3.26749179  1.95239693  4.41799082
  1.38168708  3.77713768  0.21581674  2.29283377  1.58478215  0.18655599
  1.85078681  1.58390881  3.58255521  7.41032103  2.06601186  7.57599726
  3.11996343  5.98149722 -0.09392861  3.04820392  2.97138726  2.90944386
  2.90614161  3.14735401  3.09625779  4.59058683  1.63480312  3.23898943
  3.18181943  6.18074516  0.98015872  0.09895141  3.13722628  4.54847105
  3.49372126  2.73447206  0.2280434   1.00838338  1.27106065  2.48908575
 -0.02999153  6.0128936   4.1858668   0.01557728  2.05814655  2.49069616]
 ||