optimal function value: 85.74198708
optimal value: [0. 0. 0. 1. 0. 1. 0. 0. 0. 0. 1. 0. 1. 0. 0. 0.]
status: SUCCESS
 ||[ 3.09818169  4.70671779  3.42540839  7.9959388   1.51734776  4.67308696
 -0.13504285  4.04727268  4.82494813  4.02648692  1.63668333  1.29609175
  1.91842866  2.12515612  1.68510589  4.29752983  1.60091593  0.46859872
  1.72928059  6.52733588  3.58013769  0.08929767  3.30915199  0.16201942
  2.92749189  2.59792853 -0.3258184   6.33035303  1.88154297  2.44603201
  3.26797744  7.56842104 -0.33820064  6.53239541  3.31648327  4.32574083
  0.70469738  4.10311742  1.70955704  7.79878906  2.92661923  3.11229371
  0.64899365  3.12793358  1.99379609  0.42868622  0.08604689  4.60262347]
 ||