optimal function value: 65.76070403
optimal value: [0. 0. 1. 0. 0. 0. 0. 1. 1. 0. 0. 0. 0. 1. 0. 0.]
status: SUCCESS
 ||[ 1.71620968  4.14666223  1.69078477  3.84672982  1.54414704  5.45924048
  0.46095263  3.42683902 -1.69643996  3.62489144  1.47331249 -0.84998818
  3.30745824  1.6851224   3.6498941   7.48756958  2.13307901  7.02055829
  3.0926642   5.75034093 -0.02139878  3.12974361  3.02494151  2.88367885
  3.20342608  2.39478431  3.15827831  4.34772945  1.37926284  3.13357052
  3.50583102  6.00951578  0.91523745 -0.25907544  2.982781    4.82313439
  3.09963986  4.093562    0.99760841  1.21454179  0.02555336  3.3900834
  0.13109689  4.44550967  1.98682649 -0.04251679  2.13428251  2.64237314]
 ||