optimal function value: 32.53962615999998
optimal value: [0. 0. 1. 0. 0. 0. 0. 1. 0. 1. 0. 0. 1. 0. 0. 0.]
status: SUCCESS
 ||[ 2.68617189  4.93337639  1.47067918  1.11287632  1.6958787   2.39132526
  1.55959482  6.03206681  4.05645979  3.85403891  1.57056981  5.8375541
  1.59995207  4.00754363  1.60331156  6.73315678 -0.47829292  5.28286047
  0.10730553  3.56091495  0.67473279  2.4114145   2.31014383 -0.1432337
  0.11123274  6.62808432  0.74863566  2.01511259  2.63263585  6.57075451
  0.01685388  2.54402046  2.08679754  1.75947618  3.66090462  0.15342875
  2.3300789   0.10390367 -0.22614047  4.75214562  0.69200494  4.36694984
  2.98157679  3.17745327  2.60279497 -0.19911187  3.08033659  6.69269638]
 ||