optimal function value: 23.895113699999996
optimal value: [0. 0. 1. 0. 1. 0. 0. 0. 0. 1. 0. 0. 0. 0. 0. 1.]
status: SUCCESS
 ||[ 1.88854244  4.01470238  1.4991562   1.40328408  1.8900259   2.42681835
  1.69799535  4.57001038  4.04323315  4.66249992  1.42948147  4.50849319
  1.08163828  4.51649964  0.83463653  7.24363402 -0.27728421  5.17167739
 -0.04897633  3.89000098  2.9730865   2.71401063  3.04022356  0.13347688
  0.32928379  6.10036387  0.56915321 -0.07662696  2.51008872  6.3250178
  0.54633798  3.33426841  2.99187975  1.74067671  3.45380467  0.65330864
  2.96953519 -0.41451517  0.18645158  6.14494358  0.30764101  3.12366774
  2.69671219  4.00061798  1.29857121 -0.1864146   4.82358143  6.78501654]
 ||