optimal function value: 23.895113699999996
optimal value: [0. 0. 0. 1. 0. 1. 0. 0. 0. 0. 1. 0. 1. 0. 0. 0.]
status: SUCCESS
 ||[ 2.80942725  4.94053642  1.64105675  1.01608797 -0.52341258  4.70941889
 -0.30499856  4.88303571  1.51063636  5.65870548  1.61394674  6.54529095
  4.42333015  1.87249434  1.71582945  4.46370926  0.12433248  3.12500168
  3.28046195  3.44583085  3.46657252  3.37752337  1.9780088   2.34223613
  0.0721997   4.65079832  3.67762476  1.67211355 -0.13116678  0.16290663
  0.86054307  2.89525511  4.40586123  3.28384369  0.02203517  3.82686263
  2.51893601  6.09362151  2.97555274  3.96732454  2.64307847  5.55672976
  2.52078225  6.34819305 -0.86982381  2.39665544  1.85716715  2.81509963]
 ||