optimal function value: 51.381437919999996
optimal value: [1. 0. 0. 0. 0. 0. 0. 1. 0. 0. 1. 0. 0. 1. 0. 0.]
status: SUCCESS
 ||[ 0.8297575   3.01535005  1.57957966  4.47227002  1.54673221  4.73050923
  0.89403581  4.76362782  2.99480443  4.71070818 -0.07704097  1.62977015
  1.04278091  4.75983199  2.85832541  1.33789653  4.43529939  8.05517106
  3.19529272  2.97265524  0.14717051 -0.38301649  0.68788111  0.52163264
  1.7327848   3.25747914 -0.65078175  3.15069192  1.63643328  6.01837362
  1.23603191  4.49632729  1.63454622  5.55398117  0.07713556  2.86557624
  3.14757695  6.7486069   2.99238607  3.82251376  0.11951497  3.17173284
  1.13555469  0.07452571  0.92992233  2.81866453  3.46540173  1.51113508]
 ||