optimal function value: 23.895113699999996
optimal value: [0. 0. 0. 1. 0. 1. 0. 0. 1. 0. 0. 0. 0. 0. 1. 0.]
status: SUCCESS
 ||[ 1.86909207  4.33890972  4.74279172  4.29940209  4.56149799  4.79119781
  1.28279367 -0.48206023  0.47956616  1.5496082   2.5127921   1.69040622
  1.84585636  1.39022331  3.02081704  7.23335824  2.07092328  5.65188847
 -0.3199015   7.20735645  3.00261805  0.281372    3.17594009  2.89217804
  2.83565733  1.398975    2.23782737  4.0759825   2.85014717  2.64798432
  2.02529435  7.55177153  0.92485605  6.59953389  0.41971283  3.60048941
  3.12960169  6.86538338 -0.66755932  2.39010127  0.74803675  4.437619
  0.28472648  5.12602972  0.12569893  6.6591959   4.16484315  2.1017718 ]
 ||