optimal function value: 30.655645410000005
optimal value: [0. 1. 0. 0. 1. 0. 0. 0. 0. 0. 0. 1. 0. 0. 1. 0.]
status: SUCCESS
 ||[ 4.10530061  4.82715962  2.18710791  4.66935841  2.73030107  4.6647105
  1.41253637  7.57753559  3.10424681  0.18425037  2.11685336  7.87621528
  1.55692624  1.58926766  5.23096454  1.20833964  0.39879427  2.10458613
  2.51305437  1.05304409  1.85904088  5.00913301  2.95506351  3.13258718
 -0.16258916  2.96220547 -0.17262013  0.41697782 -0.02364525  6.493988
 -0.47390889  4.52511002 -0.15097285  1.16873233 -0.04436826  5.24697077
  3.30120403  1.23137142 -0.01301117 -0.28391573  1.697727    1.33444612
  0.56575438  2.8127831   3.15972447  3.3782611  -0.08819865  2.28982903]
 ||