optimal function value: 34.11246652
optimal value: [0. 0. 1. 0. 0. 0. 0. 1. 1. 0. 0. 0. 0. 1. 0. 0.]
status: SUCCESS
 ||[ 1.69962041  3.5732669   1.66548825  4.533339    1.05668111  4.75246621
  1.03001882  4.38877312  2.46866188  6.19064541  1.46398356  1.66942258
  2.47691087  4.58428771  3.33573866  1.45323038  1.95166263  7.50742015
  1.05246161  3.36903572 -0.7139506  -0.12980979  2.13392912  0.28593364
  2.62692344  0.69852848 -0.06774364  2.84692208  1.28827762  6.25939267
  1.76354844  5.12248805  1.03997075  6.15392507  1.2620708   3.03846109
  1.95926586  6.25060352  1.55394754  3.30116597  2.14624422  1.91466838
  3.04178236  0.09973817  2.69713232  3.12407222  3.33918271  1.91180236]
 ||