optimal function value: 60.521521639999975
optimal value: [0. 0. 1. 0. 0. 0. 0. 1. 0. 1. 0. 0. 1. 0. 0. 0.]
status: SUCCESS
 ||[ 2.35900093e+00  4.27476901e+00  1.60773263e+00  4.53353438e+00
  1.59160588e+00  4.81177488e+00  1.12909415e+00  3.65332687e+00
  7.67201798e-01  2.45909922e+00  1.53374733e+00  2.78338191e-01
  1.66727470e+00  1.75609731e+00  4.06098469e+00  7.62704225e+00
  1.70531045e+00  6.85995738e+00  3.29925117e+00  5.49557143e+00
  6.84289607e-02  3.22967160e+00  3.30211358e+00  2.82636283e+00
  2.71940911e+00  2.98525890e+00  3.36790348e+00  4.26217262e+00
  1.53817642e+00  3.20257239e+00  3.11988366e+00  6.20045258e+00
  8.09227611e-01 -2.70690267e-01  2.89859731e+00  5.32755545e+00
  3.15849325e+00  3.18325990e+00  2.69097059e-01  1.54113973e+00
  4.91016845e-01  2.46267909e+00 -2.38960060e-01  6.00652422e+00
  4.71781932e+00  6.34319308e-03  2.45509080e+00  2.66064134e+00]
 ||