optimal function value: 44.55872038000001
optimal value: [0. 1. 0. 0. 1. 0. 0. 0. 0. 0. 1. 0. 0. 0. 0. 1.]
status: SUCCESS
 ||[ 2.54686949e+00  4.30032916e+00  2.47431386e+00  4.83459450e+00
  1.54327258e+00  6.35019030e+00  1.65484224e+00  1.53744042e+00
  1.40796212e+00  2.49361870e+00  1.68240672e+00  2.16735302e+00
  1.54826193e+00  1.07275410e+00  1.38173925e+00  4.46158156e+00
 -5.32685761e-02 -1.28762254e-01  2.21877379e+00  3.04200035e+00
  1.92296101e+00  4.66112473e+00  2.63089184e+00  3.35516318e+00
  1.82622466e-01  4.51019285e+00  3.23602243e+00  2.54870775e+00
  3.15850889e+00  1.80954666e+00  2.76479429e+00  4.65583369e+00
  2.09586878e+00  6.67754354e+00  1.79240230e-01  3.33884616e+00
  1.89511936e+00  6.21487050e+00  6.17695309e-01  3.44139237e-01
  3.32223694e+00  2.34658522e+00  3.19400247e+00  6.17225916e-02
  6.04020726e-03  2.60731044e+00  1.57800117e-01  4.49288089e+00]
 ||