optimal function value: 48.697738310000005
optimal value: [0. 1. 0. 0. 0. 0. 1. 0. 0. 0. 0. 1. 1. 0. 0. 0.]
status: SUCCESS
 ||[ 3.26938113  4.55970368  2.22881003  4.73340113  0.55874229  4.68079541
  3.62261077  0.72718162  4.17853502  4.05048533 -0.16794135  4.23325551
  2.12247609  4.67366077  1.67024765  0.79413745  1.63635234  2.40021919
  2.51548266  5.62551782  1.18999602  6.28097848  3.29828443  6.51625127
  0.01311084  3.04653508  2.93516729  3.67280946  2.24273159 -0.02052853
 -0.15270981  2.38120694  0.25385284  6.70927018 -0.04284754  5.54206392
  2.95489246 -0.26556318  1.4264138   2.55109941 -0.6219627   2.48706997
  1.99468961  1.07516362  2.81559848 -0.15823254  3.25923278  6.32409634]
 ||