optimal function value: 32.53962615999998
optimal value: [1. 0. 0. 0. 0. 1. 0. 0. 0. 0. 0. 1. 0. 0. 1. 0.]
status: SUCCESS
 ||[ 0.95772379  0.24018958  1.4804018   0.42582664  1.63960919  3.33443619
  4.59724013  4.43359877  2.1125688   2.09810497  2.27476512  2.71448387
  1.65904303  2.22918056  1.82543697  6.46755787  2.12428915  5.167622
  3.64232607  1.01174583  0.4254355   5.47705404  3.37920417  5.35727085
  3.99267448  0.06570879  2.97170252  3.94382142  3.04713655  2.10519705
  1.31514003  1.57995638  2.77101684  5.01771694  1.32774042  3.28708305
  3.70164913  3.09883783  2.71672586  5.29405298  0.86219246  2.38436685
  1.01255296  2.63199279 -0.11838054  1.25745817  2.46419454  0.26190242]
 ||