optimal function value: 24.800655089999992
optimal value: [0. 0. 1. 0. 0. 0. 0. 1. 1. 0. 0. 0. 0. 1. 0. 0.]
status: SUCCESS
 ||[ 3.10068732  7.83241128  0.20915221  0.17948867  1.57660851  4.60733401
  0.93256759  2.68241406  1.54169988  5.12393937  2.00863902  2.01668807
  1.53285528  4.56599338  2.32810343  7.41018366  2.67360467  3.23087039
  1.56182022  1.37729964  0.01631005  0.10531533  0.91814755  2.37095191
  2.68607405  5.83960834  1.54373159  2.59378382 -0.21875406  0.13292459
  0.42556254  0.48957141  1.98336876  6.33372775  1.19642202  1.69414936
  3.13065197  6.47630522  1.78747255  3.98398336  3.58937517  6.0525839
  1.92229201  6.44462704  3.42054817  3.12904618  2.65897963  4.07569716]
 ||