optimal function value: 65.76070403
optimal value: [0. 0. 1. 0. 0. 0. 0. 1. 1. 0. 0. 0. 0. 1. 0. 0.]
status: SUCCESS
 ||[ 1.61168233e+00  7.22800913e+00 -2.17020251e-01  4.72586879e+00
  1.20765851e+00  1.64565960e+00  3.57837771e+00  1.76211815e+00
  2.06148773e-01  4.71688511e+00  1.36549063e+00  4.43906277e+00
  1.38857904e+00  5.02928086e+00 -1.00038443e+00  1.36745719e+00
  9.25107647e-02  1.17047975e+00  1.04834403e+00  6.14853900e+00
  4.66185623e-01 -4.27745787e-03  5.61417232e-01  5.86740394e+00
  2.08334136e+00  3.60749470e+00  5.49793759e-01  3.46022788e+00
  1.84784044e+00  3.52745360e+00  1.28496610e+00  3.50466526e+00
  3.13398420e+00  4.45912182e+00  2.84312186e+00 -1.18689515e-01
  3.98492282e+00  3.03610180e+00  5.74561317e-01  6.74584042e+00
  3.16538666e+00  3.69921496e+00  2.82164832e+00  3.30808387e+00
  1.53969657e+00  6.29025408e+00  6.29986608e-01  6.10865578e+00]
 ||