optimal function value: 37.817205
optimal value: [0. 0. 0. 1. 0. 1. 0. 0. 0. 0. 1. 0. 1. 0. 0. 0.]
status: SUCCESS
 ||[ 1.40984909e+00  4.98303842e+00  2.01826946e+00  2.18627461e+00
  1.62935137e+00  3.42575097e+00  3.29543690e+00  4.77461168e+00
  1.05986530e+00  4.39831559e+00  2.17715553e+00  3.14551832e+00
  3.01000373e+00  4.72226183e+00  2.76153392e+00  5.00842967e+00
  2.21095065e+00 -2.68328190e-01  2.01425679e+00  2.94824072e+00
  3.15157476e+00  4.22922364e+00  4.22677362e+00  6.19466614e+00
  4.87883810e-01  1.88252543e+00  5.68163379e-03  6.69947723e+00
  2.20149384e-01  3.28518065e+00  1.18953951e+00  3.55568730e+00
  1.11707034e+00  6.28848038e+00  1.32368617e+00  2.61568532e+00
  1.03653296e-01  2.33723532e+00  1.93439215e+00  6.22608648e-02
  3.08611531e+00  4.77486786e+00  3.41646772e-01  1.44497895e+00
  1.70277449e+00  3.31511900e+00  8.28376173e-01  2.66914350e+00]
 ||