optimal function value: 34.11246652
optimal value: [0. 0. 0. 1. 1. 0. 0. 0. 0. 1. 0. 0. 0. 0. 1. 0.]
status: SUCCESS
 ||[ 1.1415396   4.69198527  3.32408996  5.00141122  0.87207769  0.84166091
  1.68951347  0.64116126  4.60282454  1.42150157  3.02428018  1.65322483
  2.95959041  3.52322083  1.36471795  4.52441752 -0.13246843  2.80220991
  1.64111704  7.03421965  2.51951588  4.83248372  2.92016407  5.69825931
  2.73986093  4.83123104  1.56044018  6.3635735   1.54761565  4.47386037
  0.61596999  2.79114452  2.38451613  2.63030054  0.55418905  2.19643222
  1.51492457  5.18470358  5.2512873   3.53848924  3.79877553  4.91652641
  0.15091538  3.11921396  2.03521824  1.87616695 -0.15426993  2.92713296]
 ||