optimal function value: 23.895113699999996
optimal value: [0. 0. 0. 1. 0. 1. 0. 0. 0. 0. 1. 0. 1. 0. 0. 0.]
status: SUCCESS
 ||[ 2.02568681  4.64698     1.53806512  1.58591462  1.32131702  4.12460355
  2.6301218   4.69982005  0.65949572  3.44988502  2.40358248  3.42971264
  3.68953885  4.62781937  2.65908548  4.98924699  2.3418953   0.13405043
  2.33470508  3.09238541  2.82828561  4.75189925  5.10548118  6.24148511
  0.07870833  3.01485739 -0.02994349  6.41952883  0.05317858  3.04064382
  1.21539657  3.52116602  0.30292589  6.19703701  0.79994103  3.24984446
 -0.0797246   1.51648679  2.67881443  0.02195537  2.16914564  4.53829756
  0.92096406  1.40579492  2.26712306  3.26341513  0.79862397  2.60618531]
 ||