optimal function value: 24.800655089999992
optimal value: [0. 0. 0. 1. 0. 0. 1. 0. 0. 1. 0. 0. 1. 0. 0. 0.]
status: SUCCESS
 ||[ 0.6234604   4.75823943  3.02663043  4.71318081 -0.35825106  0.53608604
  1.46099554  1.20043066  4.01869013  1.43513468  2.54848769  1.64330574
  1.71395834  3.7400595   1.7677634   4.95947144  0.9148863   2.62611785
  1.6897346   6.29700719  2.23997045  5.5160594   3.30639888  6.23768889
  3.11280861  3.37769239  2.0712303   5.80770981  3.23692439  4.46513054
  2.55451676  3.32035241  3.08930479  2.65372874 -0.07757098  2.72056535
  1.40089632  4.12749602  3.139454    3.43843879  2.47993487  3.689974
 -0.14617641  3.55443504  3.05821837  2.66970116  0.47276209  3.25250781]
 ||