optimal function value: 61.570007299999986
optimal value: [0. 0. 0. 1. 0. 1. 0. 0. 0. 0. 1. 0. 1. 0. 0. 0.]
status: SUCCESS
 ||[ 2.69125926  4.9253541   1.92414375  0.82283593 -0.64698599  4.60733596
  2.45790996  5.61102761  1.50021599  5.71043525  1.36684555  6.86650765
  4.1978589   1.85270018  3.71585389  4.42161977  0.40180467  3.05636242
  3.39314571  4.07872837  3.81699941  3.08231605  4.15852466  2.43676603
  0.14442337  4.29594889  3.24956846  2.61405031 -0.64987275  0.22153455
  2.77605662  2.98319614  4.55713929  3.2276339  -0.10890802  4.59792528
  2.37270314  6.22419446  4.59391174  3.74243673  3.47617306  5.24040108
  2.39597675  5.85881941  2.08774372  3.52214227  2.58420337  2.68045215]
 ||