optimal function value: 48.13067508999998
optimal value: [0. 0. 1. 0. 1. 0. 0. 0. 0. 0. 0. 1. 0. 1. 0. 0.]
status: SUCCESS
 ||[ 3.33941362  4.77388871  3.21649041  6.89890794 -0.3037863   4.73763612
 -0.16232719  4.71700601  4.65069646  3.73730695  1.69268307  0.78943669
  1.44618574  3.42441662  1.73807973  3.39916374  1.44922726 -0.16372654
  3.01973671  6.60449541  3.12932246  0.09560366  3.32449811 -0.02689478
  3.77773972  2.12307065  0.08763412  3.960628    2.94152055  3.22058698
  3.14522072  6.32862554 -0.08875566  6.14590884  1.40214509  4.08683347
 -1.76086589  6.24220654  1.54155543  6.31873696  3.65653708  3.12609216
  3.02803157  3.11612259  0.04871759  1.67782201  0.15159839  4.92089212]
 ||