optimal function value: 34.534382419999986
optimal value: [0. 0. 0. 1. 0. 0. 1. 0. 1. 0. 0. 0. 0. 1. 0. 0.]
status: SUCCESS
 ||[ 0.63298316  4.33039001  2.61600872  6.05770236  0.27657709  1.11805126
  0.84354732  0.62181043  2.09321921  1.72335025  2.8127807   1.51573744
  0.90288986  4.88178388  1.52322266  4.53536614  0.02052641  3.12038113
  3.12298981  6.28335957  3.16915473  6.46704121  2.68777181  6.500995
  3.1050822   5.05341844  1.89910982  5.46880007  2.55993156  4.98745692
  2.8741114   2.84479799  2.16493787  2.75814782  0.94379955  1.79976491
  1.23329058  3.71581919  4.11168753  4.04460555  2.57001285  4.2958045
  0.10420073  4.05758906 -0.08226462  3.50412443 -0.1290567   3.24643164]
 ||