optimal function value: 84.11755562999997
optimal value: [0. 1. 0. 0. 1. 0. 0. 0. 0. 0. 1. 0. 0. 0. 0. 1.]
status: SUCCESS
 ||[ 3.78816194  5.14554284  1.8352085   5.00591764  2.32354033  5.17625179
  1.66820052  8.12450692  3.41552125  0.12838425  1.57864745  7.22128049
  1.96688479  2.02947979  4.78489642  2.85319093  0.84938007  2.75167475
  3.06795744  2.99119397  1.38421813  5.65143599  3.23607217  3.18218584
  0.1927128   3.35961759  0.37055619  0.8154282  -0.40045061  5.82539527
 -0.10803215  3.78922479 -0.34649125  0.97656084 -0.10363107  3.79335156
  2.07144967  0.50274509  0.0777773  -0.13468898  1.33306833  1.45237271
  0.49564318  3.03898087  3.55848228  2.311478   -0.13823196  3.42031858]
 ||