optimal function value: 48.13067508999998
optimal value: [0. 0. 1. 0. 1. 0. 0. 0. 0. 1. 0. 0. 0. 0. 0. 1.]
status: SUCCESS
 ||[ 1.96642135e+00  5.26803766e+00  1.68828543e+00  4.55272523e+00
  1.52837115e+00  5.74489886e+00  1.41344086e+00  1.34201002e+00
  1.11416693e+00  1.68882506e+00 -9.06782664e-02  1.48232058e+00
  4.70844236e-01  1.59166183e+00  5.79900123e-01  4.58389188e+00
  2.07555955e-01 -3.95218467e-01  2.00705775e+00  3.24943735e+00
  6.41184808e-01  5.12629017e+00  3.01020476e+00  3.73381662e+00
 -1.27434149e-01  5.04830366e+00  1.64659161e+00  2.79839858e+00
  1.03590028e+00  1.42525676e+00  2.01833738e+00  5.67067729e+00
  3.07906379e+00  5.74772526e+00  9.15946734e-01  3.30917645e+00
  3.38252755e+00  6.21416872e+00  9.88703896e-01 -5.71032150e-03
  2.86908953e+00  1.12897832e+00  3.27070433e+00  3.26916571e-01
  2.10864592e+00  4.45451882e+00 -5.78571341e-02  3.22379034e+00]
 ||