optimal function value: 44.55872038000001
optimal value: [1. 0. 0. 0. 0. 1. 0. 0. 0. 0. 0. 1. 0. 0. 1. 0.]
status: SUCCESS
 ||[ 1.03634505e+00  5.17240526e+00  4.70380613e+00  3.01912267e+00
  4.54549142e+00  4.20490754e+00  1.81813986e+00  5.41957733e-01
  1.59371774e-01  3.18653650e+00  1.75355119e+00  2.15448249e+00
  2.48716940e+00  1.64079434e+00  3.27440408e+00  7.84261830e+00
  3.79826755e-01  5.12532645e+00 -2.27774488e-03  6.66436953e+00
  3.11439611e+00  1.33111917e+00  3.24424144e+00  3.15550670e+00
  3.17465988e+00  3.11261816e+00  3.11046318e+00  6.47085663e+00
  2.95610054e+00  3.14722040e+00  1.26897794e+00  6.55893561e+00
  4.34268795e-01  4.81411316e+00  4.06284058e-02  4.88808684e+00
  3.21265453e+00  4.96899201e+00  1.02755427e-01  1.11856132e+00
  1.49095427e+00  4.74161498e+00  1.59317754e-01  5.46626211e+00
  8.65982967e-01  6.31827728e+00  3.00275494e+00  2.92418701e+00]
 ||