optimal function value: 65.76070403
optimal value: [0. 1. 0. 0. 1. 0. 0. 0. 0. 0. 0. 1. 0. 0. 1. 0.]
status: SUCCESS
 ||[ 9.17157263e-01  1.73384095e+00  4.17599165e+00  1.45277159e+00
  1.39738648e+00  2.95492701e+00  2.44295539e+00  4.67038601e+00
 -4.99612202e-01  1.88557538e+00  3.36802572e-01  1.49774188e+00
  8.81715910e-01  4.75305388e+00  8.48692468e-01  2.27099574e+00
  3.62571062e+00  6.54484559e+00  6.49646845e-01  2.61258417e+00
  3.11163494e+00 -6.70851770e-01  2.53791267e+00  3.07417264e+00
  2.96687555e-02  5.64024470e-03  4.08765591e-01  6.19041255e+00
  1.30779208e+00  3.03247262e+00  3.36395956e+00  3.46491648e+00
  1.15854055e+00  7.06782361e-02  3.06152669e-01  4.90551718e-01
  3.03487459e+00  2.13819849e+00  1.03103160e+00  3.13605379e+00
  1.22134174e+00  2.89169790e+00  3.95889077e+00  6.28656352e+00
  1.30285828e+00  3.39607990e+00  3.27535441e+00  6.85100483e+00]
 ||