optimal function value: 48.697738310000005
optimal value: [0. 0. 1. 0. 0. 0. 0. 1. 1. 0. 0. 0. 0. 1. 0. 0.]
status: SUCCESS
 ||[ 2.03197586e+00  1.92325424e+00  1.66916379e+00  1.19643651e+00
  4.18730220e+00  5.08440083e+00  2.50800356e+00  1.42705724e+00
  1.72550816e+00  2.32077108e+00  1.33973684e+00  5.96224227e+00
  3.89158893e+00  1.60261193e+00  2.84334386e+00  4.29456270e+00
  1.40500405e+00  2.65990635e+00  2.11103561e+00  3.25080377e+00
  3.17546652e+00  6.14582028e+00  6.27447466e-01  4.94175854e+00
  3.08154870e+00  6.67691945e+00  3.21039993e+00 -3.90649146e-02
 -4.16642727e-03 -1.70379189e-03  3.17524644e+00  3.13055296e+00
  2.20789092e+00  6.11818816e+00  4.16262503e-01  4.73315563e+00
  2.48259012e+00  3.77948471e-01  2.73199601e+00  5.42262290e+00
  2.09243027e+00  1.93555026e+00  5.99176032e-01  1.28261793e+00
  9.51463604e-01  6.40551278e+00  1.52696647e+00  2.74524123e+00]
 ||