optimal function value: 34.534382419999986
optimal value: [1. 0. 0. 0. 0. 1. 0. 0. 0. 0. 0. 1. 0. 0. 1. 0.]
status: SUCCESS
 ||[ 1.22455855  0.22312616  1.58000405  0.4817022   1.6509587   3.57724284
  5.05656717  4.13943036  1.46182087  1.76906312  2.92360242  2.24069724
  1.29904501  1.57219142  2.09498616  6.65096818  2.73635972  5.2967785
  3.43387449  1.25485167  0.47243501  5.08246964  2.53357046  5.70634994
  3.72517963 -0.10971865  3.49541561  3.50918516  3.44885635  2.24281108
  1.72117496  1.95467168  3.23872312  5.26782301  0.86220916  3.41075782
  3.58326795  4.04470593  3.27536003  6.20088511  0.81489751  3.01999103
  1.85214185  2.53586259 -0.10098619  1.42840949  2.27789695  0.75312796]
 ||