optimal function value: 48.13067508999998
optimal value: [0. 1. 0. 0. 0. 0. 0. 1. 1. 0. 0. 0. 0. 0. 1. 0.]
status: SUCCESS
 ||[ 1.32373214  5.74294797  4.64936674  5.56721421  1.60682568  2.85625376
  4.79251576  4.11921887  0.97817399  4.13417307  1.37586625  4.97857377
  1.64959836  2.85005426  2.7763007   1.46713993  0.33123029  4.68520427
  3.15972078  0.7843593   0.04427549  3.74150498 -0.13873789  5.45759349
  1.53986353  3.95144691  0.4176579   2.73365343  3.18772651  2.43846217
  3.74565352  2.8940695   3.3656709   5.84435808  3.17483975  0.03441533
  3.17520524  5.61394484  0.16237207  2.1906065   1.38699543  2.72867599
  2.74522746  3.09311784  0.05292884  5.2533884   1.81835359 -0.11162627]
 ||