optimal function value: 65.76070403
optimal value: [0. 0. 1. 0. 0. 1. 0. 0. 1. 0. 0. 0. 0. 0. 0. 1.]
status: SUCCESS
 ||[ 1.54652097e+00  7.69321563e+00 -1.09209220e+00 -2.02798287e-01
  1.73299969e+00  3.82161463e+00  1.60981872e+00  1.70546694e+00
  1.35010826e+00  4.30970868e+00  1.28456354e+00  1.41419267e+00
  1.61246548e+00  3.53846255e+00  2.63667532e+00  5.03068255e+00
  2.74513556e+00  2.91444578e+00  4.42338110e-01  2.53827583e+00
 -2.64818272e-03 -7.68701020e-01  2.01752613e-01  3.04921732e+00
  1.43100077e+00  6.85958554e+00  1.89129525e+00  3.29218474e+00
 -1.56370503e-02 -2.71599410e-01 -2.13008409e-01  3.33531095e-01
  4.01068003e-01  6.42447448e+00  2.51810264e+00  1.14326150e+00
  3.30584820e+00  4.91371831e+00  3.12111027e+00  6.42753401e+00
  4.40601414e+00  6.25262657e+00  1.05338916e+00  6.27149871e+00
  3.27988814e+00  1.20680712e+00  2.21185684e+00  3.30431421e+00]
 ||