optimal function value: 48.13067508999998
optimal value: [0. 0. 0. 1. 0. 1. 0. 0. 1. 0. 0. 0. 0. 0. 1. 0.]
status: SUCCESS
 ||[ 1.77282741  3.7768782   4.75597251  1.97419706  4.59479156  4.90956726
  1.48502453 -0.3320431  -0.26848352  1.6091068   2.09691222  1.57520681
  1.52775618  1.55574198  3.95756598  7.25769552  1.37008871  5.35775716
  0.13818958  4.76749106  2.68166156  0.501113    3.15247445  3.57374668
  2.78245306  1.99951738  2.52037595  3.52386717  3.21656289  3.00598473
  1.50841242  6.86821131  1.64302148  6.53918248  0.17340864  5.05920606
  3.65863987  6.26536502 -0.44947505  2.20775031 -0.6794513   4.99075464
  0.10146435  5.93551472 -0.03647955  6.25582212  3.97624044  2.96565763]
 ||