optimal function value: 65.76070403
optimal value: [0. 0. 0. 1. 0. 0. 1. 0. 0. 1. 0. 0. 1. 0. 0. 0.]
status: SUCCESS
 ||[ 0.62342881  4.76946341  3.68498031  4.77677615 -0.60798306  1.3054132
  0.30929956  0.5133192   1.77494462  1.68462983  2.87544015  1.58039856
  1.33212329  3.2385522   2.03905023  4.97043632  0.08419921  3.00991271
  1.3264502   5.83404496  3.74688252  5.99339889  2.95937656  6.43667832
  3.07457037  4.95186365  1.74258211  6.16540466  3.02069328  5.8672114
  2.97789814  3.15756922  2.27272222  2.88807401  0.22214219  2.31338351
  2.81773679  5.10992714  4.86046278  4.16896274  2.88599217  4.1443141
  0.28773176  3.20363107  0.03292205  1.64956823  0.5400684   3.41776714]
 ||