optimal function value: 48.697738310000005
optimal value: [0. 0. 0. 1. 0. 0. 1. 0. 0. 1. 0. 0. 1. 0. 0. 0.]
status: SUCCESS
 ||[ 2.56223935  3.98400108  1.23448191  1.54474693  1.47742458  2.47347558
  1.70431379  4.50333151  3.62613603  4.37487826  1.49243906  6.15525889
  1.48105487  3.73851019  1.50152391  5.78968792 -0.76118826  5.26045645
 -0.28051441  3.84335776  0.42414185  2.38536641  2.74064862 -0.07663482
  0.43242768  6.74228962  1.22995979  1.74161969  2.97052722  7.009883
  0.02684967  1.76856951  2.52640048  1.6094631   2.74579156  2.16356798
  2.47585258 -0.05456968  0.25093419  6.00242634  0.6026639   4.2191279
  2.66761095  3.09552611  2.77146217 -0.27176479  2.97112866  6.7978795 ]
 ||