optimal function value: 48.697738310000005
optimal value: [0. 0. 1. 0. 0. 0. 0. 1. 1. 0. 0. 0. 0. 1. 0. 0.]
status: SUCCESS
 ||[ 1.33392577  6.8305076   1.08834851  4.41860435  1.19992573  1.61027971
  4.01243009  1.82490441  1.55152409  4.10678855  1.37548184  3.73247422
  1.69282162  4.57294177  0.17118561  1.78585683 -0.09995486  1.29959603
  1.68889439  6.64286336  0.94251013  0.12693314  0.31496842  6.85782672
  0.47176259  3.73878504  0.93893101  4.1523673   0.65056292  3.84404101
  1.62683613  4.43577628  3.11019953  3.6053295   2.25886016 -0.04814107
  4.29466198  3.12739524  0.44368406  6.242981    2.09608276  4.66046628
  2.36876091  2.87777719  2.04819582  5.5280816  -0.16179034  5.16228376]
 ||