optimal function value: 30.655645410000005
optimal value: [1. 0. 0. 0. 0. 0. 0. 1. 0. 0. 1. 0. 0. 1. 0. 0.]
status: SUCCESS
 ||[ 3.39698075  1.12854106  3.45306167  1.55702442  2.18140211  1.47183476
  4.81543694  4.54337427  4.23952687  6.3085529   0.7366378   3.03036378
  4.65925459  3.48517697  1.58446005  0.88643671  2.35526747  6.25516227
  2.90146023  3.21971845  2.09697296  2.97247873  0.49249     3.59883229
  3.10714761 -0.19153979  3.0799271   3.09195177  3.16823289  7.63352787
  3.17341804  2.22825316  3.78528163  6.63691013  1.68083386  6.21288257
  0.32827016  0.1602117   0.3393228   6.45539613  2.1761546   4.63612238
  2.14428102  4.64926228  2.79539258  2.46712093 -0.08006305  0.75028366]
 ||