optimal function value: 48.13067508999998
optimal value: [0. 1. 0. 0. 0. 0. 0. 1. 0. 0. 1. 0. 1. 0. 0. 0.]
status: SUCCESS
 ||[ 1.55875050e+00  1.39678676e+00  3.75234858e+00  1.62695144e+00
  1.53094859e+00  2.81760665e+00  1.59107871e+00  3.91613410e+00
 -1.59349731e+00  4.98555224e+00  1.61328869e+00 -1.76472894e-01
  1.52570105e+00  5.85478743e+00  1.67007726e+00  1.98622645e+00
  3.18855022e+00  6.17629196e+00  8.54844776e-01  3.34060839e+00
  3.17622845e+00  1.86666022e+00  3.18199798e+00  2.16878391e+00
  1.44098546e-01  3.20610824e-01  5.37949669e-01  4.85916769e+00
  7.95694694e-05  5.01826826e+00  3.10751912e+00  3.57181626e+00]
 ||