$qaoa_euc_shape3_paramseed-16_p-14.txt$optimal function value: 61.949961970000004
optimal value: [0. 1. 0. 0. 0. 0. 1. 0. 0. 0. 0. 0. 1. 0. 0. 0.]
status: SUCCESS
 ||[2.13631265 4.01878393 1.30964435 3.80746147 1.28913321 4.13234736
 0.81263672 3.98945086 0.03165086 1.89817389 1.05328298 0.89005047
 2.33537666 1.94787967 2.47895724 6.00807076 0.7954136  5.6133082
 2.53764194 4.19312392 0.08602457 2.86940435 1.96894323 1.86089099
 0.70538203 1.94682177 0.81153507 5.94889737]
 ||$qaoa_euc_shape1_paramseed-17_p-14.txt$optimal function value: 96.16224697000001
optimal value: [0. 0. 0. 0. 1. 0. 0. 0. 0. 1. 0. 0. 0. 0. 0. 1.]
status: SUCCESS
 ||[2.63986346 6.06833942 3.01729321 1.81970003 3.40677416 5.42476023
 2.07774448 0.69221463 0.08460462 2.41382459 2.34496296 1.58576019
 1.57588459 1.99437328 2.65885817 5.93880744 1.26161564 6.27342505
 0.19536082 5.10582606 2.74998451 0.94818113 2.21651717 3.51157927
 3.00083079 1.31954122 1.69613938 5.54455889]
 ||$qaoa_euc_shape1_paramseed-18_p-14.txt$optimal function value: 87.33848693000002
optimal value: [1. 1. 0. 0. 0. 0. 0. 0. 0. 0. 1. 0. 0. 0. 0. 1.]
status: SUCCESS
 ||[1.56983517 4.15597614 1.05091784 2.24380308 1.53820852 4.10316774
 1.50738623 2.87949446 0.83080921 1.59422062 2.17328095 2.03959377
 2.12043653 4.94568362 2.72126198 5.93063188 0.73544904 1.49109009
 2.30769575 3.61643522 0.63404608 4.25746216 2.74328176 5.25148116
 0.67893803 1.87829313 0.02078117 6.13088855]
 ||$qaoa_euc_shape3_paramseed-18_p-14.txt$optimal function value: 65.58951586999999
optimal value: [0. 0. 0. 1. 0. 0. 1. 0. 1. 0. 0. 0. 0. 0. 0. 0.]
status: SUCCESS
 ||[1.56948279 4.15589068 2.05105945 1.2436908  1.53785306 3.10414897
 1.50726248 2.87971929 0.83103652 2.5946984  2.17363984 2.03847357
 2.11998297 4.94593134 2.72046603 5.93155128 0.73691454 1.49160101
 2.30854305 3.61626889 0.63417948 4.257507   2.7433601  5.25140453
 0.6788808  1.87836613 0.02090558 6.13036328]
 ||$qaoa_euc_shape1_paramseed-19_p-14.txt$optimal function value: 48.697738310000005
optimal value: [0. 0. 0. 1. 0. 0. 1. 0. 0. 1. 0. 0. 1. 0. 0. 0.]
status: SUCCESS
 ||[2.12445952 4.92984238 1.63973775 3.22555943 1.25446001 6.26328301
 0.91161185 0.93111458 0.81884473 2.63789416 2.02802044 1.68385871
 0.34828899 2.02646567 0.97755335 3.57640709 0.63423235 0.44405935
 0.63635064 3.40611772 1.21896027 4.60750276 2.52212676 2.60321648
 0.31190593 4.57265064 2.37280507 2.48781047]
 ||$qaoa_euc_shape1_paramseed-20_p-14.txt$optimal function value: 88.60230198000002
optimal value: [0. 0. 0. 0. 0. 0. 1. 0. 0. 0. 0. 1. 1. 0. 0. 0.]
status: SUCCESS
 ||[3.84519603 4.31188609 3.40799123 5.68402624 0.81646598 3.9944874
 2.84819866 5.47686277 1.79636764 1.07809024 1.2926378  6.24432141
 0.32399535 2.00522022 2.98458634 2.82359675 0.6554353  1.99110116
 2.8544859  2.10827103 1.3426962  3.94382313 2.53076706 3.09210404
 0.25584446 3.60179768 0.11100045 0.59393033]
 ||