$qaoa_euc_shape3_paramseed-14_p-15.txt$optimal function value: 37.817205
optimal value: [1. 0. 0. 0. 0. 0. 1. 0. 0. 1. 0. 0. 0. 0. 0. 1.]
status: SUCCESS
 ||[0.33567164 5.41435751 2.04814764 5.90866338 0.85169886 1.60714795
 2.30573269 4.13796954 0.95166126 4.29927108 1.24614063 4.88530927
 0.3715348  1.40308843 2.83191746 2.24920158 0.81849046 5.05362647
 1.98449078 1.94022368 1.7327906  4.17181746 0.51804715 4.0950846
 0.38647326 3.11766768 0.2611713  1.28385123 3.07342155 3.53621735]
 ||$qaoa_euc_shape1_paramseed-11_p-18.txt$optimal function value: 91.83066781999995
optimal value: [0. 0. 0. 1. 1. 0. 0. 0. 0. 0. 1. 0. 1. 0. 0. 0.]
status: SUCCESS
 ||[1.39933486 3.49868309 2.90647887 3.92173609 1.57481463 3.64941879
 0.56760701 3.19357024 3.00733522 4.96168641 0.2380763  1.84361631
 0.24694362 5.03004124 2.12381357 0.20152529 3.06727083 5.9989188
 1.97146776 3.82157078 0.47081729 0.09590367 1.63687836 0.36502768
 0.5496279  1.49578501 0.08173087 2.85158886 1.28415709 5.26828451
 1.60896757 4.01103644 1.51797057 4.11633005 1.42511663 2.78180716]
 ||$qaoa_euc_shape1_paramseed-12_p-18.txt$optimal function value: 91.83066781999995
optimal value: [0. 0. 1. 0. 0. 0. 0. 1. 0. 1. 0. 0. 0. 1. 0. 0.]
status: SUCCESS
 ||[2.74134049 5.15100537 2.16140436 0.95049688 0.51793211 2.3497982
 0.84819935 5.06009624 2.12351225 4.78957165 1.73024888 4.12443587
 0.43098475 2.74100781 0.49669782 5.63483157 0.1575569  5.12327215
 0.22089546 4.29647156 1.05197794 2.53095638 2.66681987 0.1009709
 0.19449379 5.75267915 1.58903898 0.55110482 3.04713355 5.89835482
 0.35507453 2.66122679 0.39694454 1.9425226  1.93375642 0.98320926]
 ||$qaoa_euc_shape3_paramseed-12_p-18.txt$optimal function value: 67.73420888999999
optimal value: [0. 0. 0. 0. 0. 1. 0. 0. 0. 0. 0. 1. 0. 0. 1. 0.]
status: SUCCESS
 ||[1.49080502 4.13104515 2.09301661 0.896079   0.03287478 2.35334765
 0.85988968 6.0917238  3.17105426 3.77945174 1.753856   4.1556768
 1.70310349 2.7648136  0.51103391 5.73058932 1.18476231 5.14439185
 0.23434318 5.31608375 1.05911371 2.54284599 2.64645707 0.11465742
 0.19115993 5.74952954 1.59901536 0.57174293 3.10131805 5.94851716
 0.35371392 2.65925905 0.42438578 1.96369745 1.95259856 1.027699  ]
 ||$qaoa_euc_shape1_paramseed-13_p-18.txt$optimal function value: 87.33848693000002
optimal value: [0. 1. 1. 0. 0. 0. 0. 0. 0. 0. 0. 1. 1. 0. 0. 0.]
status: SUCCESS
 ||[1.81359148 4.30562915 2.14913368 5.3365327  1.58374851 1.44841353
 0.46247475 1.41489512 2.30603556 0.81819805 1.66921957 1.34405289
 0.92572661 2.71169233 2.63161934 3.82272813 0.04537441 1.7331382
 0.46093147 5.47446441 2.54387139 5.06456274 2.59596234 4.67934117
 2.98238781 4.98743568 0.80645411 5.34037207 1.52928373 4.74385036
 1.77232116 2.69907905 1.14420969 2.70068079 0.98575141 0.73740511]
 ||$qaoa_euc_shape3_paramseed-14_p-18.txt$optimal function value: 61.949961970000004
optimal value: [1. 0. 0. 0. 0. 1. 0. 0. 0. 0. 0. 0. 0. 0. 0. 1.]
status: SUCCESS
 ||[1.33547756 4.41535615 3.04903463 5.90901929 0.85284491 1.60705222
 3.30681759 4.13765679 0.95171538 4.3002901  1.24596456 5.88546685
 1.37212828 1.40212501 2.83108951 2.24940347 0.80448266 5.05641284
 1.98333833 0.94127493 1.72535868 4.18445235 0.51816842 4.09541051
 0.38494541 2.11857064 0.26354296 1.28357601 3.07324309 2.52722617
 3.12106633 2.80778391 1.88717769 5.57823617 2.10073674 0.70062951]
 ||