$qaoa_euc_shape3_paramseed-18_p-18.txt$optimal function value: 34.11246652
optimal value: [0. 0. 0. 1. 0. 0. 1. 0. 0. 1. 0. 0. 1. 0. 0. 0.]
status: SUCCESS
 ||[0.71865371 4.16511578 1.11470189 1.52114221 1.07013998 3.09337304
 1.56734996 3.25837075 0.76591743 1.58173634 2.11053501 1.97119158
 2.09645186 4.91049806 2.50593794 5.93864061 0.67360766 1.47109401
 3.39979194 3.64809445 0.66634665 4.26964291 2.76189087 5.13977719
 0.69917664 1.89367847 0.03812073 7.16797286 0.67307059 4.53781448
 1.67330641 3.70787074 1.64668523 5.16730264 1.87295039 1.88701225]
 ||$qaoa_euc_shape1_paramseed-19_p-18.txt$optimal function value: 94.72251544000002
optimal value: [0. 0. 1. 0. 0. 0. 0. 0. 1. 0. 0. 0. 0. 1. 0. 1.]
status: SUCCESS
 ||[2.12727165 4.93175667 1.63509515 4.21380688 1.23630859 6.26317632
 0.90904346 0.93157185 0.82019025 1.63636983 1.0284972  1.68332005
 1.33816959 2.04518599 0.97721158 3.57665756 0.63346241 0.44475131
 0.63632932 4.4083085  1.220737   4.60851301 2.52286508 2.60398518
 0.31215192 4.57409842 2.37396034 2.48850934 2.06808093 1.87899343
 2.87423623 5.23893231 2.48800333 5.993643   0.73151348 3.42588915]
 ||$qaoa_euc_shape1_paramseed-20_p-18.txt$optimal function value: 48.697738310000005
optimal value: [0. 0. 1. 0. 0. 1. 0. 0. 1. 0. 0. 0. 0. 0. 0. 1.]
status: SUCCESS
 ||[2.85135186 4.30310028 2.40782301 5.68266263 0.81573099 3.99612385
 2.84596635 5.4638864  1.81686709 1.05374967 1.2995305  6.24248531
 0.32951783 2.00288205 2.98191593 2.82734335 0.70049379 2.00246999
 2.84481311 2.09792973 1.32839627 4.93626657 2.52670839 3.07149366
 1.2554284  3.59275571 0.1009124  0.57781676 0.59509077 4.41683021
 0.97690794 4.33753195 0.49967916 0.73482777 1.07071933 4.43796848]
 ||$qaoa_euc_shape3_paramseed-20_p-18.txt$optimal function value: 70.38812846000002
optimal value: [1. 1. 0. 0. 0. 0. 0. 0. 0. 0. 0. 1. 0. 0. 1. 0.]
status: SUCCESS
 ||[3.84511091 4.31181659 2.40806125 5.68390531 0.81629783 3.99448202
 2.84307022 5.47976513 1.80000291 2.06440854 1.29337717 6.24390308
 0.32436932 2.00526199 2.98460579 2.82379746 0.65551784 1.99082192
 2.85487102 2.10800057 1.34287355 4.94310276 2.53050007 3.09104765
 0.25677014 3.60154738 0.11024378 0.5939149  0.59790619 4.35703151
 1.89052709 4.33693791 0.5134982  0.739786   0.07370189 4.434485  ]
 ||$qaoa_euc_shape1_paramseed-14_p-18.txt$optimal function value: 87.33848693000002
optimal value: [1. 0. 0. 1. 0. 0. 0. 0. 0. 0. 1. 0. 0. 1. 0. 0.]
status: SUCCESS
 ||[0.31857631 4.43183156 3.06391978 5.85446665 0.83549711 1.62269347
 2.30743058 4.09091382 0.96250769 4.31577945 1.22871615 4.85554185
 0.36359131 1.37537823 2.84705531 2.19950792 0.82119979 5.04137397
 2.01569963 0.95041653 1.69871554 4.17022173 0.4996746  4.10803034
 0.37507378 2.13562721 0.21321403 1.29921128 3.05228444 2.48522649
 3.19141369 2.97901508 1.90912011 5.47252316 2.15833922 0.6894956 ]
 ||