$gaaoa_euc_shape1_paramseed-19_sp-shape3_p-20.txt$[(0, 2), (0, 3), (1, 2), (1, 3)]
 ||48.13067509
 ||[3.12725298 5.93174349 2.63508386 3.21379689 1.23630568 6.26316565
 0.90906899 0.93153752 0.82019628 1.63634575 1.02845381 1.68333348
 0.33820231 2.04517511 0.97723965 3.57664176 0.6334431  0.44477866
 0.63634227 3.40825162 1.22072017 4.6085295  2.52291846 2.60402364
 0.31216217 4.57411662 2.37399704 2.48853139 2.06809675 1.8789976
 2.87423403 5.23894833 2.48801781 5.99359722 0.73147655 3.42592849
 2.29765493 5.03579608 1.22610466 0.87047454]
 ||$gaaoa_euc_shape2_paramseed-19_sp-none_p-20.txt$[(0, 1), (0, 2), (0, 3), (1, 2), (1, 3), (2, 3)]
 ||3908
 ||[2.15424586 4.95713578 1.67346377 3.19888386 1.27433015 5.78005147
 0.98041856 0.94491318 0.84261227 1.65800306 1.0460258  1.70544214
 0.3655532  2.05869456 0.98634321 3.58963514 0.66089835 0.4659645
 0.65951335 3.4282204  2.23501924 4.61998812 2.5149393  2.59802994
 0.32276175 4.56976369 2.38298739 2.50190736 2.08026869 1.89149511
 2.86662199 5.25407799 2.48699402 5.99572333 0.7261018  3.44079336
 3.32074541 5.03121866 1.20137057 0.85385323]
 ||$gaaoa_euc_shape2_paramseed-19_sp-shape1_p-20.txt$[(0, 1), (0, 2), (0, 3), (1, 2), (1, 3), (2, 3)]
 ||3908
 ||[2.15424586 4.95713578 1.67346377 3.19888386 1.27433015 5.78005147
 0.98041856 0.94491318 0.84261227 1.65800306 1.0460258  1.70544214
 0.3655532  2.05869456 0.98634321 3.58963514 0.66089835 0.4659645
 0.65951335 3.4282204  2.23501924 4.61998812 2.5149393  2.59802994
 0.32276175 4.56976369 2.38298739 2.50190736 2.08026869 1.89149511
 2.86662199 5.25407799 2.48699402 5.99572333 0.7261018  3.44079336
 3.32074541 5.03121866 1.20137057 0.85385323]
 ||$gaaoa_euc_shape2_paramseed-19_sp-shape2_p-20.txt$[(0, 1), (0, 2), (0, 3), (1, 2), (1, 3), (2, 3)]
 ||3908
 ||[2.15424586 4.95713578 1.67346377 3.19888386 1.27433015 5.78005147
 0.98041856 0.94491318 0.84261227 1.65800306 1.0460258  1.70544214
 0.3655532  2.05869456 0.98634321 3.58963514 0.66089835 0.4659645
 0.65951335 3.4282204  2.23501924 4.61998812 2.5149393  2.59802994
 0.32276175 4.56976369 2.38298739 2.50190736 2.08026869 1.89149511
 2.86662199 5.25407799 2.48699402 5.99572333 0.7261018  3.44079336
 3.32074541 5.03121866 1.20137057 0.85385323]
 ||$gaaoa_euc_shape2_paramseed-19_sp-shape3_p-20.txt$[(0, 1), (0, 2), (0, 3), (1, 2), (1, 3), (2, 3)]
 ||3908
 ||[2.15424586 4.95713578 1.67346377 3.19888386 1.27433015 5.78005147
 0.98041856 0.94491318 0.84261227 1.65800306 1.0460258  1.70544214
 0.3655532  2.05869456 0.98634321 3.58963514 0.66089835 0.4659645
 0.65951335 3.4282204  2.23501924 4.61998812 2.5149393  2.59802994
 0.32276175 4.56976369 2.38298739 2.50190736 2.08026869 1.89149511
 2.86662199 5.25407799 2.48699402 5.99572333 0.7261018  3.44079336
 3.32074541 5.03121866 1.20137057 0.85385323]
 ||$gaaoa_euc_shape3_paramseed-19_sp-none_p-20.txt$[(0, 1), (0, 2), (1, 3), (2, 3)]
 ||32.53962616
 ||[2.0443245  4.81308539 1.51331339 3.17409141 1.15991633 6.1413737
 0.86938665 0.89181457 0.78057539 1.59671206 0.9887369  1.64368477
 0.2524114  2.04516795 0.89149419 3.48889883 0.54569013 0.5779083
 0.55050345 3.32244352 1.18086281 4.48091041 2.48320229 2.48529664
 0.1834261  4.53445732 2.25413845 2.39666186 1.94237781 2.01653753
 2.75295177 5.10742467 2.44829402 5.9539598  0.69175072 3.3861751
 2.25786284 4.98273407 1.10676734 0.74296496]
 ||$gaaoa_euc_shape3_paramseed-19_sp-shape1_p-20.txt$[(0, 1), (0, 2), (1, 3), (2, 3)]
 ||32.53962616
 ||[2.0443245  4.81308539 1.51331339 3.17409141 1.15991633 6.1413737
 0.86938665 0.89181457 0.78057539 1.59671206 0.9887369  1.64368477
 0.2524114  2.04516795 0.89149419 3.48889883 0.54569013 0.5779083
 0.55050345 3.32244352 1.18086281 4.48091041 2.48320229 2.48529664
 0.1834261  4.53445732 2.25413845 2.39666186 1.94237781 2.01653753
 2.75295177 5.10742467 2.44829402 5.9539598  0.69175072 3.3861751
 2.25786284 4.98273407 1.10676734 0.74296496]
 ||$gaaoa_euc_shape3_paramseed-19_sp-shape2_p-20.txt$[(0, 1), (0, 2), (1, 3), (2, 3)]
 ||32.53962616
 ||[2.0443245  4.81308539 1.51331339 3.17409141 1.15991633 6.1413737
 0.86938665 0.89181457 0.78057539 1.59671206 0.9887369  1.64368477
 0.2524114  2.04516795 0.89149419 3.48889883 0.54569013 0.5779083
 0.55050345 3.32244352 1.18086281 4.48091041 2.48320229 2.48529664
 0.1834261  4.53445732 2.25413845 2.39666186 1.94237781 2.01653753
 2.75295177 5.10742467 2.44829402 5.9539598  0.69175072 3.3861751
 2.25786284 4.98273407 1.10676734 0.74296496]
 ||$gaaoa_euc_shape3_paramseed-19_sp-shape3_p-20.txt$[(0, 1), (0, 2), (1, 3), (2, 3)]
 ||32.53962616
 ||[2.0443245  4.81308539 1.51331339 3.17409141 1.15991633 6.1413737
 0.86938665 0.89181457 0.78057539 1.59671206 0.9887369  1.64368477
 0.2524114  2.04516795 0.89149419 3.48889883 0.54569013 0.5779083
 0.55050345 3.32244352 1.18086281 4.48091041 2.48320229 2.48529664
 0.1834261  4.53445732 2.25413845 2.39666186 1.94237781 2.01653753
 2.75295177 5.10742467 2.44829402 5.9539598  0.69175072 3.3861751
 2.25786284 4.98273407 1.10676734 0.74296496]
 ||$gaaoa_neuc_shape3_paramseed-20_sp-shape3_p-20.txt$[(1, 3), (2, 3)]
 ||4730.91344972
 ||[3.84515095 4.31191572 3.40805317 5.68387145 0.816272   3.99438344
 3.84297075 5.47975675 1.7999462  1.06423391 1.29283783 6.2444684
 0.32436253 2.00521041 2.98463588 2.82366823 0.65550139 1.99116645
 2.8545637  2.10844102 1.34262588 3.94386219 2.53084543 3.09203594
 0.25591913 3.60157255 0.11024057 0.59394247 0.59796904 4.35702297
 0.89053128 4.3369627  0.51319617 0.73949076 0.07338374 4.43459085
 2.69897588 1.38021748 0.74634638 0.08153708]
 ||$gaaoa_euc_shape1_paramseed-20_sp-none_p-20.txt$[(0, 2), (0, 3), (1, 2), (1, 3)]
 ||48.13067509
 ||[3.84637969 4.31201376 2.40826583 5.68327588 0.81635869 3.99401039
 2.84188684 5.47869291 1.79378767 1.05772854 1.30364012 6.24504476
 0.32413561 2.00493482 2.98508698 2.82213624 0.65378649 1.9907061
 2.85678483 2.11037398 1.34067599 3.9425149  2.52770939 4.09048933
 0.25570926 3.60112913 0.10950713 1.59523108 0.59770149 4.35642726
 0.89102525 4.33530214 0.5131989  0.7382877  0.07302042 4.43361173
 2.69894986 1.38042649 0.74641654 0.08050015]
 ||$gaaoa_euc_shape1_paramseed-20_sp-shape1_p-20.txt$[(0, 2), (0, 3), (1, 2), (1, 3)]
 ||48.13067509
 ||[3.84637969 4.31201376 2.40826583 5.68327588 0.81635869 3.99401039
 2.84188684 5.47869291 1.79378767 1.05772854 1.30364012 6.24504476
 0.32413561 2.00493482 2.98508698 2.82213624 0.65378649 1.9907061
 2.85678483 2.11037398 1.34067599 3.9425149  2.52770939 4.09048933
 0.25570926 3.60112913 0.10950713 1.59523108 0.59770149 4.35642726
 0.89102525 4.33530214 0.5131989  0.7382877  0.07302042 4.43361173
 2.69894986 1.38042649 0.74641654 0.08050015]
 ||$gaaoa_euc_shape1_paramseed-20_sp-shape2_p-20.txt$[(0, 2), (0, 3), (1, 2), (1, 3)]
 ||48.13067509
 ||[3.84637969 4.31201376 2.40826583 5.68327588 0.81635869 3.99401039
 2.84188684 5.47869291 1.79378767 1.05772854 1.30364012 6.24504476
 0.32413561 2.00493482 2.98508698 2.82213624 0.65378649 1.9907061
 2.85678483 2.11037398 1.34067599 3.9425149  2.52770939 4.09048933
 0.25570926 3.60112913 0.10950713 1.59523108 0.59770149 4.35642726
 0.89102525 4.33530214 0.5131989  0.7382877  0.07302042 4.43361173
 2.69894986 1.38042649 0.74641654 0.08050015]
 ||$gaaoa_euc_shape1_paramseed-20_sp-shape3_p-20.txt$[(0, 2), (0, 3), (1, 2), (1, 3)]
 ||48.13067509
 ||[3.84637969 4.31201376 2.40826583 5.68327588 0.81635869 3.99401039
 2.84188684 5.47869291 1.79378767 1.05772854 1.30364012 6.24504476
 0.32413561 2.00493482 2.98508698 2.82213624 0.65378649 1.9907061
 2.85678483 2.11037398 1.34067599 3.9425149  2.52770939 4.09048933
 0.25570926 3.60112913 0.10950713 1.59523108 0.59770149 4.35642726
 0.89102525 4.33530214 0.5131989  0.7382877  0.07302042 4.43361173
 2.69894986 1.38042649 0.74641654 0.08050015]
 ||$gaaoa_euc_shape2_paramseed-20_sp-none_p-20.txt$[(0, 1), (0, 3), (1, 2), (2, 3)]
 ||30.65564541
 ||[2.8451383  4.31184938 2.40806556 5.68387117 0.81630167 3.99438
 2.84297516 5.47975925 1.7999486  1.06424244 1.29283287 6.24446901
 0.32436029 2.00521229 2.98464492 2.8236773  0.65549083 1.99117055
 2.85456576 2.10844305 1.34264573 4.94384306 2.53081958 3.09209786
 0.2559769  3.60154677 0.11024349 0.59390853 0.59795769 4.35698478
 0.89053602 5.33696515 0.51316842 0.73951267 1.07333132 4.43457614
 2.69898088 1.38019793 0.74634965 0.08156325]
 ||$gaaoa_euc_shape2_paramseed-20_sp-shape1_p-20.txt$[(0, 1), (0, 3), (1, 2), (2, 3)]
 ||30.65564541
 ||[2.8451383  4.31184938 2.40806556 5.68387117 0.81630167 3.99438
 2.84297516 5.47975925 1.7999486  1.06424244 1.29283287 6.24446901
 0.32436029 2.00521229 2.98464492 2.8236773  0.65549083 1.99117055
 2.85456576 2.10844305 1.34264573 4.94384306 2.53081958 3.09209786
 0.2559769  3.60154677 0.11024349 0.59390853 0.59795769 4.35698478
 0.89053602 5.33696515 0.51316842 0.73951267 1.07333132 4.43457614
 2.69898088 1.38019793 0.74634965 0.08156325]
 ||$gaaoa_euc_shape2_paramseed-20_sp-shape2_p-20.txt$[(0, 1), (0, 3), (1, 2), (2, 3)]
 ||30.65564541
 ||[2.8451383  4.31184938 2.40806556 5.68387117 0.81630167 3.99438
 2.84297516 5.47975925 1.7999486  1.06424244 1.29283287 6.24446901
 0.32436029 2.00521229 2.98464492 2.8236773  0.65549083 1.99117055
 2.85456576 2.10844305 1.34264573 4.94384306 2.53081958 3.09209786
 0.2559769  3.60154677 0.11024349 0.59390853 0.59795769 4.35698478
 0.89053602 5.33696515 0.51316842 0.73951267 1.07333132 4.43457614
 2.69898088 1.38019793 0.74634965 0.08156325]
 ||$gaaoa_euc_shape2_paramseed-20_sp-shape3_p-20.txt$[(0, 1), (0, 3), (1, 2), (2, 3)]
 ||30.65564541
 ||[2.8451383  4.31184938 2.40806556 5.68387117 0.81630167 3.99438
 2.84297516 5.47975925 1.7999486  1.06424244 1.29283287 6.24446901
 0.32436029 2.00521229 2.98464492 2.8236773  0.65549083 1.99117055
 2.85456576 2.10844305 1.34264573 4.94384306 2.53081958 3.09209786
 0.2559769  3.60154677 0.11024349 0.59390853 0.59795769 4.35698478
 0.89053602 5.33696515 0.51316842 0.73951267 1.07333132 4.43457614
 2.69898088 1.38019793 0.74634965 0.08156325]
 ||$gaaoa_euc_shape3_paramseed-20_sp-none_p-20.txt$[(0, 1), (0, 2), (1, 2), (1, 3), (2, 3)]
 ||2104.26981308
 ||[2.84515095 5.3118864  2.40806051 5.683882   0.81626093 4.99436244
 2.84296848 5.47974193 1.79994077 1.06424986 1.29284682 6.24449525
 0.32432298 2.00521792 2.98465868 2.82367031 0.65550911 1.99116898
 2.85452854 2.10846368 1.34260379 3.94386848 2.53081424 3.09203448
 1.25593038 3.60157143 0.11026561 0.59391699 0.59795309 4.35701788
 0.89058629 4.33695848 0.51317158 0.73950928 0.07334082 4.43458857
 2.69897582 1.38019297 0.74636415 0.08154472]
 ||$gaaoa_euc_shape3_paramseed-20_sp-shape1_p-20.txt$[(0, 1), (0, 2), (1, 2), (1, 3), (2, 3)]
 ||2104.26981308
 ||[2.84515095 5.3118864  2.40806051 5.683882   0.81626093 4.99436244
 2.84296848 5.47974193 1.79994077 1.06424986 1.29284682 6.24449525
 0.32432298 2.00521792 2.98465868 2.82367031 0.65550911 1.99116898
 2.85452854 2.10846368 1.34260379 3.94386848 2.53081424 3.09203448
 1.25593038 3.60157143 0.11026561 0.59391699 0.59795309 4.35701788
 0.89058629 4.33695848 0.51317158 0.73950928 0.07334082 4.43458857
 2.69897582 1.38019297 0.74636415 0.08154472]
 ||$gaaoa_euc_shape3_paramseed-20_sp-shape2_p-20.txt$[(0, 1), (0, 2), (1, 2), (1, 3), (2, 3)]
 ||2104.26981308
 ||[2.84515095 5.3118864  2.40806051 5.683882   0.81626093 4.99436244
 2.84296848 5.47974193 1.79994077 1.06424986 1.29284682 6.24449525
 0.32432298 2.00521792 2.98465868 2.82367031 0.65550911 1.99116898
 2.85452854 2.10846368 1.34260379 3.94386848 2.53081424 3.09203448
 1.25593038 3.60157143 0.11026561 0.59391699 0.59795309 4.35701788
 0.89058629 4.33695848 0.51317158 0.73950928 0.07334082 4.43458857
 2.69897582 1.38019297 0.74636415 0.08154472]
 ||$gaaoa_euc_shape3_paramseed-20_sp-shape3_p-20.txt$[(0, 1), (0, 2), (1, 2), (1, 3), (2, 3)]
 ||2104.26981308
 ||[2.84515095 5.3118864  2.40806051 5.683882   0.81626093 4.99436244
 2.84296848 5.47974193 1.79994077 1.06424986 1.29284682 6.24449525
 0.32432298 2.00521792 2.98465868 2.82367031 0.65550911 1.99116898
 2.85452854 2.10846368 1.34260379 3.94386848 2.53081424 3.09203448
 1.25593038 3.60157143 0.11026561 0.59391699 0.59795309 4.35701788
 0.89058629 4.33695848 0.51317158 0.73950928 0.07334082 4.43458857
 2.69897582 1.38019297 0.74636415 0.08154472]
 ||$gaaoa_euc_shape1_paramseed-5_sp-none_p-18.txt$[(0, 2), (0, 3), (1, 2), (1, 3), (2, 3)]
 ||3170.065337545
 ||[2.94912064e+00 4.67040361e+00 3.49822858e+00 5.92037951e+00
 2.32304678e+00 5.78910350e+00 1.00278876e-01 3.93445548e+00
 2.96182343e+00 4.07437568e+00 2.82813882e+00 7.01805708e-01
 1.47184942e+00 1.54763310e+00 1.70629655e+00 3.60498019e+00
 2.67729466e-02 1.35100842e+00 8.75834111e-01 5.75361749e+00
 2.40200015e+00 1.00050403e+00 2.49984483e+00 8.69680215e-01
 1.93558496e+00 7.95035207e-01 2.38593409e-03 5.47304902e+00
 6.56867968e-01 1.35124939e+00 3.08425924e+00 5.47699024e+00
 9.06007262e-01 6.04027138e+00 1.69186659e+00 4.25649668e+00]
 ||$gaaoa_euc_shape1_paramseed-5_sp-shape1_p-18.txt$[(0, 2), (0, 3), (1, 2), (1, 3), (2, 3)]
 ||3170.065337545
 ||[2.94912064e+00 4.67040361e+00 3.49822858e+00 5.92037951e+00
 2.32304678e+00 5.78910350e+00 1.00278876e-01 3.93445548e+00
 2.96182343e+00 4.07437568e+00 2.82813882e+00 7.01805708e-01
 1.47184942e+00 1.54763310e+00 1.70629655e+00 3.60498019e+00
 2.67729466e-02 1.35100842e+00 8.75834111e-01 5.75361749e+00
 2.40200015e+00 1.00050403e+00 2.49984483e+00 8.69680215e-01
 1.93558496e+00 7.95035207e-01 2.38593409e-03 5.47304902e+00
 6.56867968e-01 1.35124939e+00 3.08425924e+00 5.47699024e+00
 9.06007262e-01 6.04027138e+00 1.69186659e+00 4.25649668e+00]
 ||$gaaoa_euc_shape1_paramseed-5_sp-shape2_p-18.txt$[(0, 2), (0, 3), (1, 2), (1, 3), (2, 3)]
 ||3170.065337545
 ||[2.94912064e+00 4.67040361e+00 3.49822858e+00 5.92037951e+00
 2.32304678e+00 5.78910350e+00 1.00278876e-01 3.93445548e+00
 2.96182343e+00 4.07437568e+00 2.82813882e+00 7.01805708e-01
 1.47184942e+00 1.54763310e+00 1.70629655e+00 3.60498019e+00
 2.67729466e-02 1.35100842e+00 8.75834111e-01 5.75361749e+00
 2.40200015e+00 1.00050403e+00 2.49984483e+00 8.69680215e-01
 1.93558496e+00 7.95035207e-01 2.38593409e-03 5.47304902e+00
 6.56867968e-01 1.35124939e+00 3.08425924e+00 5.47699024e+00
 9.06007262e-01 6.04027138e+00 1.69186659e+00 4.25649668e+00]
 ||$gaaoa_euc_shape1_paramseed-5_sp-shape3_p-18.txt$[(0, 2), (0, 3), (1, 2), (1, 3), (2, 3)]
 ||3170.065337545
 ||[2.94912064e+00 4.67040361e+00 3.49822858e+00 5.92037951e+00
 2.32304678e+00 5.78910350e+00 1.00278876e-01 3.93445548e+00
 2.96182343e+00 4.07437568e+00 2.82813882e+00 7.01805708e-01
 1.47184942e+00 1.54763310e+00 1.70629655e+00 3.60498019e+00
 2.67729466e-02 1.35100842e+00 8.75834111e-01 5.75361749e+00
 2.40200015e+00 1.00050403e+00 2.49984483e+00 8.69680215e-01
 1.93558496e+00 7.95035207e-01 2.38593409e-03 5.47304902e+00
 6.56867968e-01 1.35124939e+00 3.08425924e+00 5.47699024e+00
 9.06007262e-01 6.04027138e+00 1.69186659e+00 4.25649668e+00]
 ||$gaaoa_euc_shape2_paramseed-5_sp-none_p-18.txt$[(0, 1), (0, 2), (0, 3), (1, 2), (2, 3)]
 ||1969.327822705
 ||[ 1.9566596   4.53106483  3.62818735  5.79167541  2.19419658  5.66541427
 -0.03884201  2.79555239  2.96364557  3.94750805  2.57049481  0.5814055
  1.34330746  1.41930577  1.57795434  3.47631608 -0.08869248  1.23147703
  0.68341507  5.62807007  2.27612577  0.80775209  2.30958361  0.61213144
  1.80989719  0.53627058 -0.25421457  5.34529076  0.3982475   1.22359326
  2.95648466  5.4161155   0.64912509  5.84606117  1.43421739  4.12948069]
 ||$gaaoa_euc_shape2_paramseed-5_sp-shape1_p-18.txt$[(0, 1), (0, 2), (0, 3), (1, 2), (2, 3)]
 ||1969.327822705
 ||[ 1.9566596   4.53106483  3.62818735  5.79167541  2.19419658  5.66541427
 -0.03884201  2.79555239  2.96364557  3.94750805  2.57049481  0.5814055
  1.34330746  1.41930577  1.57795434  3.47631608 -0.08869248  1.23147703
  0.68341507  5.62807007  2.27612577  0.80775209  2.30958361  0.61213144
  1.80989719  0.53627058 -0.25421457  5.34529076  0.3982475   1.22359326
  2.95648466  5.4161155   0.64912509  5.84606117  1.43421739  4.12948069]
 ||$gaaoa_euc_shape2_paramseed-5_sp-shape2_p-18.txt$[(0, 1), (0, 2), (0, 3), (1, 2), (2, 3)]
 ||1969.327822705
 ||[ 1.9566596   4.53106483  3.62818735  5.79167541  2.19419658  5.66541427
 -0.03884201  2.79555239  2.96364557  3.94750805  2.57049481  0.5814055
  1.34330746  1.41930577  1.57795434  3.47631608 -0.08869248  1.23147703
  0.68341507  5.62807007  2.27612577  0.80775209  2.30958361  0.61213144
  1.80989719  0.53627058 -0.25421457  5.34529076  0.3982475   1.22359326
  2.95648466  5.4161155   0.64912509  5.84606117  1.43421739  4.12948069]
 ||$gaaoa_euc_shape2_paramseed-5_sp-shape3_p-18.txt$[(0, 1), (0, 2), (0, 3), (1, 2), (2, 3)]
 ||1969.327822705
 ||[ 1.9566596   4.53106483  3.62818735  5.79167541  2.19419658  5.66541427
 -0.03884201  2.79555239  2.96364557  3.94750805  2.57049481  0.5814055
  1.34330746  1.41930577  1.57795434  3.47631608 -0.08869248  1.23147703
  0.68341507  5.62807007  2.27612577  0.80775209  2.30958361  0.61213144
  1.80989719  0.53627058 -0.25421457  5.34529076  0.3982475   1.22359326
  2.95648466  5.4161155   0.64912509  5.84606117  1.43421739  4.12948069]
 ||