$hadfield_euc_shape3_paramseed-2_sp-0213_p-16.txt$optimal function value: 32.53962615999998
optimal value: [0. 1. 0. 0. 0. 0. 1. 0. 1. 0. 0. 0. 0. 0. 0. 1.]
status: SUCCESS
 ||[3.98929316 6.90291079 1.20440912 0.52686131 2.61229138 4.64552157
 2.06915161 2.96109073 1.89278556 4.04826781 1.82347127 0.99225455
 1.34367432 2.46973952 2.27129656 6.67397114 2.98183261 3.41439067
 1.38344402 2.69151959 1.12304364 0.13593113 1.43229883 1.97431163
 1.17429313 5.58480418 1.62090263 3.49193015 0.7076697  0.12584232
 0.99704984 1.85240854]
 ||$hadfield_euc_shape3_paramseed-2_sp-0213_p-16.txt$optimal function value: 32.53962615999998
optimal value: [0. 1. 0. 0. 0. 0. 1. 0. 1. 0. 0. 0. 0. 0. 0. 1.]
status: SUCCESS
 ||[3.98929316 6.90291079 1.20440912 0.52686131 2.61229138 4.64552157
 2.06915161 2.96109073 1.89278556 4.04826781 1.82347127 0.99225455
 1.34367432 2.46973952 2.27129656 6.67397114 2.98183261 3.41439067
 1.38344402 2.69151959 1.12304364 0.13593113 1.43229883 1.97431163
 1.17429313 5.58480418 1.62090263 3.49193015 0.7076697  0.12584232
 0.99704984 1.85240854]
 ||$hadfield_euc_shape3_paramseed-3_sp-0213_p-16.txt$optimal function value: 32.53962615999998
optimal value: [0. 1. 0. 0. 0. 0. 1. 0. 1. 0. 0. 0. 0. 0. 0. 1.]
status: SUCCESS
 ||[1.74593883 3.4167482  0.93760345 3.85896811 1.96569656 0.46543736
 0.09689289 6.31359013 0.81482958 1.44661787 3.12756304 2.97040585
 2.62881029 2.99306609 2.00870232 0.94624701 1.99335949 5.45372115
 1.64406032 4.65789602 2.10877964 0.40101345 2.38174779 3.71254763
 0.94506052 0.19588171 2.7206804  2.97074158 2.25934921 5.52061829
 2.24294574 5.79158963]
 ||$hadfield_euc_shape3_paramseed-3_sp-0213_p-16.txt$optimal function value: 32.53962615999998
optimal value: [0. 1. 0. 0. 0. 0. 1. 0. 1. 0. 0. 0. 0. 0. 0. 1.]
status: SUCCESS
 ||[1.74593883 3.4167482  0.93760345 3.85896811 1.96569656 0.46543736
 0.09689289 6.31359013 0.81482958 1.44661787 3.12756304 2.97040585
 2.62881029 2.99306609 2.00870232 0.94624701 1.99335949 5.45372115
 1.64406032 4.65789602 2.10877964 0.40101345 2.38174779 3.71254763
 0.94506052 0.19588171 2.7206804  2.97074158 2.25934921 5.52061829
 2.24294574 5.79158963]
 ||$hadfield_neuc_shape3_paramseed-4_sp-0213_p-16.txt$optimal function value: 44.55872038000001
optimal value: [0. 1. 0. 0. 0. 0. 1. 0. 1. 0. 0. 0. 0. 0. 0. 1.]
status: SUCCESS
 ||[0.73142146 1.67718431 2.26994646 0.87678145 0.15158486 2.40505849
 2.72012922 6.02765681 3.47686111 1.14382237 2.73876033 1.56587255
 0.22500796 0.38988544 0.64368512 5.77528084 2.60652381 4.97432318
 2.36879159 1.16549748 0.95867967 3.75144645 2.13511747 5.19662748
 2.35444687 0.16676558 1.65057465 4.06397293 2.63252764 0.903117
 1.18743955 0.56075197]
 ||$hadfield_neuc_shape3_paramseed-4_sp-0213_p-16.txt$optimal function value: 44.55872038000001
optimal value: [0. 1. 0. 0. 0. 0. 1. 0. 1. 0. 0. 0. 0. 0. 0. 1.]
status: SUCCESS
 ||[0.73142146 1.67718431 2.26994646 0.87678145 0.15158486 2.40505849
 2.72012922 6.02765681 3.47686111 1.14382237 2.73876033 1.56587255
 0.22500796 0.38988544 0.64368512 5.77528084 2.60652381 4.97432318
 2.36879159 1.16549748 0.95867967 3.75144645 2.13511747 5.19662748
 2.35444687 0.16676558 1.65057465 4.06397293 2.63252764 0.903117
 1.18743955 0.56075197]
 ||$hadfield_euc_shape3_paramseed-4_sp-0213_p-16.txt$optimal function value: 32.53962615999998
optimal value: [0. 1. 0. 0. 0. 0. 1. 0. 1. 0. 0. 0. 0. 0. 0. 1.]
status: SUCCESS
 ||[1.74237323 0.64800938 1.24349885 0.97497788 1.2075365  2.52087167
 2.88307115 6.15418249 2.41942354 1.39614061 1.68985013 1.73864002
 0.54386096 0.66536513 0.67374693 5.82672211 2.60520694 5.08093888
 2.50072707 1.23460223 0.95708766 3.93941524 2.29960684 5.37142958
 2.7632066  0.54464994 1.90412458 4.22100049 1.59028072 1.11524641
 1.48624256 0.55899653]
 ||$hadfield_euc_shape3_paramseed-4_sp-0213_p-16.txt$optimal function value: 32.53962615999998
optimal value: [0. 1. 0. 0. 0. 0. 1. 0. 1. 0. 0. 0. 0. 0. 0. 1.]
status: SUCCESS
 ||[1.74237323 0.64800938 1.24349885 0.97497788 1.2075365  2.52087167
 2.88307115 6.15418249 2.41942354 1.39614061 1.68985013 1.73864002
 0.54386096 0.66536513 0.67374693 5.82672211 2.60520694 5.08093888
 2.50072707 1.23460223 0.95708766 3.93941524 2.29960684 5.37142958
 2.7632066  0.54464994 1.90412458 4.22100049 1.59028072 1.11524641
 1.48624256 0.55899653]
 ||$hadfield_neuc_shape3_paramseed-5_sp-0213_p-16.txt$optimal function value: 44.55872038000001
optimal value: [0. 1. 0. 0. 0. 0. 1. 0. 1. 0. 0. 0. 0. 0. 0. 1.]
status: SUCCESS
 ||[2.95567325e+00 4.65962368e+00 2.49973083e+00 5.92106630e+00
 3.32299622e+00 5.79471784e+00 8.99355342e-02 2.92677835e+00
 2.96045549e+00 4.07837503e+00 2.82480613e+00 7.15733676e-01
 2.47357872e+00 1.54896738e+00 1.70602015e+00 4.60746510e+00
 3.16094400e-02 2.36557287e+00 8.76218873e-01 5.75804793e+00
 2.40519022e+00 1.00302318e+00 2.50469034e+00 8.70786302e-01
 1.94083922e+00 7.96826253e-01 5.88858965e-03 5.47503426e+00
 6.57645067e-01 1.35391650e+00 3.08790624e+00 6.48260969e+00]
 ||$hadfield_neuc_shape3_paramseed-5_sp-0213_p-16.txt$optimal function value: 44.55872038000001
optimal value: [0. 1. 0. 0. 0. 0. 1. 0. 1. 0. 0. 0. 0. 0. 0. 1.]
status: SUCCESS
 ||[2.95567325e+00 4.65962368e+00 2.49973083e+00 5.92106630e+00
 3.32299622e+00 5.79471784e+00 8.99355342e-02 2.92677835e+00
 2.96045549e+00 4.07837503e+00 2.82480613e+00 7.15733676e-01
 2.47357872e+00 1.54896738e+00 1.70602015e+00 4.60746510e+00
 3.16094400e-02 2.36557287e+00 8.76218873e-01 5.75804793e+00
 2.40519022e+00 1.00302318e+00 2.50469034e+00 8.70786302e-01
 1.94083922e+00 7.96826253e-01 5.88858965e-03 5.47503426e+00
 6.57645067e-01 1.35391650e+00 3.08790624e+00 6.48260969e+00]
 ||$hadfield_euc_shape3_paramseed-5_sp-0213_p-16.txt$optimal function value: 32.53962615999998
optimal value: [0. 1. 0. 0. 0. 0. 1. 0. 1. 0. 0. 0. 0. 0. 0. 1.]
status: SUCCESS
 ||[ 2.78826004  4.82071326  3.61972259  6.92089709  2.22942088  5.74628164
  0.07351938  2.55522438  2.94271431  3.99834317  2.81008896  0.64225903
  1.44691619  1.48570816  1.62801204  3.56654656  0.04368968  1.30883844
  0.8360053   5.75316716  2.3650969   0.96722188  2.46880955  0.85815671
  1.8906251   0.72387142 -0.01477204  5.43738531  0.61201067  1.30703458
  3.0418698   5.47589018]
 ||$hadfield_euc_shape3_paramseed-5_sp-0213_p-16.txt$optimal function value: 32.53962615999998
optimal value: [0. 1. 0. 0. 0. 0. 1. 0. 1. 0. 0. 0. 0. 0. 0. 1.]
status: SUCCESS
 ||[ 2.78826004  4.82071326  3.61972259  6.92089709  2.22942088  5.74628164
  0.07351938  2.55522438  2.94271431  3.99834317  2.81008896  0.64225903
  1.44691619  1.48570816  1.62801204  3.56654656  0.04368968  1.30883844
  0.8360053   5.75316716  2.3650969   0.96722188  2.46880955  0.85815671
  1.8906251   0.72387142 -0.01477204  5.43738531  0.61201067  1.30703458
  3.0418698   5.47589018]
 ||$hadfield_euc_shape3_paramseed-6_sp-0213_p-16.txt$optimal function value: 32.53962615999998
optimal value: [0. 1. 0. 0. 0. 0. 1. 0. 1. 0. 0. 0. 0. 0. 0. 1.]
status: SUCCESS
 ||[ 2.92761538e+00  5.14563876e+00  2.51996797e+00  2.63979347e+00
 -9.53142288e-02  5.21249513e+00  1.41185091e+00  4.56845358e+00
  1.10839339e+00  4.75664672e+00  8.02952618e-01  6.07881153e+00
  2.04552316e+00  2.46151443e+00  1.54955531e+00  4.12206727e+00
  6.04242493e-01  3.45791819e+00  2.38262793e+00  1.51927307e+00
  2.39767966e+00  4.16470058e+00  2.36486918e+00  1.78764852e+00
 -3.66328215e-03  4.85143789e+00  2.43979956e+00  2.64841959e+00
  2.02983618e-01  9.46088144e-01  1.85527811e+00  1.78777282e+00]
 ||$hadfield_euc_shape3_paramseed-6_sp-0213_p-16.txt$optimal function value: 32.53962615999998
optimal value: [0. 1. 0. 0. 0. 0. 1. 0. 1. 0. 0. 0. 0. 0. 0. 1.]
status: SUCCESS
 ||[ 2.92761538e+00  5.14563876e+00  2.51996797e+00  2.63979347e+00
 -9.53142288e-02  5.21249513e+00  1.41185091e+00  4.56845358e+00
  1.10839339e+00  4.75664672e+00  8.02952618e-01  6.07881153e+00
  2.04552316e+00  2.46151443e+00  1.54955531e+00  4.12206727e+00
  6.04242493e-01  3.45791819e+00  2.38262793e+00  1.51927307e+00
  2.39767966e+00  4.16470058e+00  2.36486918e+00  1.78764852e+00
 -3.66328215e-03  4.85143789e+00  2.43979956e+00  2.64841959e+00
  2.02983618e-01  9.46088144e-01  1.85527811e+00  1.78777282e+00]
 ||$hadfield_neuc_shape3_paramseed-7_sp-0213_p-16.txt$optimal function value: 44.55872038000001
optimal value: [0. 1. 0. 0. 0. 0. 1. 0. 1. 0. 0. 0. 0. 0. 0. 1.]
status: SUCCESS
 ||[1.13210674e+00 8.90315461e-01 2.04583809e+00 4.55192318e-01
 1.68262833e+00 2.29908819e+00 1.81104428e-01 3.24026409e+00
 3.50511254e-03 2.72487622e+00 2.19667454e-01 5.69787356e-01
 1.33370794e+00 5.19541121e+00 3.88985647e-01 1.40154491e+00
 1.96907999e+00 5.95478646e+00 1.81360564e+00 2.48966018e+00
 3.06853116e+00 2.92366679e-01 2.69696584e+00 1.81974480e+00
 4.53305988e-01 7.40052056e-01 9.69202174e-01 5.12796124e+00
 5.67711168e-01 3.65454222e+00 2.00730305e+00 2.33956630e+00]
 ||$hadfield_neuc_shape3_paramseed-7_sp-0213_p-16.txt$optimal function value: 44.55872038000001
optimal value: [0. 1. 0. 0. 0. 0. 1. 0. 1. 0. 0. 0. 0. 0. 0. 1.]
status: SUCCESS
 ||[1.13210674e+00 8.90315461e-01 2.04583809e+00 4.55192318e-01
 1.68262833e+00 2.29908819e+00 1.81104428e-01 3.24026409e+00
 3.50511254e-03 2.72487622e+00 2.19667454e-01 5.69787356e-01
 1.33370794e+00 5.19541121e+00 3.88985647e-01 1.40154491e+00
 1.96907999e+00 5.95478646e+00 1.81360564e+00 2.48966018e+00
 3.06853116e+00 2.92366679e-01 2.69696584e+00 1.81974480e+00
 4.53305988e-01 7.40052056e-01 9.69202174e-01 5.12796124e+00
 5.67711168e-01 3.65454222e+00 2.00730305e+00 2.33956630e+00]
 ||$hadfield_euc_shape3_paramseed-7_sp-0213_p-16.txt$optimal function value: 32.53962615999998
optimal value: [0. 1. 0. 0. 0. 0. 1. 0. 1. 0. 0. 0. 0. 0. 0. 1.]
status: SUCCESS
 ||[1.02036607 0.94846377 2.95501382 0.46240352 1.59992994 2.39700776
 0.1035821  3.24367006 0.00616258 2.72275298 0.22186932 0.57329011
 1.33481918 5.19598884 0.39158005 1.40330112 1.9640178  5.9550447
 1.81280551 2.48727618 3.07209096 0.294464   2.69654053 1.81885096
 0.45341194 0.74153685 0.9719882  5.12538357 0.5652365  3.65418686
 2.00798593 2.3403803 ]
 ||$hadfield_euc_shape3_paramseed-7_sp-0213_p-16.txt$optimal function value: 32.53962615999998
optimal value: [0. 1. 0. 0. 0. 0. 1. 0. 1. 0. 0. 0. 0. 0. 0. 1.]
status: SUCCESS
 ||[1.02036607 0.94846377 2.95501382 0.46240352 1.59992994 2.39700776
 0.1035821  3.24367006 0.00616258 2.72275298 0.22186932 0.57329011
 1.33481918 5.19598884 0.39158005 1.40330112 1.9640178  5.9550447
 1.81280551 2.48727618 3.07209096 0.294464   2.69654053 1.81885096
 0.45341194 0.74153685 0.9719882  5.12538357 0.5652365  3.65418686
 2.00798593 2.3403803 ]
 ||$hadfield_neuc_shape3_paramseed-8_sp-0213_p-16.txt$optimal function value: 44.55872038000001
optimal value: [0. 1. 0. 0. 1. 0. 0. 0. 0. 0. 1. 0. 0. 0. 0. 1.]
status: SUCCESS
 ||[1.71924539 7.04655647 0.39707098 4.42887594 1.34423403 1.98130939
 3.06000565 1.24239996 1.93710327 2.80578589 1.34047361 3.02547368
 0.52846053 5.14342715 1.20217157 2.47423868 0.06244827 1.67665756
 1.2809123  5.6683307  1.18877969 0.7132516  0.81059865 6.23143247
 0.1982612  3.89665975 1.18601737 4.15204705 1.0633479  4.3439044
 1.56352269 4.08296632]
 ||$hadfield_neuc_shape3_paramseed-8_sp-0213_p-16.txt$optimal function value: 44.55872038000001
optimal value: [0. 1. 0. 0. 1. 0. 0. 0. 0. 0. 1. 0. 0. 0. 0. 1.]
status: SUCCESS
 ||[1.71924539 7.04655647 0.39707098 4.42887594 1.34423403 1.98130939
 3.06000565 1.24239996 1.93710327 2.80578589 1.34047361 3.02547368
 0.52846053 5.14342715 1.20217157 2.47423868 0.06244827 1.67665756
 1.2809123  5.6683307  1.18877969 0.7132516  0.81059865 6.23143247
 0.1982612  3.89665975 1.18601737 4.15204705 1.0633479  4.3439044
 1.56352269 4.08296632]
 ||$hadfield_euc_shape3_paramseed-8_sp-0213_p-16.txt$optimal function value: 32.53962615999998
optimal value: [0. 1. 0. 0. 0. 0. 1. 0. 1. 0. 0. 0. 0. 0. 0. 1.]
status: SUCCESS
 ||[1.70544081 7.03632778 1.39331674 4.42145126 0.26154582 1.54686529
 3.13245331 1.3110415  3.02005324 2.87981328 1.41452226 3.11283722
 1.60861003 6.23471074 0.26631431 1.46713089 0.06263308 1.68604795
 1.26663709 5.65548152 2.17185815 0.70308017 0.78414954 6.22849227
 0.19729582 3.87802496 1.16854082 4.15436479 1.4445822  4.40997318
 1.34252974 4.86331225]
 ||$hadfield_euc_shape3_paramseed-8_sp-0213_p-16.txt$optimal function value: 32.53962615999998
optimal value: [0. 1. 0. 0. 0. 0. 1. 0. 1. 0. 0. 0. 0. 0. 0. 1.]
status: SUCCESS
 ||[1.70544081 7.03632778 1.39331674 4.42145126 0.26154582 1.54686529
 3.13245331 1.3110415  3.02005324 2.87981328 1.41452226 3.11283722
 1.60861003 6.23471074 0.26631431 1.46713089 0.06263308 1.68604795
 1.26663709 5.65548152 2.17185815 0.70308017 0.78414954 6.22849227
 0.19729582 3.87802496 1.16854082 4.15436479 1.4445822  4.40997318
 1.34252974 4.86331225]
 ||