$gaaoa_euc_shape3_paramseed-13_sp-shape1_p-19.txt$[(0, 1), (0, 2), (1, 3), (2, 3)]
 ||32.53962616
 ||[ 1.81371627  4.30561469  2.1491018   6.33654618  0.5834789   2.44866096
  0.46233152  1.41474707  2.30601939  0.81815349  1.66914538  1.34403239
  0.92569331  2.71166741  2.63158004  3.90514885 -0.18541495  1.7496087
  0.47739123  5.49091146  2.56037071  5.08101273  2.61260147  4.69589627
  2.9988863   6.00386818  0.80648616  5.34033637  1.52926934  4.74386627
  1.77230526  2.69909089  1.14416372  2.70064396  0.98573429  0.73740697
  2.57498819  5.01563124]
 ||$gaaoa_euc_shape3_paramseed-13_sp-shape2_p-19.txt$[(0, 1), (0, 2), (1, 3), (2, 3)]
 ||32.53962616
 ||[ 1.81371627  4.30561469  2.1491018   6.33654618  0.5834789   2.44866096
  0.46233152  1.41474707  2.30601939  0.81815349  1.66914538  1.34403239
  0.92569331  2.71166741  2.63158004  3.90514885 -0.18541495  1.7496087
  0.47739123  5.49091146  2.56037071  5.08101273  2.61260147  4.69589627
  2.9988863   6.00386818  0.80648616  5.34033637  1.52926934  4.74386627
  1.77230526  2.69909089  1.14416372  2.70064396  0.98573429  0.73740697
  2.57498819  5.01563124]
 ||$gaaoa_euc_shape3_paramseed-13_sp-shape3_p-19.txt$[(0, 1), (0, 2), (1, 3), (2, 3)]
 ||32.53962616
 ||[ 1.81371627  4.30561469  2.1491018   6.33654618  0.5834789   2.44866096
  0.46233152  1.41474707  2.30601939  0.81815349  1.66914538  1.34403239
  0.92569331  2.71166741  2.63158004  3.90514885 -0.18541495  1.7496087
  0.47739123  5.49091146  2.56037071  5.08101273  2.61260147  4.69589627
  2.9988863   6.00386818  0.80648616  5.34033637  1.52926934  4.74386627
  1.77230526  2.69909089  1.14416372  2.70064396  0.98573429  0.73740697
  2.57498819  5.01563124]
 ||$gaaoa_neuc_shape3_paramseed-14_sp-shape1_p-19.txt$[(0, 1), (0, 2), (1, 2), (1, 3), (2, 3)]
 ||3172.27936019
 ||[1.33560315 4.41447117 2.04845032 6.9084138  0.85172589 1.60708752
 2.30612066 5.13716375 0.95188192 4.29916125 1.24618112 4.88527787
 0.37197888 1.40283799 2.83204977 2.24960563 0.81807805 5.05346451
 1.98439936 0.9405995  1.73205185 4.17203503 0.51817399 4.09476899
 0.38646087 2.11782495 0.26138174 1.28443964 3.07248661 2.53636558
 3.11154668 2.7561094  1.9085942  5.48266845 2.15793543 0.70079204
 1.850666   3.98184924]
 ||$gaaoa_euc_shape1_paramseed-14_sp-none_p-19.txt$[(0, 2), (0, 3), (1, 2), (1, 3)]
 ||48.13067509
 ||[0.33561175 4.41444914 3.04845042 5.90840832 0.8517336  1.60708495
 2.30611551 4.13716348 0.95186479 4.29916354 1.24618701 4.8852808
 0.37196322 1.40282238 2.83202981 2.24958567 0.81807805 5.05344835
 1.984455   0.94061028 1.73206637 4.17202199 0.51821058 4.09473568
 0.38653951 2.1178525  0.26142309 1.28442486 3.07249687 2.53631509
 3.11152746 2.75609472 1.90859862 5.4826694  2.15793246 0.70080927
 1.85067635 3.98181978]
 ||$gaaoa_euc_shape1_paramseed-14_sp-shape1_p-19.txt$[(0, 2), (0, 3), (1, 2), (1, 3)]
 ||48.13067509
 ||[0.33561175 4.41444914 3.04845042 5.90840832 0.8517336  1.60708495
 2.30611551 4.13716348 0.95186479 4.29916354 1.24618701 4.8852808
 0.37196322 1.40282238 2.83202981 2.24958567 0.81807805 5.05344835
 1.984455   0.94061028 1.73206637 4.17202199 0.51821058 4.09473568
 0.38653951 2.1178525  0.26142309 1.28442486 3.07249687 2.53631509
 3.11152746 2.75609472 1.90859862 5.4826694  2.15793246 0.70080927
 1.85067635 3.98181978]
 ||$gaaoa_euc_shape1_paramseed-14_sp-shape2_p-19.txt$[(0, 2), (0, 3), (1, 2), (1, 3)]
 ||48.13067509
 ||[0.33561175 4.41444914 3.04845042 5.90840832 0.8517336  1.60708495
 2.30611551 4.13716348 0.95186479 4.29916354 1.24618701 4.8852808
 0.37196322 1.40282238 2.83202981 2.24958567 0.81807805 5.05344835
 1.984455   0.94061028 1.73206637 4.17202199 0.51821058 4.09473568
 0.38653951 2.1178525  0.26142309 1.28442486 3.07249687 2.53631509
 3.11152746 2.75609472 1.90859862 5.4826694  2.15793246 0.70080927
 1.85067635 3.98181978]
 ||$gaaoa_euc_shape1_paramseed-14_sp-shape3_p-19.txt$[(0, 2), (0, 3), (1, 2), (1, 3)]
 ||48.13067509
 ||[0.33561175 4.41444914 3.04845042 5.90840832 0.8517336  1.60708495
 2.30611551 4.13716348 0.95186479 4.29916354 1.24618701 4.8852808
 0.37196322 1.40282238 2.83202981 2.24958567 0.81807805 5.05344835
 1.984455   0.94061028 1.73206637 4.17202199 0.51821058 4.09473568
 0.38653951 2.1178525  0.26142309 1.28442486 3.07249687 2.53631509
 3.11152746 2.75609472 1.90859862 5.4826694  2.15793246 0.70080927
 1.85067635 3.98181978]
 ||$gaaoa_euc_shape2_paramseed-14_sp-none_p-19.txt$[(0, 1), (0, 3), (1, 2), (2, 3)]
 ||30.65564541
 ||[0.33561175 5.41444308 2.04845046 5.90841634 0.85171051 1.60709713
 2.30612764 5.13714241 0.95184649 4.29916394 1.24621413 4.88528229
 1.37198134 1.40283744 2.83203979 2.24959263 0.8181031  5.05347901
 1.98446494 0.94061593 1.73205687 4.17203835 0.51820946 4.09471705
 0.3864947  2.11784526 0.26139782 1.28441462 4.07244925 2.53639376
 3.11152554 2.75610469 1.90860227 5.48267697 2.15791715 0.7007697
 1.85065544 3.98186134]
 ||$gaaoa_euc_shape2_paramseed-14_sp-shape1_p-19.txt$[(0, 1), (0, 3), (1, 2), (2, 3)]
 ||30.65564541
 ||[0.33561175 5.41444308 2.04845046 5.90841634 0.85171051 1.60709713
 2.30612764 5.13714241 0.95184649 4.29916394 1.24621413 4.88528229
 1.37198134 1.40283744 2.83203979 2.24959263 0.8181031  5.05347901
 1.98446494 0.94061593 1.73205687 4.17203835 0.51820946 4.09471705
 0.3864947  2.11784526 0.26139782 1.28441462 4.07244925 2.53639376
 3.11152554 2.75610469 1.90860227 5.48267697 2.15791715 0.7007697
 1.85065544 3.98186134]
 ||$gaaoa_euc_shape2_paramseed-14_sp-shape2_p-19.txt$[(0, 1), (0, 3), (1, 2), (2, 3)]
 ||30.65564541
 ||[0.33561175 5.41444308 2.04845046 5.90841634 0.85171051 1.60709713
 2.30612764 5.13714241 0.95184649 4.29916394 1.24621413 4.88528229
 1.37198134 1.40283744 2.83203979 2.24959263 0.8181031  5.05347901
 1.98446494 0.94061593 1.73205687 4.17203835 0.51820946 4.09471705
 0.3864947  2.11784526 0.26139782 1.28441462 4.07244925 2.53639376
 3.11152554 2.75610469 1.90860227 5.48267697 2.15791715 0.7007697
 1.85065544 3.98186134]
 ||$gaaoa_euc_shape2_paramseed-14_sp-shape3_p-19.txt$[(0, 1), (0, 3), (1, 2), (2, 3)]
 ||30.65564541
 ||[0.33561175 5.41444308 2.04845046 5.90841634 0.85171051 1.60709713
 2.30612764 5.13714241 0.95184649 4.29916394 1.24621413 4.88528229
 1.37198134 1.40283744 2.83203979 2.24959263 0.8181031  5.05347901
 1.98446494 0.94061593 1.73205687 4.17203835 0.51820946 4.09471705
 0.3864947  2.11784526 0.26139782 1.28441462 4.07244925 2.53639376
 3.11152554 2.75610469 1.90860227 5.48267697 2.15791715 0.7007697
 1.85065544 3.98186134]
 ||$gaaoa_euc_shape3_paramseed-14_sp-none_p-19.txt$[(0, 1), (0, 2), (1, 3), (2, 3)]
 ||32.53962616
 ||[1.33560499 4.41447504 2.04845696 5.90840712 0.85173726 1.60707442
 2.30610128 4.13716649 0.95191012 5.29913812 1.24618967 4.88527486
 0.37197672 1.4028222  2.83202962 2.24958035 0.81807272 5.05344178
 1.98443677 0.94059652 1.73212078 4.17202901 0.51822098 4.09473145
 0.38649133 2.11784622 0.26140207 1.28443143 3.07245811 2.53637824
 3.11152557 2.75611083 1.90861492 5.48265473 2.15789605 0.70079479
 1.8506806  3.98183938]
 ||$gaaoa_euc_shape3_paramseed-14_sp-shape1_p-19.txt$[(0, 1), (0, 2), (1, 3), (2, 3)]
 ||32.53962616
 ||[1.33560499 4.41447504 2.04845696 5.90840712 0.85173726 1.60707442
 2.30610128 4.13716649 0.95191012 5.29913812 1.24618967 4.88527486
 0.37197672 1.4028222  2.83202962 2.24958035 0.81807272 5.05344178
 1.98443677 0.94059652 1.73212078 4.17202901 0.51822098 4.09473145
 0.38649133 2.11784622 0.26140207 1.28443143 3.07245811 2.53637824
 3.11152557 2.75611083 1.90861492 5.48265473 2.15789605 0.70079479
 1.8506806  3.98183938]
 ||$gaaoa_euc_shape3_paramseed-14_sp-shape2_p-19.txt$[(0, 1), (0, 2), (1, 3), (2, 3)]
 ||32.53962616
 ||[1.33560499 4.41447504 2.04845696 5.90840712 0.85173726 1.60707442
 2.30610128 4.13716649 0.95191012 5.29913812 1.24618967 4.88527486
 0.37197672 1.4028222  2.83202962 2.24958035 0.81807272 5.05344178
 1.98443677 0.94059652 1.73212078 4.17202901 0.51822098 4.09473145
 0.38649133 2.11784622 0.26140207 1.28443143 3.07245811 2.53637824
 3.11152557 2.75611083 1.90861492 5.48265473 2.15789605 0.70079479
 1.8506806  3.98183938]
 ||$gaaoa_euc_shape3_paramseed-14_sp-shape3_p-19.txt$[(0, 1), (0, 2), (1, 3), (2, 3)]
 ||32.53962616
 ||[1.33560499 4.41447504 2.04845696 5.90840712 0.85173726 1.60707442
 2.30610128 4.13716649 0.95191012 5.29913812 1.24618967 4.88527486
 0.37197672 1.4028222  2.83202962 2.24958035 0.81807272 5.05344178
 1.98443677 0.94059652 1.73212078 4.17202901 0.51822098 4.09473145
 0.38649133 2.11784622 0.26140207 1.28443143 3.07245811 2.53637824
 3.11152557 2.75611083 1.90861492 5.48265473 2.15789605 0.70079479
 1.8506806  3.98183938]
 ||$gaaoa_neuc_shape3_paramseed-15_sp-shape3_p-19.txt$[(0, 1), (0, 2), (1, 3), (2, 3)]
 ||44.55872038
 ||[3.03258021 0.0732286  2.31051603 1.00371445 4.10114272 1.10606114
 3.76273223 4.28108589 2.68598648 6.28258021 0.74565341 2.37348212
 2.22485811 1.76156744 0.82251905 1.43233067 2.69360461 5.49486205
 2.50442933 1.4022134  2.90409453 3.21028828 0.72556721 2.85951063
 1.31772517 0.49202802 1.77264659 2.25898319 1.78948662 5.84336632
 2.02676985 2.54395528 2.71163743 6.25150536 1.53608902 5.93640947
 0.05478753 0.88029896]
 ||$gaaoa_euc_shape1_paramseed-15_sp-none_p-19.txt$[(0, 3), (1, 2), (1, 3)]
 ||3175.6627237
 ||[4.03862525 0.07323028 2.3193812  2.02457841 3.10079068 1.10760771
 2.76436591 4.28345412 2.6940109  6.28398081 0.75457327 2.12569101
 2.22603229 1.76353507 0.82722532 1.48761171 2.69770581 5.49756252
 2.50941111 1.40542879 2.90316139 3.21140018 0.72875135 2.86546453
 1.31906742 0.4989498  1.77373628 2.26568472 1.78331163 5.83997532
 2.02974086 2.54675434 2.713598   6.25436902 1.54073286 5.94071577
 0.05924266 0.88343471]
 ||$gaaoa_euc_shape1_paramseed-15_sp-shape1_p-19.txt$[(0, 3), (1, 2), (1, 3)]
 ||3175.6627237
 ||[4.03862525 0.07323028 2.3193812  2.02457841 3.10079068 1.10760771
 2.76436591 4.28345412 2.6940109  6.28398081 0.75457327 2.12569101
 2.22603229 1.76353507 0.82722532 1.48761171 2.69770581 5.49756252
 2.50941111 1.40542879 2.90316139 3.21140018 0.72875135 2.86546453
 1.31906742 0.4989498  1.77373628 2.26568472 1.78331163 5.83997532
 2.02974086 2.54675434 2.713598   6.25436902 1.54073286 5.94071577
 0.05924266 0.88343471]
 ||$gaaoa_euc_shape1_paramseed-15_sp-shape2_p-19.txt$[(0, 3), (1, 2), (1, 3)]
 ||3175.6627237
 ||[4.03862525 0.07323028 2.3193812  2.02457841 3.10079068 1.10760771
 2.76436591 4.28345412 2.6940109  6.28398081 0.75457327 2.12569101
 2.22603229 1.76353507 0.82722532 1.48761171 2.69770581 5.49756252
 2.50941111 1.40542879 2.90316139 3.21140018 0.72875135 2.86546453
 1.31906742 0.4989498  1.77373628 2.26568472 1.78331163 5.83997532
 2.02974086 2.54675434 2.713598   6.25436902 1.54073286 5.94071577
 0.05924266 0.88343471]
 ||$gaaoa_euc_shape1_paramseed-15_sp-shape3_p-19.txt$[(0, 3), (1, 2), (1, 3)]
 ||3175.6627237
 ||[4.03862525 0.07323028 2.3193812  2.02457841 3.10079068 1.10760771
 2.76436591 4.28345412 2.6940109  6.28398081 0.75457327 2.12569101
 2.22603229 1.76353507 0.82722532 1.48761171 2.69770581 5.49756252
 2.50941111 1.40542879 2.90316139 3.21140018 0.72875135 2.86546453
 1.31906742 0.4989498  1.77373628 2.26568472 1.78331163 5.83997532
 2.02974086 2.54675434 2.713598   6.25436902 1.54073286 5.94071577
 0.05924266 0.88343471]
 ||$gaaoa_euc_shape2_paramseed-15_sp-none_p-19.txt$[(0, 1), (0, 3), (1, 2), (2, 3)]
 ||30.65564541
 ||[3.03756394 0.07363048 2.32249655 1.99355049 4.09797376 0.10774779
 2.76353222 4.26563967 2.66925395 6.28572823 0.75366132 2.12691493
 2.22845095 1.7681159  0.82475745 1.43942172 2.69750421 5.49505244
 2.50902736 1.40492708 2.90629298 3.21493084 1.72976779 2.86131248
 1.31929356 0.49301577 1.77291592 2.26338089 1.78898799 5.84280878
 2.02612576 2.54447863 2.70964915 6.25231285 1.53931851 5.93794386
 0.08241095 0.86589719]
 ||$gaaoa_euc_shape2_paramseed-15_sp-shape1_p-19.txt$[(0, 1), (0, 3), (1, 2), (2, 3)]
 ||30.65564541
 ||[3.03756394 0.07363048 2.32249655 1.99355049 4.09797376 0.10774779
 2.76353222 4.26563967 2.66925395 6.28572823 0.75366132 2.12691493
 2.22845095 1.7681159  0.82475745 1.43942172 2.69750421 5.49505244
 2.50902736 1.40492708 2.90629298 3.21493084 1.72976779 2.86131248
 1.31929356 0.49301577 1.77291592 2.26338089 1.78898799 5.84280878
 2.02612576 2.54447863 2.70964915 6.25231285 1.53931851 5.93794386
 0.08241095 0.86589719]
 ||$gaaoa_euc_shape2_paramseed-15_sp-shape2_p-19.txt$[(0, 1), (0, 3), (1, 2), (2, 3)]
 ||30.65564541
 ||[3.03756394 0.07363048 2.32249655 1.99355049 4.09797376 0.10774779
 2.76353222 4.26563967 2.66925395 6.28572823 0.75366132 2.12691493
 2.22845095 1.7681159  0.82475745 1.43942172 2.69750421 5.49505244
 2.50902736 1.40492708 2.90629298 3.21493084 1.72976779 2.86131248
 1.31929356 0.49301577 1.77291592 2.26338089 1.78898799 5.84280878
 2.02612576 2.54447863 2.70964915 6.25231285 1.53931851 5.93794386
 0.08241095 0.86589719]
 ||$gaaoa_euc_shape2_paramseed-15_sp-shape3_p-19.txt$[(0, 1), (0, 3), (1, 2), (2, 3)]
 ||30.65564541
 ||[3.03756394 0.07363048 2.32249655 1.99355049 4.09797376 0.10774779
 2.76353222 4.26563967 2.66925395 6.28572823 0.75366132 2.12691493
 2.22845095 1.7681159  0.82475745 1.43942172 2.69750421 5.49505244
 2.50902736 1.40492708 2.90629298 3.21493084 1.72976779 2.86131248
 1.31929356 0.49301577 1.77291592 2.26338089 1.78898799 5.84280878
 2.02612576 2.54447863 2.70964915 6.25231285 1.53931851 5.93794386
 0.08241095 0.86589719]
 ||$gaaoa_euc_shape3_paramseed-15_sp-none_p-19.txt$[(0, 1), (0, 2), (2, 3)]
 ||2103.34727385
 ||[4.03239129 1.07322773 3.31218517 1.99282774 3.09864461 0.10607074
 2.76300723 4.28106027 2.69342472 6.28203942 0.75309569 2.1242037
 2.22484956 1.76295513 0.82723078 1.43639056 2.69498768 5.49479867
 2.50581988 1.40360677 2.90545493 3.21304703 0.7269275  2.86223002
 1.31906265 0.49611268 2.77405721 2.26170875 1.78950647 5.8447177
 2.02809282 2.54531445 2.71300647 6.2528776  1.54021454 5.93775622
 0.05891199 0.88162985]
 ||$gaaoa_euc_shape3_paramseed-15_sp-shape1_p-19.txt$[(0, 1), (0, 2), (2, 3)]
 ||2103.34727385
 ||[4.03239129 1.07322773 3.31218517 1.99282774 3.09864461 0.10607074
 2.76300723 4.28106027 2.69342472 6.28203942 0.75309569 2.1242037
 2.22484956 1.76295513 0.82723078 1.43639056 2.69498768 5.49479867
 2.50581988 1.40360677 2.90545493 3.21304703 0.7269275  2.86223002
 1.31906265 0.49611268 2.77405721 2.26170875 1.78950647 5.8447177
 2.02809282 2.54531445 2.71300647 6.2528776  1.54021454 5.93775622
 0.05891199 0.88162985]
 ||