$qaoa_euc_shape1_paramseed-11_p-19.txt$optimal function value: 91.83066781999995
optimal value: [0. 0. 0. 1. 0. 0. 1. 0. 1. 0. 0. 0. 1. 0. 0. 0.]
status: SUCCESS
 ||[2.35684382 3.43952527 3.95225038 2.97333699 1.45739916 3.72368627
 0.53506523 3.18149877 2.43524618 5.01401261 1.29239695 1.903012
 0.25771121 6.08629405 2.16251291 0.23653664 3.13646868 6.06135764
 2.02820381 3.86199719 0.48936722 0.09380654 1.66174842 0.37570739
 0.59303673 1.47977235 0.08894986 2.8951136  1.39286636 5.26401538
 1.72179599 3.99508214 1.55236761 4.11121833 1.43666001 1.74760584
 4.12264437 6.24860398]
 ||$qaoa_euc_shape1_paramseed-12_p-19.txt$optimal function value: 48.13067508999998
optimal value: [0. 1. 0. 0. 0. 0. 0. 1. 1. 0. 0. 0. 0. 0. 1. 0.]
status: SUCCESS
 ||[1.48853727 4.12797998 2.09048206 0.87697337 0.0659599  2.30641221
 0.86502996 5.09654083 2.17469867 3.78341843 1.75234069 4.16063105
 0.46107668 2.76969657 1.51394239 5.69332143 0.18483703 5.14489346
 0.23470073 4.31618162 1.05939184 2.54160391 2.64673741 0.11608057
 0.19214874 5.75073919 1.59970113 0.56812987 3.10035595 5.94835845
 0.35713523 2.66070591 1.42575056 1.96292305 1.95208806 1.02639491
 2.18813627 0.32212925]
 ||$qaoa_euc_shape3_paramseed-12_p-19.txt$optimal function value: 79.35730613999999
optimal value: [0. 1. 0. 0. 0. 0. 0. 1. 0. 0. 0. 0. 1. 0. 1. 0.]
status: SUCCESS
 ||[1.49069084 4.13123319 2.09356676 0.89596791 1.03407496 2.35453949
 0.86101504 5.0915308  2.16947394 3.77831421 1.75336124 4.15530443
 0.45622552 2.76490566 0.50592691 5.69303445 0.1855474  5.14551497
 0.23516566 4.31693026 1.05943584 3.54298564 2.64647853 0.11686588
 0.19084125 5.74930478 1.59889265 0.57162215 3.10126973 5.94838823
 0.35352775 2.65916975 0.42444894 1.96380687 1.95239516 1.02739473
 3.1892774  0.19745045]
 ||$qaoa_euc_shape1_paramseed-13_p-19.txt$optimal function value: 87.33848693000002
optimal value: [0. 0. 1. 0. 0. 0. 0. 0. 0. 0. 0. 1. 1. 1. 0. 0.]
status: SUCCESS
 ||[1.79733997 4.23021017 3.20366684 5.33242131 0.54385422 1.41347299
 0.40006081 1.38856227 2.25033775 1.86866438 1.62446934 1.32719262
 0.82399378 2.61953292 2.59086513 3.78257198 0.05181682 1.62036079
 0.38843025 5.37903022 2.51174668 6.05018847 2.58705901 4.66446327
 2.96791915 4.98093976 0.80159568 5.32125638 1.52416176 4.73916081
 1.75151999 2.68592412 1.13792224 2.68949058 0.96776822 0.72765549
 2.5651284  5.02255582]
 ||$qaoa_euc_shape1_paramseed-14_p-19.txt$optimal function value: 91.83066781999995
optimal value: [0. 0. 0. 1. 1. 0. 0. 0. 0. 0. 1. 0. 1. 0. 0. 0.]
status: SUCCESS
 ||[0.33040947 5.41355104 2.04593701 5.90708143 1.85404747 1.60734729
 2.30452653 5.13655662 0.94218628 4.30095449 1.24675586 4.88405412
 0.36756754 1.40170402 3.83268354 2.25077588 0.81595793 5.0514817
 1.98522687 0.98684162 1.61817989 4.17114334 0.51730892 4.09417251
 0.38649669 2.11744311 0.26070165 1.28407117 3.07200557 2.53568407
 3.11126347 2.75629137 1.90905355 5.48184871 2.15638842 0.69999811
 1.84969445 3.97467753]
 ||$qaoa_euc_shape3_paramseed-14_p-19.txt$optimal function value: 63.02959926
optimal value: [0. 0. 0. 1. 0. 0. 0. 0. 0. 0. 1. 0. 1. 0. 0. 0.]
status: SUCCESS
 ||[0.33828534 5.41074482 3.05461437 5.90654348 0.85744733 1.60851756
 2.30258965 5.1423277  0.94753245 4.30685061 1.24373172 4.89127758
 0.37028986 1.40919442 2.83626095 3.25297158 0.83049582 5.05723253
 1.97458351 0.94974129 1.71348899 4.17894147 0.50396912 4.10536939
 0.38016374 2.1112003  0.24876357 1.28434541 3.06422043 2.54037639
 3.09433175 2.75680331 1.89846478 5.47597944 2.13863249 0.70318683
 2.0414538  4.13537209]
 ||$qaoa_euc_shape1_paramseed-15_p-19.txt$optimal function value: 83.58928574000004
optimal value: [1. 0. 0. 0. 0. 0. 0. 0. 0. 0. 0. 1. 0. 0. 1. 0.]
status: SUCCESS
 ||[4.03474983 0.0681997  2.31354829 1.99280483 3.10206176 0.10567171
 2.76225709 5.28032527 2.69254536 6.28321273 0.75318181 2.11763289
 2.23655272 1.76306089 0.82659161 1.43603664 2.69412901 5.49502395
 2.50461671 1.40563235 2.90330975 3.21340686 0.72687364 2.86073394
 1.31822122 0.49516605 1.7735937  2.26175685 1.78962624 5.84542699
 2.02847621 2.54537788 2.71306057 6.25262727 1.54041412 5.93747626
 0.05907374 1.88176881]
 ||$qaoa_euc_shape1_paramseed-16_p-19.txt$optimal function value: 48.13067508999998
optimal value: [0. 0. 1. 0. 1. 0. 0. 0. 0. 0. 0. 1. 0. 1. 0. 0.]
status: SUCCESS
 ||[1.1468824  3.02915255 1.80880344 2.80164674 1.28157637 4.12856422
 1.78624074 3.98803906 0.023767   1.9050601  1.0478796  0.88563621
 3.34240221 1.94367131 2.47815664 6.00338151 0.79401428 6.61330315
 2.53294691 4.19520807 0.09528226 2.8666981  1.96452046 1.85277115
 0.70627909 1.94021198 0.80214597 4.94169203 1.08607245 2.65588954
 2.01374937 5.95452607 0.91545876 0.25380713 3.06367755 5.21369069
 2.47878813 3.28367355]
 ||$qaoa_euc_shape3_paramseed-16_p-19.txt$optimal function value: 67.43459432999998
optimal value: [0. 0. 0. 1. 1. 0. 0. 0. 0. 0. 0. 0. 0. 1. 0. 0.]
status: SUCCESS
 ||[1.27876677 3.15112299 1.43176949 2.93373088 1.40201132 4.27350866
 0.93650216 4.12090057 0.16007017 2.02764608 1.19631623 1.01721353
 3.49372166 1.90448884 2.46160968 5.97808001 0.76772122 5.5815933
 2.49291168 4.15769786 0.04579403 2.86227205 2.9696521  1.83899586
 0.66643741 1.93993624 0.79238836 4.91544169 1.07043752 2.61227947
 1.99188896 5.95149436 0.89185842 0.26261668 3.04494838 5.20733139
 2.46257985 3.247386  ]
 ||$qaoa_euc_shape1_paramseed-17_p-19.txt$optimal function value: 48.13067508999998
optimal value: [0. 0. 1. 0. 1. 0. 0. 0. 0. 0. 0. 1. 0. 1. 0. 0.]
status: SUCCESS
 ||[1.63946211 5.06861983 3.01755498 1.81976893 3.40679697 5.42465427
 2.07776853 0.69207494 1.0845948  2.41397954 2.34507474 1.58578397
 1.57581    1.99466678 2.65917373 5.93935089 1.26175349 6.27350491
 0.19543899 5.10587314 2.74942085 0.94774434 2.2167653  3.51179902
 3.00097607 1.3198071  1.69593965 5.54386573 2.00633087 1.94224739
 0.25721353 5.90484455 1.48994144 6.2605475  0.44427397 5.10299249
 2.5557859  5.78062869]
 ||$qaoa_euc_shape1_paramseed-18_p-19.txt$optimal function value: 87.33848693000002
optimal value: [0. 1. 0. 0. 0. 0. 0. 0. 1. 0. 0. 1. 0. 0. 1. 0.]
status: SUCCESS
 ||[ 1.59355642  4.09713631  1.04446452  1.23795656  1.55960724  3.10241658
  1.49534914  2.88725709  1.83859876  2.57663308  2.15945265  2.15593008
  2.09607326  4.92364262  2.71544024  5.96166948  0.73559301  1.50194349
  2.30410357  4.6036924   0.46041244  4.70173074  2.69821493  5.19922706
  0.63995247  1.82810171 -0.02740284  6.08065441  0.64981276  5.53227261
  1.68584146  3.51460822  1.64572882  5.17436311  1.87612013  1.89519146
  0.3460414   2.99551069]
 ||$qaoa_euc_shape3_paramseed-18_p-19.txt$optimal function value: 34.11246652
optimal value: [0. 0. 0. 1. 0. 0. 1. 0. 0. 1. 0. 0. 1. 0. 0. 0.]
status: SUCCESS
 ||[ 0.58131209  4.17473676  2.06580854  2.23327425  1.52420443  3.09721925
  1.49233295  2.87704633  0.80976312  1.58146802  2.16655572  2.04968682
  2.12761785  4.943479    2.71213559  5.93260811  0.73954439  1.4974992
  2.31686574  3.60302002  0.63531302  4.24477082  2.71531199  5.23570966
  0.67755437  1.88789502 -0.01070506  6.10428288  0.66975633  4.54361652
  1.67430364  3.73300015  1.63784147  6.21556825  2.13023661  1.89261599
  0.37451623  3.00288329]
 ||$qaoa_euc_shape1_paramseed-19_p-19.txt$optimal function value: 93.09448287000001
optimal value: [0. 0. 0. 1. 0. 0. 1. 0. 0. 1. 0. 0. 0. 0. 0. 0.]
status: SUCCESS
 ||[3.12195607 5.93138147 1.63613216 4.21508275 1.23735742 6.26189064
 0.91061561 0.93034195 0.81717684 1.6314482  1.02904729 1.68777716
 0.33771247 3.04037721 0.96783624 3.57705094 0.63047544 0.44902414
 0.63029091 3.4078341  1.2252567  4.61085791 2.52288395 2.60582442
 0.31296559 4.57693987 2.37674498 2.49044649 2.06872144 1.88066523
 3.87346084 5.2384835  2.48891462 5.99322727 0.73187237 3.42730425
 2.29703693 5.03434477]
 ||$qaoa_euc_shape1_paramseed-20_p-19.txt$optimal function value: 60.521521639999975
optimal value: [0. 0. 1. 0. 0. 1. 0. 0. 0. 0. 0. 1. 1. 0. 0. 0.]
status: SUCCESS
 ||[3.84508905 4.3120583  2.40747138 5.68406945 1.81601155 3.9945137
 2.8435278  5.47959695 1.79987998 1.06421455 1.29297586 6.24401023
 0.32482071 3.00520618 2.98484777 2.82384274 0.65605953 1.99102545
 2.85466082 2.10845399 1.34382962 3.94398077 2.53090553 3.09203471
 0.256092   3.60163023 1.11022262 0.594038   0.59799704 4.35685169
 0.8904835  4.3374858  0.51384797 0.73884638 0.07271568 4.43433171
 2.69893034 1.37998585]
 ||$qaoa_euc_shape3_paramseed-20_p-19.txt$optimal function value: 37.817205
optimal value: [0. 1. 0. 0. 0. 0. 0. 1. 1. 0. 0. 0. 0. 0. 1. 0.]
status: SUCCESS
 ||[2.84093863 5.27322912 2.43101278 6.65276975 0.8527297  3.99403823
 3.02815574 5.48225152 1.75123063 1.08341368 1.22511406 6.25442325
 0.28715    2.03139443 2.93958135 2.76219307 0.64443135 1.9936126
 2.81585868 3.05184892 1.28807883 3.9438424  2.47650923 3.11274179
 0.4074068  3.15303048 0.14608897 0.63060202 0.64092076 4.38429252
 0.91635385 4.36029257 0.54016858 0.77853319 1.10182605 4.41858917
 2.68724714 1.36880769]
 ||$qaoa_euc_shape1_paramseed-11_p-20.txt$optimal function value: 87.33848693000002
optimal value: [0. 0. 1. 0. 0. 0. 0. 0. 1. 0. 0. 1. 0. 1. 0. 0.]
status: SUCCESS
 ||[ 1.39675     4.57080439  3.94109199  2.85035553  1.56100556  3.65586126
  0.57864585  3.16064388  1.87111142  4.90431978  1.33225015  1.78654996
  0.23311402  5.02677404  2.15235063  0.21856386  3.08319213  5.9591573
  1.97531535  3.79274387  0.3292431  -0.02793197  1.59834525  0.31699467
  0.46362476  1.44970818  0.08799333  2.8016397   1.28642594  5.21023678
  1.62949838  3.94538352  1.46206701  4.10341531  1.37267178  1.74198578
  2.97584891  6.16958212  2.59323893  4.35989083]
 ||$qaoa_euc_shape1_paramseed-12_p-20.txt$optimal function value: 87.33848693000002
optimal value: [0. 1. 1. 0. 0. 0. 0. 0. 0. 0. 0. 1. 1. 0. 0. 0.]
status: SUCCESS
 ||[2.49091398 5.13100203 3.09357115 0.89598758 0.03408272 2.35464336
 0.86095891 5.09160723 2.16957193 4.77904745 1.75359831 5.15518782
 0.4564992  2.76495319 0.50976566 5.69240173 0.18481083 5.14480412
 0.23438089 4.31619826 1.05871829 2.54225569 2.64648513 0.11687899
 0.19093852 5.74932516 1.59883357 0.57163897 3.10117452 5.94838553
 0.35350705 2.6591019  0.42433194 1.9637184  1.95236536 1.02746041
 2.18914144 0.32265371 0.5379027  5.12519984]
 ||$qaoa_euc_shape3_paramseed-12_p-20.txt$optimal function value: 87.43067349
optimal value: [0. 0. 1. 1. 0. 1. 0. 0. 0. 1. 0. 0. 1. 0. 0. 0.]
status: SUCCESS
 ||[ 2.62127089  5.21143205  2.05334314  0.69686504  0.07129722  3.36916086
  0.51337762  5.08127607  3.1878109   3.58345404  1.58484695  4.14602745
  0.41529571  2.72405136  0.30136094  5.45169236  0.1699011   4.70985287
  0.12199329  4.10485317  1.01247046  3.56481213  2.41546564 -0.01018837
  0.17700073  5.47132037  1.50475044  0.48591876  2.96641443  5.94174079
  0.16604449  2.4898035   0.33628914  1.76845379  1.90461909  2.1460582
  1.93226236  0.21462051  0.48815175  5.03144396]
 ||$qaoa_euc_shape1_paramseed-13_p-20.txt$optimal function value: 87.33848693000002
optimal value: [1. 1. 0. 0. 0. 0. 0. 0. 0. 0. 1. 0. 0. 0. 0. 1.]
status: SUCCESS
 ||[0.85165937 4.30981163 2.95700081 5.27947368 1.43439373 1.41480781
 0.45415513 1.87748309 2.77111681 1.77836936 1.65784226 1.33168526
 0.91966134 2.49733627 2.62824625 3.86266977 0.03180685 1.72994201
 0.45897142 5.58148233 2.49567438 5.05971525 3.6406483  4.65442089
 2.98123821 4.96887031 0.80090964 5.31459858 1.51951435 4.725292
 1.74939936 2.69786732 1.13918375 2.69417221 0.96810971 0.7263967
 2.55357405 5.01113041 3.08504479 4.3326738 ]
 ||$qaoa_euc_shape1_paramseed-14_p-20.txt$optimal function value: 48.13067508999998
optimal value: [0. 1. 0. 0. 0. 0. 0. 1. 0. 0. 1. 0. 1. 0. 0. 0.]
status: SUCCESS
 ||[0.40125337 4.4013281  2.92194891 6.00790192 0.99690468 1.7619475
 2.42557562 4.24578794 2.09645243 4.26949736 2.2486206  4.85350374
 0.39908237 1.35733986 2.83891925 2.09864306 1.0138768  5.07891351
 1.96598954 0.94389136 1.78919525 4.23221614 0.47277267 4.04931683
 0.38500812 2.07908636 0.23264604 1.221873   3.0444597  2.53227222
 3.08854367 2.50875309 1.89505861 5.50488832 2.16188323 1.77817062
 1.7680261  4.29470098 1.56985489 0.58933965]
 ||$qaoa_euc_shape3_paramseed-14_p-20.txt$optimal function value: 70.08851390000001
optimal value: [0. 0. 1. 0. 0. 0. 0. 1. 0. 1. 0. 0. 0. 1. 0. 0.]
status: SUCCESS
 ||[1.3356474  4.41398923 2.04847151 5.90832658 0.8517266  1.60712945
 2.31061688 4.15529267 0.9649695  4.31291372 1.24195854 4.88087858
 0.36731453 1.39837914 2.82744294 2.24506801 0.81374148 5.0489229
 1.97986904 0.93606305 2.72741614 4.17182357 0.51815032 4.09475121
 0.38649226 2.11778491 0.26137326 2.28446428 3.07248841 2.53621452
 3.11189294 2.75630628 1.90854386 5.48273488 2.15795406 0.7007641
 1.85065001 3.98182805 0.56923415 0.59482415]
 ||$qaoa_neuc_shape3_paramseed-15_p-20.txt$optimal function value: 51.381437919999996
optimal value: [0. 0. 0. 1. 0. 0. 1. 0. 0. 1. 0. 0. 1. 0. 0. 0.]
status: SUCCESS
 ||[ 4.05863353 -0.01372111  2.29202802  2.16738792  3.00312228  0.01154384
  2.62703908  4.0629455   3.68107421  6.16924163  0.55509969  2.03082017
  1.91263159  1.59568484  0.71394066  1.31002631  3.70907182  5.36104171
  2.44761517  1.28898227  2.89423229  4.20613227  0.50472142  2.63706224
  1.13810673  0.30500289  1.5597848   2.03062616  1.61038616  5.97609881
  1.75733773  2.42234711  2.50268055  6.02435702  1.69097608  5.6850628
 -0.06522059  0.6392146   0.27150255  5.6907613 ]
 ||$qaoa_euc_shape1_paramseed-15_p-20.txt$optimal function value: 48.697738310000005
optimal value: [1. 0. 0. 0. 0. 1. 0. 0. 0. 0. 1. 0. 0. 0. 0. 1.]
status: SUCCESS
 ||[3.03181728 0.07392871 2.31186797 0.99251857 3.09881766 0.10648032
 2.76354102 4.26872171 2.69992765 6.28173204 0.75296955 2.12403439
 2.22474536 1.76271964 0.8271197  1.43680879 2.69572615 5.49890369
 2.50070398 1.40354069 2.90545262 3.2135231  0.72740358 2.86206915
 1.3195638  0.49635638 1.77237348 2.26162914 1.78990228 5.84435284
 2.02823312 2.54541089 2.7130983  6.25305355 1.5398415  5.93771236
 0.05899206 0.88136106 0.54111774 5.89415658]
 ||$qaoa_euc_shape1_paramseed-16_p-20.txt$optimal function value: 109.18830274000001
optimal value: [0. 0. 0. 0. 1. 0. 0. 1. 0. 1. 0. 0. 0. 0. 1. 0.]
status: SUCCESS
 ||[2.13570356 3.01899247 2.30995068 3.80725488 1.286515   4.1324351
 0.81319608 3.98975708 0.03179465 1.8973377  1.05368023 0.89269866
 2.33415061 1.94768119 2.48018868 6.00843428 0.79742082 5.61308929
 2.53721483 4.19348864 0.08599452 2.87006796 1.96896547 1.86122199
 0.7047676  1.94643764 0.81124398 4.95008446 1.09256578 2.65859231
 2.02007835 5.9588647  0.92056302 0.27649916 3.05951971 5.23121473
 2.48287769 3.28842223 0.73758127 0.97076644]
 ||$qaoa_euc_shape3_paramseed-16_p-20.txt$optimal function value: 64.87467772
optimal value: [0. 0. 1. 0. 1. 0. 0. 0. 0. 0. 0. 0. 0. 1. 0. 0.]
status: SUCCESS
 ||[1.13574094 3.01896123 2.30991711 2.80707618 1.28653169 4.13245032
 0.81321701 3.98981603 0.03183827 1.89777138 1.05275791 0.89193104
 2.33551995 1.94842014 2.47937235 6.00801414 0.7964408  6.61430483
 2.53726235 4.19352679 0.08602003 2.87007733 1.96893644 2.86116261
 0.70760426 1.82151696 0.81124852 4.95005311 1.09259322 2.65854276
 2.02015337 5.95881202 0.92051014 0.27647704 3.05953952 5.23118651
 2.48292369 3.28850759 0.7377513  0.97082444]
 ||$qaoa_euc_shape1_paramseed-17_p-20.txt$optimal function value: 122.34400304
optimal value: [1. 0. 0. 0. 0. 0. 1. 0. 0. 0. 0. 0. 0. 0. 0. 0.]
status: SUCCESS
 ||[2.63962954 5.06876098 3.01704615 1.81964366 2.40658814 5.42410649
 2.07796967 0.69233929 0.08482971 2.41395267 2.34524729 1.58598806
 1.57632212 1.99407979 2.65859707 5.93898642 1.26203023 6.27408761
 0.19580767 5.10597093 2.54181153 0.96044266 2.31447887 4.60920015
 3.00097196 1.31972988 2.69663565 5.54448746 2.00685699 1.94272055
 0.2569097  5.90530771 1.48948105 6.26039258 0.44498827 5.10343661
 2.55512786 5.7804011  0.0561419  2.33827676]
 ||$qaoa_euc_shape1_paramseed-18_p-20.txt$optimal function value: 96.16224697000001
optimal value: [0. 0. 0. 0. 0. 1. 0. 0. 1. 0. 0. 0. 0. 0. 1. 0.]
status: SUCCESS
 ||[0.5693612  5.1549174  2.05657248 2.2483254  1.53805009 3.10439906
 1.50751371 2.8801249  0.83142766 1.59474979 2.17388275 2.03998244
 2.12103455 4.94568993 2.72035524 5.93137581 0.73705978 1.49317807
 2.308068   3.61611834 0.63406723 4.2568935  3.74273753 5.25138148
 0.67863939 1.87838057 0.02069592 6.13022062 0.6921475  4.56861563
 1.68947428 3.72895029 1.65457893 5.18695735 1.88455131 1.90514915
 0.36054182 2.99967489 2.89934195 0.91235112]
 ||$qaoa_euc_shape3_paramseed-18_p-20.txt$optimal function value: 37.817205
optimal value: [1. 0. 0. 0. 0. 0. 1. 0. 0. 0. 0. 1. 0. 1. 0. 0.]
status: SUCCESS
 ||[1.58328657e+00 4.17053014e+00 2.04757133e+00 1.23317558e+00
 1.52870222e+00 3.12453305e+00 1.50491292e+00 3.89705940e+00
 7.93851946e-01 1.60203073e+00 3.16874035e+00 2.04299306e+00
 2.12607792e+00 4.94363028e+00 2.72635363e+00 5.93821779e+00
 7.38724369e-01 1.49518925e+00 2.31519539e+00 3.61556398e+00
 6.37855185e-01 4.24534521e+00 2.74066557e+00 5.25430119e+00
 6.73880289e-01 1.87728394e+00 2.98768767e-03 6.12791933e+00
 6.90675530e-01 4.55920732e+00 1.68063948e+00 3.73391639e+00
 1.65885935e+00 5.16926642e+00 1.87494483e+00 1.89281402e+00
 3.57533220e-01 3.00638702e+00 2.90515460e+00 9.10306856e-01]
 ||$qaoa_euc_shape1_paramseed-19_p-20.txt$optimal function value: 87.33848693000002
optimal value: [0. 0. 1. 0. 0. 0. 0. 0. 0. 0. 0. 1. 1. 1. 0. 0.]
status: SUCCESS
 ||[3.08720259 5.96738273 1.92392536 3.18764708 1.65046965 7.24928128
 0.91933859 0.89295615 0.83165555 1.63695723 1.01310972 1.66648715
 0.32102865 2.04322288 0.96789104 3.57925846 0.60714838 0.45492327
 0.64559751 3.40592841 1.22310917 4.59494582 3.52199171 3.60555174
 0.30528516 4.54998881 2.36665862 2.48614357 2.06505581 1.86141975
 2.86515011 5.23494603 2.47760588 5.98834816 0.72796088 3.7467979
 2.29517876 5.39792814 1.20432086 0.86691831]
 ||$qaoa_euc_shape1_paramseed-20_p-20.txt$optimal function value: 87.33848693000002
optimal value: [0. 1. 1. 0. 0. 0. 0. 0. 1. 0. 0. 0. 0. 0. 0. 1.]
status: SUCCESS
 ||[3.80442312 4.02813178 2.44337935 5.58207681 1.20009135 3.88727693
 2.65893381 5.41190379 1.9484814  0.97888396 1.23469876 6.39674285
 1.2093534  1.99233923 3.22755008 2.8079698  0.6293225  1.97334486
 2.83160721 2.41978503 1.31907506 3.93362751 2.44113432 3.07940657
 0.24457323 3.59651411 0.08951799 0.57564322 0.57327542 4.34646941
 0.86344836 4.31878092 0.51300629 0.73271538 0.05492406 4.41144981
 2.69279941 1.15434726 0.73115807 0.04842048]
 ||$qaoa_euc_shape3_paramseed-20_p-20.txt$optimal function value: 65.88913043
optimal value: [1. 0. 0. 0. 0. 0. 0. 0. 0. 0. 0. 1. 0. 0. 1. 0.]
status: SUCCESS
 ||[2.84685716 5.31359926 2.40801545 5.68142707 0.81466196 4.99509353
 2.84319346 5.48065094 1.8005538  1.06466152 1.29321643 6.24374067
 0.32637321 2.0058516  2.98669931 3.82186002 0.65716419 1.99127097
 2.85565254 2.10642717 1.34117201 3.9433821  2.52960446 3.09443874
 0.25395318 3.60449565 0.11042647 0.59492397 0.59640716 4.35642922
 0.91212156 4.32830392 0.52339023 0.72327185 0.07206752 4.43409032
 2.6982395  1.37910463 0.74646756 0.08259737]
 ||