$wsqaoa_euc_shape3_paramseed-1_p-20.txt$optimal function value: 62.24957653000001
optimal value: [1. 0. 0. 0. 0. 0. 0. 0. 0. 0. 1. 0. 0. 1. 0. 0.]
status: SUCCESS
 ||[1.42165463 5.32313405 3.39902307 1.6011209  1.55604021 3.82347796
 2.04570019 4.95443966 0.29167136 0.18080189 2.62998208 2.71770465
 2.3948845  0.08394665 1.29756579 4.53297516 0.71766574 5.93888621
 2.83142487 0.19117561 0.07928559 3.40156109 2.94984096 2.39461756
 0.67989858 2.65177441 0.0906141  1.39238163 1.37534638 3.11409957
 0.73128342 1.44998511 0.68705743 2.88726589 0.91026165 0.13452412
 2.63088355 3.49542709 2.01720708 1.1672204 ]
 ||$wsqaoa_euc_shape3_paramseed-2_p-20.txt$optimal function value: 70.38812846000002
optimal value: [1. 0. 0. 0. 0. 0. 0. 0. 0. 0. 1. 1. 0. 1. 0. 0.]
status: SUCCESS
 ||[4.00345961 5.95537125 0.17763106 1.00549224 2.62476019 4.45988919
 2.10402016 1.93607867 1.90364037 4.81266539 1.82591421 0.99515335
 2.35299185 3.47262199 2.27140922 6.25063384 2.98261119 4.41914728
 1.39753642 1.68537983 0.11285233 0.17242021 1.4605095  2.00096746
 1.19386865 5.60327964 1.65170696 3.52179049 0.7417977  0.14992312
 1.02148203 0.85884959 1.60294769 6.27491434 2.11894953 1.14256399
 3.80721451 5.00618805 2.30718291 5.69631335]
 ||$wsqaoa_euc_shape3_paramseed-3_p-20.txt$optimal function value: 75.66714922
optimal value: [0. 1. 0. 1. 0. 0. 0. 0. 0. 0. 1. 0. 1. 0. 0. 0.]
status: SUCCESS
 ||[1.74723135 4.4192967  1.16241202 3.79459528 1.96590137 0.41173692
 0.04136616 5.26195464 0.81476936 1.47231943 3.12791925 2.95474788
 2.62783661 2.99297335 2.0076795  0.94635779 1.9944536  5.45405511
 1.64359057 4.65735487 2.10925205 0.40226601 2.38206553 3.71399
 0.94644763 0.19482275 2.71910722 2.97037584 2.25827062 5.52172338
 2.243496   5.78746374 1.24077423 5.03223949 1.39679636 5.87847741
 2.76106605 0.61228292 0.42706943 1.36336095]
 ||$wsqaoa_euc_shape2_paramseed-4_p-20.txt$optimal function value: 59.367672529999965
optimal value: [0. 0. 1. 0. 0. 0. 0. 1. 0. 1. 0. 0. 0. 0. 0. 0.]
status: SUCCESS
 ||[0.74412483 0.629154   1.25941547 1.77308415 0.27051966 2.51770804
 2.89386093 5.03870433 2.39327103 1.39281705 2.67592929 1.7240777
 0.54759433 0.63993555 0.68902928 5.81489889 2.60911007 5.0296279
 2.53577097 1.1955017  0.94694869 3.90768591 2.30682613 5.3353721
 2.77806371 0.5133608  1.89389682 4.20252401 1.59601998 1.0871359
 1.48348911 0.51985908 2.91199772 5.44609045 1.74560786 1.85388839
 2.81871785 3.57348549 2.75597333 5.37572131]
 ||$wsqaoa_euc_shape3_paramseed-4_p-20.txt$optimal function value: 34.11246652
optimal value: [0. 1. 0. 0. 0. 0. 1. 0. 0. 0. 0. 1. 1. 0. 0. 0.]
status: SUCCESS
 ||[0.74282365 0.64826518 1.24435719 1.97493898 0.207575   2.52393517
 3.88525262 6.03022916 2.40467209 1.39460482 1.68451243 1.73749593
 0.54308587 0.66881081 1.67337261 6.82882916 2.60731509 5.06779534
 2.51194083 1.21293924 0.97083863 3.94058202 2.29828907 5.37140433
 2.76528337 0.54398874 1.90143653 4.2205296  1.5892002  1.11695043
 1.48729693 1.55881955 2.93660153 5.43842815 1.71934021 1.88626127
 2.86387936 3.59009065 2.77859643 5.32378913]
 ||$wsqaoa_euc_shape3_paramseed-5_p-20.txt$optimal function value: 34.11246652
optimal value: [0. 1. 0. 0. 0. 0. 1. 0. 0. 0. 0. 1. 1. 0. 0. 0.]
status: SUCCESS
 ||[ 2.98455397  4.52052556  3.68202927  5.74200875  2.13633161  5.59850238
 -0.03759868  2.72066496  2.85411325  4.01035508  2.60034675  0.47847553
  1.14621176  1.36392953  1.60413789  3.54772366 -0.30984132  1.24947718
  0.78387432  5.53692967  2.20998196  0.80848745  2.22419015  0.62230944
  1.91598498  0.60012012 -0.06087601  5.28918075  0.63277265  1.03057982
  2.92212325  5.4296542   0.73008276  5.942952    1.54071643  4.38841178
  0.52131787  5.78550034  2.02425477  5.94863314]
 ||$wsqaoa_euc_shape2_paramseed-6_p-20.txt$optimal function value: 75.84751230999998
optimal value: [1. 0. 0. 0. 0. 0. 0. 1. 0. 0. 1. 0. 0. 0. 1. 0.]
status: SUCCESS
 ||[ 3.50697567  5.18114233  2.57759564  2.66351325 -0.04345135  4.19156734
  1.50056285  4.68750035  1.10068865  5.85036543  0.82169116  5.00388052
  2.33007319  2.55769687  1.73935425  4.25085986  0.65255643  3.40541069
  2.5687162   1.64205572  2.63195891  4.17151761  2.56093281  2.11981966
  0.20355638  4.97722817  2.4003345   2.77289108  0.2199673   1.27307798
  3.08711715  1.80641443  2.97476808  3.68640585  0.60575488  4.09514246
  1.1274099   5.85299008  2.83484939  3.22687628]
 ||$wsqaoa_euc_shape3_paramseed-6_p-20.txt$optimal function value: 62.24957653000001
optimal value: [0. 0. 1. 0. 0. 0. 0. 0. 1. 0. 0. 0. 0. 0. 0. 1.]
status: SUCCESS
 ||[3.52428709 5.16351221 1.48794466 1.6376735  0.98446677 4.17464041
 1.51171691 4.73615063 1.1089103  4.84453413 0.87846338 5.01743648
 3.32041587 2.98827695 1.98575967 4.27762202 0.60126863 3.47250241
 2.51830663 1.66387278 2.51469297 4.29772836 2.63920365 2.10029663
 0.28302313 5.02199947 2.52001249 3.79939664 0.2837973  1.2254741
 1.98631598 1.8211285  2.97753343 3.68608812 0.62233376 4.10706629
 1.11937178 5.85136601 2.84212275 3.22808584]
 ||$wsqaoa_euc_shape2_paramseed-7_p-20.txt$optimal function value: 68.07826849
optimal value: [0. 1. 0. 0. 0. 0. 0. 1. 0. 0. 1. 0. 0. 0. 0. 1.]
status: SUCCESS
 ||[ 2.12333489  0.72640847  1.93315461  1.49918313  1.66849653  2.24507658
 -0.00803419  3.09971429 -0.03475957  2.59520607  0.14812431  1.57128198
  1.18154376  6.20532817  0.37863919  1.12141013  1.74744025  5.76503743
  1.59914797  2.32747805  3.01167944  0.09133781  3.70578547  1.61661146
  0.37509145  0.67442341  0.66458004  4.98861044  0.46392841  3.36788075
  1.94892191  2.33583713  1.61836602  0.34728226 -0.04447167  1.07256237
  1.89671735  2.50231376  0.87549842  3.46034881]
 ||$wsqaoa_euc_shape3_paramseed-7_p-20.txt$optimal function value: 37.817205
optimal value: [1. 0. 0. 0. 0. 0. 1. 0. 0. 0. 0. 1. 0. 1. 0. 0.]
status: SUCCESS
 ||[2.01736097 0.94780194 2.04481753 0.45512    1.68355274 2.2976983
 0.18220662 3.18832459 0.11781749 2.72468279 0.21950659 0.5699711
 1.33372115 5.19516049 0.38894286 1.4026926  1.97119306 5.9546584
 1.8130695  2.49245393 4.06701114 0.29268899 2.69696882 1.81967978
 0.45319734 1.74014004 0.96914    5.12788667 0.56777051 3.65431347
 2.00718873 2.33987346 1.72079446 0.39453544 0.187246   1.29409564
 2.13736242 2.68671295 0.9869834  3.67914272]
 ||$wsqaoa_euc_shape2_paramseed-8_p-20.txt$optimal function value: 64.29719343999997
optimal value: [0. 0. 0. 1. 0. 0. 1. 0. 1. 1. 0. 0. 0. 0. 0. 0.]
status: SUCCESS
 ||[1.72098241 6.05328125 0.3892542  4.43013204 0.25753796 1.55434414
 3.12435622 1.30978072 2.00105314 2.88903735 1.40534756 3.10517843
 0.58812812 5.22048214 0.28251198 1.45295583 0.040822   1.66573673
 1.28956387 5.649752   1.17168376 0.71136207 0.78546316 6.21676944
 0.17702988 3.88773582 1.16809591 4.14980705 1.04645526 4.33225615
 1.69286549 4.28340163 2.82654754 3.65368904 0.4461216  0.40314987
 2.97182098 3.06942005 0.60802694 5.94323101]
 ||$wsqaoa_euc_shape3_paramseed-8_p-20.txt$optimal function value: 64.87467772
optimal value: [0. 0. 1. 0. 1. 0. 0. 0. 0. 0. 0. 0. 0. 1. 0. 0.]
status: SUCCESS
 ||[0.70506474 6.03726719 1.39713253 5.42497464 0.26819588 1.54776079
 3.13929862 1.3133882  2.02249774 2.88720359 1.42341023 3.11026614
 0.60417627 5.21840637 0.28097671 1.47182715 0.0625401  1.67641643
 1.280462   5.66713231 1.19115091 0.71465265 0.8116068  6.23045719
 0.19778352 3.89642127 1.18482874 4.15225758 1.0632249  4.34328222
 1.56276052 4.08208879 3.83182539 3.65345218 0.44677936 0.40526972
 2.97234604 3.06881792 0.60922212 5.94445698]
 ||$wsqaoa_euc_shape2_paramseed-9_p-20.txt$optimal function value: 59.367672529999965
optimal value: [1. 0. 0. 0. 0. 0. 0. 1. 0. 1. 0. 0. 0. 0. 0. 0.]
status: SUCCESS
 ||[2.45462947 3.34575002 0.43524413 5.44479685 0.02017479 3.15904443
 2.81977723 0.50856561 2.7428958  4.87449217 0.1286483  2.38140793
 2.21011753 2.84025152 2.27796838 0.98760704 0.74786034 0.69712199
 1.59046746 5.80476221 1.85473254 4.86473845 1.20536241 4.68792273
 0.31944922 1.82976181 2.11824271 4.55988626 1.32487518 0.55135861
 0.83818651 1.31892023 0.88344218 5.08644464 0.62719312 5.56838552
 2.76080159 0.34281799 1.19003927 3.08950183]
 ||