$wsqaoa_euc_shape3_paramseed-9_p-20.txt$optimal function value: 70.08851390000001
optimal value: [0. 1. 0. 0. 1. 0. 0. 0. 0. 0. 1. 0. 0. 0. 1. 0.]
status: SUCCESS
 ||[1.49242461 3.31355564 0.42239434 6.47885893 0.02189782 3.15945159
 3.75580845 0.56248696 1.77550862 3.87843975 0.16936718 2.43667594
 2.23521964 2.77540706 2.32396655 1.00989851 0.712121   0.76136123
 1.55048706 5.83903235 1.89719967 4.86867838 1.24884839 4.70046452
 0.35973878 1.91681765 2.19371161 4.60931137 1.34216763 0.61273542
 0.85106806 1.37126547 0.95772653 5.52099911 0.4910432  5.46258159
 3.60936162 0.33767666 1.18436674 3.14953206]
 ||$wsqaoa_euc_shape3_paramseed-10_p-20.txt$optimal function value: 70.08851390000001
optimal value: [0. 0. 1. 0. 0. 0. 0. 1. 0. 1. 0. 0. 0. 1. 0. 0.]
status: SUCCESS
 ||[2.79947417 2.70661643 1.82803261 2.31860974 2.54680468 5.19116578
 2.01891524 0.97270748 1.62392809 2.0455864  0.77492394 6.95549531
 3.10584684 0.25353099 2.92333244 3.87811779 1.19511761 1.7773996
 2.11594108 2.87210289 2.14150643 4.15521741 0.4126649  4.8209039
 3.08135418 6.08701663 1.9181274  0.27748277 0.01083266 0.83768016
 2.95542281 1.90025287 1.14450212 5.63804879 0.98275171 3.4466995
 1.36395278 0.4045495  1.82785624 5.29701408]
 ||$wsqaoa_euc_shape1_paramseed-11_p-20.txt$optimal function value: 87.33848693000002
optimal value: [0. 1. 0. 0. 0. 0. 0. 0. 1. 0. 0. 0. 0. 0. 1. 1.]
status: SUCCESS
 ||[2.42660128 3.52820626 2.90609536 2.92485624 2.62358038 3.71153965
 0.57713141 3.21323575 2.97077804 4.98019806 0.29349892 2.91599226
 0.39901577 5.08228828 2.17423352 0.25918138 3.08117799 6.0540842
 2.05211781 3.90827505 0.51478545 0.10188943 1.88078652 0.36841352
 0.59251503 1.51780258 0.09561862 2.91122001 1.38209205 5.28833936
 1.62659398 4.022882   1.56475283 4.15868365 1.47835819 1.7464511
 3.1275395  6.26370512 2.63584613 4.44488465]
 ||$wsqaoa_euc_shape2_paramseed-11_p-20.txt$optimal function value: 59.367672529999965
optimal value: [1. 0. 0. 0. 0. 1. 0. 0. 0. 0. 0. 1. 0. 0. 0. 0.]
status: SUCCESS
 ||[2.41794102 4.39843293 3.78660739 2.92613613 1.76430873 3.67675253
 0.56435767 3.20119626 1.96263136 4.96683272 0.2798778  1.89040593
 0.27117351 5.07192496 2.16358108 0.24946425 3.06754391 6.0429058
 2.03871884 3.85221989 0.4805715  0.09256762 1.64355916 0.35984855
 1.58609705 1.51970317 0.09497477 2.91484791 1.38375666 5.29311074
 1.63058232 4.02891671 1.56589567 4.17511655 1.44339525 1.7474914
 3.13342476 6.25487385 2.64006696 4.44733002]
 ||$wsqaoa_euc_shape3_paramseed-11_p-20.txt$optimal function value: 72.64698858999998
optimal value: [1. 0. 0. 0. 0. 0. 0. 1. 0. 0. 1. 0. 0. 0. 0. 0.]
status: SUCCESS
 ||[ 1.27485878  3.36642395  2.79949574  2.77050342  1.41859528  3.57842901
  0.49342377  3.03496393  1.81918147  4.82919055  0.16632412  1.61811867
  0.23908001  5.05642062  2.01873364  0.15323402  2.87129577  5.93109134
  1.96162205  3.83143108  0.31920816 -0.14769594  1.56578187  0.17034358
  0.42471561  1.34361006 -0.08312632  2.76038331  1.38138715  5.24139932
  2.66380093  3.89631782  1.44837944  4.10356908  1.16693586  1.52989184
  2.89547127  6.0831614   2.45169451  4.25376718]
 ||$wsqaoa_euc_shape1_paramseed-12_p-20.txt$optimal function value: 83.58928574000004
optimal value: [1. 0. 0. 0. 0. 0. 0. 0. 0. 0. 0. 1. 0. 0. 1. 0.]
status: SUCCESS
 ||[2.49090603 4.13105506 2.09362576 0.89601511 0.03413529 2.35464749
 0.86092916 5.09155869 2.16956878 3.77907482 1.75362436 4.15518198
 1.4564829  2.76496368 0.50974242 5.6924334  0.18478902 5.14482166
 0.23441171 4.31618242 1.05874936 2.54226643 2.64651728 0.11687403
 0.19092627 5.74931561 1.59883078 0.57163833 3.10118389 5.94837798
 0.35353304 2.65907934 0.42431685 1.96374772 1.95238293 1.02745354
 2.18917044 0.32266301 0.53790061 5.12519998]
 ||$wsqaoa_euc_shape2_paramseed-12_p-20.txt$optimal function value: 60.964423169999975
optimal value: [0. 0. 1. 0. 0. 0. 0. 1. 1. 0. 0. 0. 0. 0. 0. 0.]
status: SUCCESS
 ||[1.48613023 4.12951145 2.10447417 0.88425845 0.0262531  2.35519587
 0.86017667 5.08947162 2.16675151 3.77887921 1.75937601 4.15080536
 0.46790307 2.77193054 0.51653645 5.70026097 0.17469178 5.14136495
 0.23407116 4.31204618 1.05491015 2.53779985 3.64615158 1.11875691
 1.19148511 5.74999743 1.5977713  0.57162538 3.11711717 5.93106003
 0.3539145  2.65910051 0.41893171 1.9611631  1.95140557 1.02643084
 2.18296702 0.31864794 0.53851471 5.12532928]
 ||$wsqaoa_euc_shape3_paramseed-12_p-20.txt$optimal function value: 63.02959926
optimal value: [0. 1. 0. 0. 0. 0. 0. 0. 0. 0. 1. 0. 1. 0. 0. 0.]
status: SUCCESS
 ||[2.490909   4.13115702 3.09359213 0.89598641 0.03419697 2.3545852
 0.86116246 5.09158432 2.16950445 3.77910446 1.75376997 4.15517835
 0.45655091 2.76497225 0.50981346 5.69239944 0.18482384 5.14746623
 0.23018601 4.33109211 1.05840266 2.54224029 2.64642056 0.11687743
 0.19102843 5.74933796 1.59881924 0.57170898 3.10114405 5.9483448
 0.35352346 2.65887717 0.42421131 1.96394576 1.95227615 1.02741795
 2.18915677 0.32262653 0.53788692 5.12526827]
 ||$wsqaoa_euc_shape1_paramseed-13_p-20.txt$optimal function value: 87.33848693000002
optimal value: [0. 1. 0. 0. 0. 0. 0. 0. 1. 0. 0. 0. 0. 0. 1. 1.]
status: SUCCESS
 ||[0.81149701 4.30532819 2.14945855 5.33686237 1.58353314 1.4500379
 1.46656105 1.41523356 2.30633684 1.81862917 1.66967219 1.33990067
 0.92716724 2.71154567 2.63250271 3.82249461 0.04657193 1.73296589
 0.46166468 6.47405379 2.5442725  5.06478008 2.59600106 4.67959126
 2.98229607 4.98724667 0.80689208 5.3392833  1.52952978 4.74358334
 1.77525956 2.69828558 1.14297726 2.70053516 0.98556388 0.73706483
 2.57475506 5.01558983 3.09665019 4.34134536]
 ||$wsqaoa_euc_shape2_paramseed-13_p-20.txt$optimal function value: 34.534382419999986
optimal value: [0. 1. 0. 0. 0. 0. 1. 0. 1. 0. 0. 0. 0. 0. 0. 1.]
status: SUCCESS
 ||[1.73424385 5.21883195 1.99346553 5.73293405 0.39775914 1.31550196
 1.36379619 1.40637989 2.29752157 0.94521588 1.57123085 1.3419576
 0.8977751  2.70062717 2.62038454 3.81502946 0.01511906 1.72060941
 0.2207388  5.38144224 2.50256618 5.05514246 2.48564911 4.67150058
 3.35246888 4.90378036 0.7988131  5.33197481 1.51982015 4.99151549
 1.70558474 2.59141164 1.46520847 2.68593225 0.97682613 0.73032831
 2.91450991 5.006357   3.08640631 4.22233323]
 ||$wsqaoa_euc_shape3_paramseed-13_p-20.txt$optimal function value: 65.88913043
optimal value: [1. 0. 0. 0. 0. 0. 0. 0. 0. 0. 0. 1. 0. 0. 1. 0.]
status: SUCCESS
 ||[1.79829049 4.31522933 2.16247532 5.34515818 0.59571945 1.47331526
 0.51417676 1.43323675 2.33518484 0.82052387 1.69091512 1.35448655
 0.94792929 2.73319566 2.65524317 3.82926849 0.06206912 1.73993352
 0.47201944 5.49006284 2.57473907 5.07321132 2.61160359 4.70736472
 3.00188608 4.50100348 0.8008795  5.33932622 1.5357449  4.74554719
 1.74185127 2.70774885 1.10651073 2.71432376 1.0086991  0.74627531
 2.57894864 5.01691134 3.11516496 5.38507028]
 ||$wsqaoa_euc_shape1_paramseed-14_p-20.txt$optimal function value: 94.72251544000002
optimal value: [0. 0. 0. 1. 0. 0. 0. 0. 0. 1. 0. 0. 1. 0. 1. 0.]
status: SUCCESS
 ||[0.33555461 4.41450638 3.04848212 5.90840776 0.85170004 1.60706536
 2.30613506 4.13716456 0.95188618 4.29918571 1.24618037 4.88529789
 0.37196657 1.40279763 2.83200139 2.24962571 0.8181105  5.05344775
 1.98444314 0.9406135  1.73206536 4.17197558 0.51820648 4.09476171
 0.38653053 2.11779654 0.26138504 1.2844202  3.07252215 2.53637391
 4.11155035 3.75610613 1.90859927 5.48268456 2.15789682 0.70077316
 1.85066586 3.98185566 0.56928838 0.59486029]
 ||$wsqaoa_euc_shape2_paramseed-14_p-20.txt$optimal function value: 32.55298180999998
optimal value: [1. 0. 0. 0. 0. 0. 1. 0. 0. 0. 0. 1. 0. 1. 0. 0.]
status: SUCCESS
 ||[0.34946753 4.41864759 2.03805849 5.91434165 0.84528491 2.02511155
 3.56699924 4.16400458 0.97948084 4.3270811  1.27587431 4.91514455
 0.39943493 1.43145148 3.86320634 2.24766815 0.81325386 5.04905005
 1.9820446  0.93613244 1.73047548 4.17087183 0.51382097 4.09167215
 0.38598148 2.11655043 0.25900685 1.28382294 3.0711552  2.53028586
 3.10790813 2.75402964 1.90705738 5.4785612  2.15600471 0.69789595
 1.84703304 3.9806961  0.56777693 0.59347323]
 ||$wsqaoa_euc_shape3_paramseed-14_p-20.txt$optimal function value: 34.11246652
optimal value: [0. 1. 0. 0. 0. 0. 1. 0. 0. 0. 0. 1. 1. 0. 0. 0.]
status: SUCCESS
 ||[1.33527643 4.41209352 2.05140162 5.90757889 1.85679126 1.61337408
 2.30112659 5.13454869 0.99677437 4.29320541 1.24981013 4.87764384
 0.37596466 2.39932604 2.8527364  2.28304111 0.81672628 5.05332481
 1.98368851 0.9410612  1.72940135 4.16837321 0.51735613 4.09500471
 0.38453313 2.11660684 0.26061711 1.2846185  3.07144456 2.53657268
 3.10989163 2.75605104 1.90700381 5.48255529 2.15529629 0.69773142
 1.84624691 3.97733309 0.56822775 0.59418782]
 ||$wsqaoa_euc_shape1_paramseed-15_p-20.txt$optimal function value: 48.697738310000005
optimal value: [1. 0. 0. 0. 0. 1. 0. 0. 0. 0. 1. 0. 0. 0. 0. 1.]
status: SUCCESS
 ||[4.03241957 1.07308384 3.3121635  0.99296343 3.09868516 0.10591758
 2.76289199 4.28098573 3.69350407 6.28197409 0.75314417 2.12414395
 2.2248563  1.76298646 0.82732092 1.43656349 2.69507547 5.49483692
 2.5057439  2.40341211 2.90539404 3.21316502 0.7269425  2.86229856
 2.3190354  0.49613099 1.77404528 2.26177958 1.78952218 5.84485468
 2.02838144 2.54518035 2.71292576 6.25284755 1.54023983 5.9376675
 0.05887985 0.88173106 0.54100032 5.8939746 ]
 ||$wsqaoa_euc_shape2_paramseed-15_p-20.txt$optimal function value: 32.55298180999998
optimal value: [0. 1. 0. 0. 0. 0. 0. 1. 0. 0. 1. 0. 1. 0. 0. 0.]
status: SUCCESS
 ||[4.0316831  0.07034769 3.31176223 0.97942503 3.09769657 0.10317634
 3.75900614 5.27942032 2.69288831 6.28157136 0.75842575 2.1250912
 2.22596691 1.76381359 0.82555632 1.43416994 2.6959477  5.49252616
 3.50430824 1.40346279 2.91941961 4.21566103 0.72246087 2.85785378
 1.31630569 0.48989744 1.77003348 2.25932047 1.80877063 5.84185166
 2.02485425 3.54275283 2.71325723 6.25243811 1.5405223  5.93658405
 0.05754244 0.88193881 0.53921989 6.89447024]
 ||$wsqaoa_euc_shape3_paramseed-15_p-20.txt$optimal function value: 34.11246652
optimal value: [0. 1. 0. 0. 0. 0. 1. 0. 0. 0. 0. 1. 1. 0. 0. 0.]
status: SUCCESS
 ||[3.03225111 0.07338173 3.31210842 1.99316698 3.09867388 1.10612072
 2.76281863 4.28091396 2.69343193 6.28191891 0.75288854 2.12408472
 2.22493112 1.7716397  0.82051905 1.436316   2.69487549 5.49091002
 2.51631861 1.40368341 2.90550128 3.21305955 0.72695277 2.86226372
 1.3191136  0.49604438 1.77405665 2.2617632  1.78958277 5.84471675
 2.02806635 2.54500298 2.71290803 6.25285765 1.54032755 5.9378665
 0.05903077 0.88158303 0.54101594 5.89402678]
 ||$wsqaoa_euc_shape1_paramseed-16_p-20.txt$optimal function value: 87.33848693000002
optimal value: [0. 1. 0. 0. 0. 0. 0. 0. 1. 0. 0. 1. 0. 0. 1. 0.]
status: SUCCESS
 ||[2.13574721 4.01894108 1.30988217 2.80705939 1.28652555 5.13248607
 0.81324914 3.9897998  0.03184413 1.8977782  1.05264081 0.89188481
 2.33549563 1.94845828 2.47948466 6.00801199 0.796419   5.61428533
 3.53727986 4.19352192 0.08596953 2.87007539 1.9689953  2.86123406
 0.70482413 1.94646456 0.81125907 4.95004758 1.09256524 2.65856389
 2.0201288  5.95886064 0.92056379 0.27651691 3.05954946 5.23116138
 2.48291843 3.28843519 0.73764091 0.97078576]
 ||$wsqaoa_euc_shape2_paramseed-16_p-20.txt$optimal function value: 64.29719343999997
optimal value: [1. 0. 0. 1. 0. 1. 0. 0. 0. 0. 1. 0. 0. 0. 0. 0.]
status: SUCCESS
 ||[2.37221513 4.00077742 1.23660692 2.82836849 1.30268313 4.157167
 0.83135004 4.01464505 0.06118441 1.92247269 1.05980759 0.91968623
 2.33468555 1.96481814 2.50334999 6.01169958 0.79293541 5.61873992
 2.54154805 4.19407701 0.06581871 2.87291691 1.7734771  1.73063885
 0.72842514 1.97689781 0.82560287 4.97240482 1.11349232 2.6866733
 3.03664407 5.95821548 0.9148286  0.27445076 3.06526426 5.23512792
 2.47914736 3.29617872 0.73686382 0.95673189]
 ||$wsqaoa_euc_shape3_paramseed-16_p-20.txt$optimal function value: 61.949961970000004
optimal value: [0. 0. 1. 0. 0. 1. 0. 0. 0. 0. 0. 0. 0. 0. 0. 1.]
status: SUCCESS
 ||[ 2.12002826e+00  3.04521219e+00  1.25732004e+00  2.81582248e+00
  1.29891377e+00  4.13080989e+00  7.73399358e-01  3.97909715e+00
 -6.52356422e-03  1.87987738e+00  1.08807816e+00  8.81328060e-01
  2.31875387e+00  1.95771328e+00  3.50811375e+00  5.97169170e+00
  7.81359854e-01  6.60361131e+00  2.47852371e+00  4.12687310e+00
  1.61493438e-01  3.06000029e+00  1.95963427e+00  1.85272844e+00
  6.92781993e-01  1.93650666e+00  8.03239746e-01  4.94620118e+00
  1.08339309e+00  2.65294253e+00  2.01585252e+00  5.95290754e+00
  9.11842304e-01  2.68362251e-01  3.04906026e+00  5.22537129e+00
  2.47484743e+00  3.28081471e+00  7.33080452e-01  9.60043406e-01]
 ||$wsqaoa_euc_shape1_paramseed-17_p-20.txt$optimal function value: 91.83066781999995
optimal value: [0. 1. 0. 0. 0. 0. 1. 0. 1. 0. 0. 0. 0. 0. 1. 0.]
status: SUCCESS
 ||[1.63974266 6.06847779 3.01897168 1.81876322 2.40707521 4.42529581
 3.07819607 0.69229319 0.08478189 2.41395389 2.34503559 1.58448007
 1.57721866 1.99406967 2.65906819 5.9391602  1.2617664  6.27350329
 0.19505344 5.10546425 2.74987933 0.94889478 3.21641842 3.51106054
 3.00089703 1.31952281 1.69638371 5.54459946 2.00679613 1.94257817
 0.25751313 5.90489072 1.48943721 7.26010118 0.44488274 5.10320236
 2.55529462 5.78031922 0.05604732 2.33849617]
 ||$wsqaoa_euc_shape2_paramseed-17_p-20.txt$optimal function value: 65.44250374999999
optimal value: [1. 0. 0. 0. 0. 1. 0. 0. 0. 0. 0. 0. 0. 0. 0. 1.]
status: SUCCESS
 ||[2.61456197 5.10247166 4.04040566 1.78164441 2.34613698 4.38375132
 2.1414641  1.75559994 0.13499936 2.49510364 2.81640199 2.58185954
 1.56952639 1.98274529 2.655845   5.92361624 1.25787978 6.26850666
 0.18160787 5.09958521 2.74130366 0.94096998 2.21588167 3.51009301
 2.9941469  1.31102638 1.68831587 5.54917713 3.0152542  1.9359668
 0.24369275 5.90303586 1.48170964 6.25290785 0.43722537 5.08461193
 2.54762312 5.77763954 0.04830452 2.33609114]
 ||$wsqaoa_euc_shape3_paramseed-17_p-20.txt$optimal function value: 64.87467772
optimal value: [1. 0. 0. 0. 0. 0. 1. 0. 0. 0. 0. 0. 0. 1. 0. 0.]
status: SUCCESS
 ||[1.64288584 6.0792841  3.0181741  1.82807426 2.40737641 5.42602922
 2.0750709  0.67040557 0.10869294 2.4121562  2.34958868 1.57928167
 1.58268822 1.98842945 2.66083929 5.93635402 1.26103428 7.27608067
 0.19024135 5.08947994 2.74356923 0.93611302 2.21201322 3.50539463
 3.00957231 1.30707549 1.71315243 5.57515337 2.00202408 1.9390414
 0.24820526 5.89973082 1.49753382 6.26388606 0.4802394  5.10887572
 2.55569067 5.78180012 0.05126863 2.3372764 ]
 ||$wsqaoa_euc_shape1_paramseed-18_p-20.txt$optimal function value: 48.697738310000005
optimal value: [0. 0. 0. 1. 0. 0. 1. 0. 0. 1. 0. 0. 1. 0. 0. 0.]
status: SUCCESS
 ||[1.65261279 4.32027752 0.90796727 1.36394704 1.58696087 3.20748906
 1.42596404 2.67410267 0.55180154 1.61589875 2.08397403 2.99277118
 2.08539449 4.90898745 2.66525522 5.87696455 0.67956278 1.4330538
 2.26792154 3.59628766 0.57688714 4.2997493  2.72123559 5.19696815
 0.61943697 1.87010206 0.01280112 6.0598267  0.66552205 4.70921678
 1.66882173 3.67871559 1.63211835 5.1119463  1.83000622 1.85919883
 0.31266018 2.95690561 2.88858706 0.77144018]
 ||$wsqaoa_euc_shape2_paramseed-18_p-20.txt$optimal function value: 58.02846945999997
optimal value: [0. 0. 0. 1. 0. 1. 0. 0. 1. 0. 0. 0. 0. 0. 0. 0.]
status: SUCCESS
 ||[1.56943278 4.15590931 2.05104767 2.24366299 1.53787038 3.1041287
 1.50723237 2.87982571 0.83101656 1.59469791 2.17361231 2.03850637
 2.12006718 4.94595762 2.72042852 5.93148577 0.73686623 1.49163127
 2.30852426 3.61622679 0.63420072 4.25753658 3.74335575 5.25142635
 0.6789004  1.8783346  0.02093515 6.13030013 0.6925435  4.56855093
 1.68986483 3.72886139 1.65476879 5.18698099 1.88473896 1.90498653
 0.36077827 2.99956026 2.89956306 0.91230446]
 ||$wsqaoa_euc_shape3_paramseed-18_p-20.txt$optimal function value: 63.02959926
optimal value: [0. 0. 1. 0. 0. 0. 0. 0. 0. 0. 0. 1. 0. 1. 0. 0.]
status: SUCCESS
 ||[1.56946299 5.00921892 1.85597181 1.2287044  1.53786555 3.08906374
 1.49229164 2.86471483 0.81595077 1.57968623 2.15865434 2.02349471
 2.1050538  4.93100144 2.70547091 5.91649784 1.72187197 1.49161306
 2.30852369 3.6162328  0.63419695 4.25748078 2.743417   5.2513785
 0.6788734  1.87838771 0.02092346 6.13037322 0.69251493 4.56855193
 1.68992844 3.72881822 1.65478882 5.18695927 1.88473774 1.90499505
 0.36074458 2.99961778 2.8995435  0.91232332]
 ||$wsqaoa_euc_shape1_paramseed-19_p-20.txt$optimal function value: 48.13067508999998
optimal value: [1. 0. 0. 0. 0. 0. 1. 0. 0. 1. 0. 0. 0. 0. 0. 1.]
status: SUCCESS
 ||[2.13407043 4.92716903 2.63340607 3.20761658 1.2785806  6.30276632
 0.9099318  0.93630074 0.81533303 1.63777545 1.02467918 1.68508285
 0.33037857 2.04077632 0.98161535 3.07812548 0.6299517  0.44647756
 0.63609214 3.40718846 1.21977835 4.60729073 2.52530636 2.6014057
 0.31126424 4.57358011 2.37826459 3.48729706 3.06833662 1.87895355
 2.87114356 5.23507131 3.49054326 6.99365263 0.73002182 3.42541302
 2.29714907 5.02098654 1.22533539 0.86990103]
 ||$wsqaoa_euc_shape2_paramseed-19_p-20.txt$optimal function value: 32.55298180999998
optimal value: [0. 1. 0. 0. 0. 0. 0. 1. 1. 0. 0. 0. 0. 0. 1. 0.]
status: SUCCESS
 ||[2.16131932 6.15841431 2.61048971 3.23194606 2.47460676 7.29597909
 0.92398647 1.9370519  0.78642847 1.62019117 1.0111947  1.67321719
 0.32175161 2.03999969 0.96222536 3.5665268  0.61704929 0.4330702
 0.61666019 3.39979064 1.21335522 4.59876962 2.50757318 2.58780967
 0.2758223  4.56475301 2.36146568 2.47031266 2.05683279 1.86530663
 2.86789194 5.22366124 2.47747308 5.9797387  0.72569979 3.41660171
 2.29154935 5.02030972 1.21930723 0.86441164]
 ||$wsqaoa_euc_shape3_paramseed-19_p-20.txt$optimal function value: 34.11246652
optimal value: [0. 0. 1. 0. 0. 1. 0. 0. 1. 0. 0. 0. 0. 0. 0. 1.]
status: SUCCESS
 ||[2.13164026 4.93233519 1.63821616 3.2120656  1.23980569 6.26186652
 0.91169545 0.92856805 0.80114886 1.57935785 1.02985752 1.68027369
 0.339185   2.04200209 0.97662726 3.57797557 0.6303102  0.44712925
 0.63362814 3.41077903 1.21847324 4.61806086 2.5250338  2.60681258
 0.31006105 4.57805146 2.37271541 2.48661778 2.07095105 1.87710942
 2.87864657 5.3512517  2.42615546 5.99384796 0.73245428 3.42701315
 2.29825151 5.03660415 1.22736345 0.87124939]
 ||$wsqaoa_euc_shape1_paramseed-20_p-20.txt$optimal function value: 48.13067508999998
optimal value: [0. 0. 1. 0. 1. 0. 0. 0. 0. 1. 0. 0. 0. 0. 0. 1.]
status: SUCCESS
 ||[2.84516349 4.31193307 2.40810492 5.68391592 0.81633436 3.9944365
 3.84346701 5.47887361 1.79422308 1.06446571 1.29256514 7.24454708
 0.32459685 2.00490314 2.98498611 2.82362617 1.65544165 2.9878617
 2.8543466  2.10924893 1.346034   3.94312686 2.53113844 3.09138352
 0.25631737 3.60093764 0.11081695 0.59308895 0.5981562  4.34410516
 0.90068361 4.33693999 0.51315211 0.73944436 0.07332914 4.43450621
 2.69896542 1.38016426 0.74632353 0.08153439]
 ||$wsqaoa_euc_shape2_paramseed-20_p-20.txt$optimal function value: 64.29719343999997
optimal value: [0. 1. 0. 0. 0. 0. 1. 0. 1. 0. 0. 1. 0. 0. 0. 0.]
status: SUCCESS
 ||[2.86302408 4.26943881 3.37478067 5.60430676 0.98338819 3.96716549
 3.53238229 6.19315338 2.78769813 1.00205043 1.26215711 7.2522902
 0.48957701 1.98015675 2.92683034 2.81812816 0.64252474 1.93240196
 2.77688508 3.13305209 1.27151362 3.85398494 2.45711884 3.02919009
 0.17275553 3.53702423 0.06543519 0.55292587 0.52240973 4.32508771
 0.80198404 4.27951802 0.48653002 0.68638156 0.03435744 4.88174209
 2.62098504 1.33531063 0.70655082 1.04927698]
 ||$wsqaoa_euc_shape3_paramseed-20_p-20.txt$optimal function value: 37.817205
optimal value: [0. 0. 0. 1. 0. 1. 0. 0. 0. 0. 1. 0. 1. 0. 0. 0.]
status: SUCCESS
 ||[2.85233428 4.31315557 2.88868171 5.82097197 0.8168588  4.9943868
 2.84141299 5.47908422 1.79973179 2.0653141  1.29041854 6.24251127
 0.32095379 2.00143543 2.98128235 2.82118849 0.65164702 1.98985552
 2.85328478 2.10707055 1.3394096  3.94086135 2.52794045 3.08864097
 0.25361527 3.59973266 0.1051669  0.58982562 0.5952569  4.35387146
 0.88991046 4.33542873 0.51127729 0.73563342 0.07080395 4.43379601
 2.69670661 1.37718733 0.74256241 0.08108043]
 ||