$hadfield_neuc_shape3_paramseed-1_sp-0123_p-20.txt$optimal function value: 44.55872038000001
optimal value: [0. 1. 0. 0. 0. 0. 1. 0. 1. 0. 0. 0. 0. 0. 0. 1.]
status: SUCCESS
 ||[0.42141794 5.31715263 2.39902603 1.60127178 1.55657631 2.82385862
 2.0470086  4.9559868  0.30337449 0.17895776 2.62701141 2.7142225
 2.39192463 0.01282635 1.400619   4.53604641 0.72054156 5.94034224
 2.8334597  0.19277332 0.0813193  3.40419984 3.95083748 2.39550691
 0.68002934 2.65181491 0.09053151 1.39399705 1.38591004 3.10972821
 0.72292794 1.45674882 0.68750508 2.88818853 0.90968649 0.13474264
 2.63143852 3.4964175  2.01833745 1.1680783 ]
 ||$hadfield_euc_shape2_paramseed-1_sp-0123_p-20.txt$optimal function value: 30.655645410000005
optimal value: [0. 0. 1. 0. 0. 1. 0. 0. 1. 0. 0. 0. 0. 0. 0. 1.]
status: SUCCESS
 ||[1.41588574 5.32200802 2.41003915 1.60504948 1.5581153  2.82270514
 2.03650252 4.9565537  0.30459169 0.17109317 2.61703606 2.72780192
 3.38691321 1.01327295 1.38373439 4.59443828 0.70421207 5.93510195
 2.82114611 0.18744844 0.08040471 4.40320696 2.94890417 2.39829998
 0.67718625 2.63846874 0.08854185 1.37896977 1.35178251 3.11478941
 0.73669435 1.45059513 0.68231178 2.89218331 0.95711501 0.20890671
 2.61554502 3.47359107 1.99523005 2.14739454]
 ||$hadfield_euc_shape3_paramseed-1_sp-0123_p-20.txt$optimal function value: 32.53962615999998
optimal value: [0. 1. 0. 0. 0. 0. 1. 0. 1. 0. 0. 0. 0. 0. 0. 1.]
status: SUCCESS
 ||[0.4292017  5.32925609 2.39799945 2.60234331 2.55589099 2.82971981
 3.04753936 4.95313317 0.29123854 0.18557552 2.6362732  3.71277723
 2.38788329 0.01217856 1.61476994 4.40628532 0.72425157 5.9297001
 2.80536491 0.20926224 0.08006734 4.40170485 2.95056416 2.395594
 0.68064452 2.65253053 0.09232057 1.39194727 1.37413277 3.11559653
 0.7322174  1.4515343  0.68732304 2.8863084  0.90694222 1.140725
 2.63133943 3.49606225 2.01814397 1.16726425]
 ||$hadfield_neuc_shape3_paramseed-2_sp-0123_p-20.txt$optimal function value: 44.55872038000001
optimal value: [0. 1. 0. 0. 0. 0. 1. 0. 1. 0. 0. 0. 0. 0. 0. 1.]
status: SUCCESS
 ||[3.99231057 5.95420859 0.17663051 1.53584474 2.50992853 4.46914505
 2.10402195 1.93787924 1.90367098 3.81491767 1.87390545 1.01456073
 1.41541682 2.36416548 2.27215838 6.25138877 3.08297108 3.34466605
 1.39759962 1.6853576  0.11277755 0.17242011 1.46058047 2.00088391
 1.19373308 5.6033675  1.65157601 3.52174806 0.74170683 0.14991203
 1.0212887  0.85885978 1.60283956 6.27490678 2.11881523 1.1424897
 2.89563893 4.91788457 2.30716633 5.69623089]
 ||$hadfield_euc_shape2_paramseed-2_sp-0123_p-20.txt$optimal function value: 30.655645410000005
optimal value: [0. 0. 1. 0. 0. 1. 0. 0. 1. 0. 0. 0. 0. 0. 0. 1.]
status: SUCCESS
 ||[4.00199086 5.95473436 0.17726556 0.5419266  2.62346032 4.62288064
 2.10227951 1.93125067 1.92741981 3.81248299 1.80844631 0.95520783
 1.34822552 2.47876268 2.27852172 6.250429   2.9887516  3.42549363
 1.40345478 2.69347952 0.11274651 0.17232324 1.46011813 2.00088369
 2.19405898 5.60297929 1.65234763 3.5221175  0.74163749 0.15003437
 1.02193629 0.85931575 1.60323233 6.27500637 2.11882864 1.14251706
 2.80726711 5.00596781 2.30794105 5.69614992]
 ||$hadfield_euc_shape3_paramseed-2_sp-0123_p-20.txt$optimal function value: 32.53962615999998
optimal value: [0. 1. 0. 0. 0. 0. 1. 0. 1. 0. 0. 0. 0. 0. 0. 1.]
status: SUCCESS
 ||[3.82326832 6.99534325 0.17571937 1.55042916 3.15266155 4.80874499
 2.31044798 2.17170007 2.25781571 4.10660062 2.06235866 1.29784716
 1.41875554 2.70511949 2.48009481 6.45164274 4.30195467 3.35412723
 1.36304318 2.69530081 0.11498884 0.17047535 1.38973458 1.88628958
 1.09187847 5.4990617  1.54798134 3.44232449 0.70197546 0.10608052
 1.00928777 0.83510677 1.58002163 6.22696179 2.0172877  1.05512314
 2.71190705 4.98087556 2.24517524 5.61376108]
 ||$hadfield_neuc_shape3_paramseed-3_sp-0123_p-20.txt$optimal function value: 44.55872038000001
optimal value: [0. 1. 0. 0. 0. 0. 1. 0. 1. 0. 0. 0. 0. 0. 0. 1.]
status: SUCCESS
 ||[ 0.75526454  4.42494628  1.16744172  3.80062285  1.96337975  0.40362392
  1.05591569  6.25536947  0.78546711  1.48596414  3.14517742  2.9168505
  3.63950686  2.98660242  2.03625134  0.92779796  2.04673161  5.45242794
  1.62244571  4.66839838  2.14932672 -0.06531754  2.27293759  3.73915961
  0.96988826  0.22093889  2.74345823  2.99986944  2.28665806  5.54431832
  2.26651214  5.81104593  1.26478092  5.05583067  1.42447421  5.90509364
  2.7888133   0.63882551  1.45807343  2.61240807]
 ||$hadfield_euc_shape2_paramseed-3_sp-0123_p-20.txt$optimal function value: 30.655645410000005
optimal value: [0. 0. 1. 0. 0. 1. 0. 0. 1. 0. 0. 0. 0. 0. 0. 1.]
status: SUCCESS
 ||[0.74681366 3.41929275 1.16032442 3.79298281 2.96428706 0.41176025
 0.04675337 5.26561301 1.82768718 2.47267962 3.12821944 2.95372935
 2.62910869 2.99355975 2.00928522 0.94759783 1.98894096 6.44276763
 1.6440557  4.65201914 2.10955948 0.40282458 2.37975092 3.71683508
 0.94402263 0.19438808 2.71939571 2.97011826 2.25778639 5.52419006
 2.2432156  5.78691616 1.24090033 5.0341532  1.39626565 5.87515805
 2.75498512 0.61208213 0.4265353  1.36220242]
 ||$hadfield_euc_shape3_paramseed-3_sp-0123_p-20.txt$optimal function value: 32.53962615999998
optimal value: [0. 1. 0. 0. 0. 0. 1. 0. 1. 0. 0. 0. 0. 0. 0. 1.]
status: SUCCESS
 ||[0.74397248 3.43223414 1.16356308 3.79206204 1.95881536 0.40403427
 0.27452887 5.5754151  0.63330365 1.47133665 2.94776274 3.77330256
 2.62780896 2.99175633 2.24321779 0.944074   1.91085184 5.45273044
 2.64126011 4.65666102 2.10880268 0.40240257 2.38206765 3.71431573
 0.9463775  0.19563528 2.71972318 2.97148317 2.25859255 5.52209144
 2.24447111 5.78678834 2.24118187 5.0316081  1.39760187 5.87888475
 2.76038354 0.61143845 0.42995496 2.36270218]
 ||$hadfield_neuc_shape2_paramseed-4_sp-0123_p-20.txt$optimal function value: 65.76070403
optimal value: [0. 0. 1. 0. 0. 1. 0. 0. 1. 0. 0. 0. 0. 0. 0. 1.]
status: SUCCESS
 ||[0.74902748 0.63125591 1.25234754 0.9925945  0.22603944 2.53953541
 2.87154421 5.03977904 3.39230367 1.34287961 1.67832643 1.77587573
 0.40842632 0.62283956 0.65027247 5.80938766 2.59343481 5.25557728
 2.67143718 1.20588455 0.97293311 3.94706742 2.33452832 5.3705813
 2.72660659 0.54710416 1.89651965 4.21067662 1.58339879 1.15778467
 1.50947805 0.60066795 2.89404809 5.44551041 1.87059433 2.07713063
 2.85282603 3.58651144 2.72871249 5.2696169 ]
 ||$hadfield_neuc_shape3_paramseed-4_sp-0123_p-20.txt$optimal function value: 44.55872038000001
optimal value: [0. 1. 0. 0. 0. 0. 1. 0. 1. 0. 0. 0. 0. 0. 0. 1.]
status: SUCCESS
 ||[1.73988638 0.65157196 1.24738892 0.96776673 0.20704111 2.51506597
 2.87920617 5.02141601 2.40664679 1.40275524 1.68154945 1.73221796
 0.53379729 0.66351255 0.68317807 6.83451752 2.59642444 5.05284855
 2.50253709 1.20560261 0.97339913 3.92917787 2.28899868 5.3541061
 2.73344647 0.55606694 1.86350837 4.21079785 1.54883472 1.11320101
 1.45047763 0.54369536 2.90513692 5.42171681 1.91096698 2.02006115
 2.85265403 3.59451498 2.77040345 5.32682835]
 ||$hadfield_euc_shape2_paramseed-4_sp-0123_p-20.txt$optimal function value: 30.655645410000005
optimal value: [0. 0. 1. 0. 0. 1. 0. 0. 1. 0. 0. 0. 0. 0. 0. 1.]
status: SUCCESS
 ||[0.74297511 0.64838271 1.21786486 0.97685311 1.15947125 2.51625364
 2.61843367 5.04639172 2.44425481 1.42076608 1.65399855 1.77501212
 0.59096384 0.68247766 0.69181852 5.84470536 2.62363096 6.0803303
 2.51446174 1.2144913  0.9730616  3.93816544 2.29912877 5.36997424
 2.76411859 0.54325866 1.90346409 4.2210432  1.5899323  1.11698264
 1.49082142 0.56030373 2.93504843 5.43815752 1.72163564 1.88628537
 2.85653374 3.59563723 2.77137328 5.32901368]
 ||$hadfield_euc_shape3_paramseed-4_sp-0123_p-20.txt$optimal function value: 32.53962615999998
optimal value: [0. 1. 0. 0. 0. 0. 1. 0. 1. 0. 0. 0. 0. 0. 0. 1.]
status: SUCCESS
 ||[0.74180154 0.64795019 1.24393846 0.97363336 1.20876518 2.52363315
 2.8842905  5.0312494  2.39788474 1.40223162 2.68788283 2.73794523
 0.54275809 0.67085372 0.66690111 6.8270876  2.4808114  5.06823091
 2.51762829 1.21842681 0.97341823 3.93918112 2.29910481 5.36983354
 2.76453003 0.54495544 1.90356426 4.21932511 1.58919577 1.11634131
 1.48805473 0.56129781 2.93574404 5.43814228 1.72016259 1.88602672
 2.85562266 3.59610177 2.77351227 5.32826324]
 ||$hadfield_neuc_shape2_paramseed-5_sp-0123_p-20.txt$optimal function value: 65.76070403
optimal value: [0. 0. 1. 0. 0. 1. 0. 0. 1. 0. 0. 0. 0. 0. 0. 1.]
status: SUCCESS
 ||[1.95599569e+00 4.66076947e+00 2.49793069e+00 6.92143400e+00
 2.32466433e+00 5.79460438e+00 9.06978368e-02 3.92532834e+00
 2.96377383e+00 4.07742310e+00 2.83032283e+00 7.11386062e-01
 2.47647373e+00 1.55056494e+00 1.70560305e+00 3.60594502e+00
 3.65123318e-02 1.36148042e+00 8.79848705e-01 5.75221097e+00
 2.40824096e+00 1.00290311e+00 2.50441414e+00 8.71882429e-01
 1.93965990e+00 7.96215392e-01 5.67906658e-03 5.47493305e+00
 6.58609169e-01 1.35381705e+00 3.08656041e+00 5.48174554e+00
 9.08814723e-01 6.04075862e+00 1.69412726e+00 4.25879958e+00
 6.44034342e-01 5.91169747e+00 2.16944251e+00 6.07366074e+00]
 ||$hadfield_neuc_shape3_paramseed-5_sp-0123_p-20.txt$optimal function value: 44.55872038000001
optimal value: [0. 1. 0. 0. 0. 0. 1. 0. 1. 0. 0. 0. 0. 0. 0. 1.]
status: SUCCESS
 ||[1.72336441e+00 4.68773438e+00 2.49658596e+00 5.92154549e+00
 2.32480544e+00 6.79510751e+00 9.11958956e-02 3.92176808e+00
 2.96307009e+00 4.07771649e+00 3.82942460e+00 7.11628638e-01
 1.47345687e+00 1.56365949e+00 1.71185332e+00 3.60575259e+00
 4.08031996e-02 1.36220016e+00 9.63685070e-01 5.75749870e+00
 2.40540496e+00 1.00252074e+00 2.50417855e+00 8.71073224e-01
 1.93930493e+00 7.95626777e-01 5.15160064e-03 5.47494354e+00
 6.57754812e-01 1.35343193e+00 3.08613409e+00 5.48115248e+00
 9.08634650e-01 6.04084866e+00 1.69357351e+00 4.25855731e+00
 6.43067019e-01 5.91199571e+00 2.16930692e+00 6.07261107e+00]
 ||$hadfield_euc_shape2_paramseed-5_sp-0123_p-20.txt$optimal function value: 30.655645410000005
optimal value: [0. 0. 1. 0. 0. 1. 0. 0. 1. 0. 0. 0. 0. 0. 0. 1.]
status: SUCCESS
 ||[2.95757316 4.66093881 2.49801102 5.92168866 2.32380419 5.79470104
 0.09110279 2.92541664 2.96271011 4.07697264 2.83137222 0.71030442
 1.47371308 1.54950019 1.70864138 3.60640003 0.041304   2.3626818
 0.87877205 5.75763663 2.40570434 1.0031397  2.5061206  0.86957906
 1.93936962 0.79498034 0.00650942 5.47415507 0.65841042 1.35302134
 3.08594404 5.48020389 0.90876725 6.04082777 1.69577368 4.25858102
 0.6420461  5.91330193 2.16915415 6.0729197 ]
 ||$hadfield_euc_shape3_paramseed-5_sp-0123_p-20.txt$optimal function value: 32.53962615999998
optimal value: [0. 1. 0. 0. 0. 0. 1. 0. 1. 0. 0. 0. 0. 0. 0. 1.]
status: SUCCESS
 ||[1.95793861e+00 4.66090188e+00 3.49823845e+00 5.92153577e+00
 2.32513337e+00 5.79515441e+00 9.12321362e-02 2.92548689e+00
 2.96241629e+00 4.07664045e+00 2.83028302e+00 7.11288311e-01
 1.47413860e+00 1.54957654e+00 1.70921018e+00 3.60621708e+00
 4.13105778e-02 1.36276626e+00 8.77959944e-01 5.75754241e+00
 2.40554610e+00 1.00256638e+00 2.50435265e+00 8.72078859e-01
 1.93969932e+00 7.96652321e-01 5.63774091e-03 5.47505274e+00
 6.57530797e-01 1.35387122e+00 3.08678871e+00 5.48174373e+00
 9.08738774e-01 6.04124063e+00 1.69427668e+00 4.25876070e+00
 1.64311453e+00 5.91224141e+00 2.16962925e+00 6.07276156e+00]
 ||$hadfield_neuc_shape3_paramseed-6_sp-0123_p-20.txt$optimal function value: 44.55872038000001
optimal value: [0. 1. 0. 0. 0. 0. 1. 0. 1. 0. 0. 0. 0. 0. 0. 1.]
status: SUCCESS
 ||[2.49196650e+00 5.16422772e+00 1.52340165e+00 1.64283382e+00
 8.33375671e-04 4.16511874e+00 1.47676282e+00 4.77296718e+00
 1.17136532e+00 4.84385927e+00 8.55641410e-01 5.04269895e+00
 2.29218407e+00 2.60393906e+00 1.69144056e+00 4.28145797e+00
 1.60261297e+00 3.47748984e+00 2.54263942e+00 1.66810069e+00
 2.52385770e+00 4.30732843e+00 2.65291940e+00 2.10877416e+00
 2.90754176e-01 5.02851523e+00 2.52843323e+00 2.79679074e+00
 2.94271951e-01 1.23886996e+00 1.99481630e+00 1.82900643e+00
 2.98846729e+00 3.69785147e+00 6.30868325e-01 4.11825335e+00
 1.13249076e+00 5.86011635e+00 2.85704175e+00 3.23454086e+00]
 ||$hadfield_euc_shape2_paramseed-6_sp-0123_p-20.txt$optimal function value: 30.655645410000005
optimal value: [0. 0. 1. 0. 0. 1. 0. 0. 1. 0. 0. 0. 0. 0. 0. 1.]
status: SUCCESS
 ||[ 2.49210799  5.16431141  1.52341822  2.44319779 -0.14745005  4.16633852
  1.47796637  4.77399367  1.16696375  4.83384278  0.85194289  5.03397059
  2.28874395  2.59777102  1.68627006  4.28062909  0.60166527  3.47303547
  2.52468354  2.6642117   2.52387169  4.30773325  2.65244299  2.10893289
  0.29258828  5.02814057  2.52840868  2.7974273   0.2943078   1.23859066
  1.99476844  1.82984577  2.98894259  3.6979134   0.63117223  4.11752259
  1.13251547  5.86064052  2.85731682  3.23377821]
 ||$hadfield_euc_shape3_paramseed-6_sp-0123_p-20.txt$optimal function value: 32.53962615999998
optimal value: [0. 1. 0. 0. 1. 0. 0. 0. 0. 0. 1. 0. 0. 0. 0. 1.]
status: SUCCESS
 ||[ 2.48665474  5.16694323  1.54795015  2.6431489  -0.05387455  4.16662804
  1.474987    4.7621792   2.17134234  4.83044158  0.8581876   5.04070658
  3.34330036  2.57263472  1.70504684  4.30060387  0.61855067  3.49883436
  2.53692392  2.6832133   2.52570797  4.30793179  3.65094071  2.10752175
  0.29168164  5.02908999  2.52704165  2.79815822  0.29353147  1.23967503
  1.99169788  1.82944909  2.98699446  3.69838424  0.63012312  4.11814849
  1.12997002  5.86114675  2.85498724  3.23628943]
 ||$hadfield_neuc_shape2_paramseed-7_sp-0123_p-20.txt$optimal function value: 65.76070403
optimal value: [1. 0. 0. 0. 0. 1. 0. 0. 0. 0. 1. 0. 0. 0. 0. 1.]
status: SUCCESS
 ||[1.01432489 1.9460069  2.08139292 0.44132707 1.68369166 2.29006065
 0.18045284 3.1710667  0.12975745 2.7966707  0.22839803 0.56520893
 1.29326006 5.15383499 0.3781065  1.375334   1.97700309 5.93961425
 1.82879297 2.51288386 3.07532424 1.30041481 2.68179191 1.89939561
 1.44788664 0.73810663 0.97276629 5.11725006 0.57194385 3.64897092
 2.00231331 2.34457109 1.72164471 0.38909612 0.18571514 1.29152967
 2.13533114 2.67958304 0.98625874 3.67064772]
 ||$hadfield_neuc_shape3_paramseed-7_sp-0123_p-20.txt$optimal function value: 44.55872038000001
optimal value: [0. 1. 0. 0. 0. 0. 1. 0. 1. 0. 0. 0. 0. 0. 0. 1.]
status: SUCCESS
 ||[2.01789897 0.95046266 2.02055058 0.46059579 1.70186363 2.29760276
 0.18131797 4.18791624 0.11784606 2.72953303 0.21934655 0.56912655
 1.33363376 5.19237155 0.38916506 1.40301287 1.97351698 5.95719557
 1.81293412 2.49242576 3.0670099  0.29213565 2.69652336 1.81998053
 0.45388716 0.73969326 0.96907218 5.12744459 0.56740759 3.65435044
 2.00696604 2.3395923  1.72070233 0.39438503 0.18701616 1.29360204
 2.13764526 2.68645041 0.987035   3.67951621]
 ||$hadfield_euc_shape2_paramseed-7_sp-0123_p-20.txt$optimal function value: 30.655645410000005
optimal value: [0. 0. 1. 0. 0. 1. 0. 0. 1. 0. 0. 0. 0. 0. 0. 1.]
status: SUCCESS
 ||[1.01532284 0.45359942 2.97276688 0.45581125 1.71663523 3.29595334
 0.16889247 3.20083397 0.11985869 2.72319704 1.21871188 0.56665458
 1.33392595 5.19824875 0.39038527 1.40088215 1.96972763 5.95542773
 1.81382216 2.49281401 3.06849969 1.29285983 2.6967213  1.81865232
 0.4533725  0.74044823 0.96956447 5.12604836 0.56966733 3.65499342
 2.00760291 2.33845493 1.72003641 0.39465152 0.18785206 1.29400622
 2.13780807 2.68739504 0.98728129 3.68109954]
 ||$hadfield_euc_shape3_paramseed-7_sp-0123_p-20.txt$optimal function value: 32.53962615999998
optimal value: [0. 1. 0. 0. 0. 0. 1. 0. 1. 0. 0. 0. 0. 0. 0. 1.]
status: SUCCESS
 ||[1.01695241 0.94754631 2.04362993 0.45536993 1.56304145 2.3319268
 0.26576352 3.18855106 0.06871372 2.69418802 0.23094052 0.56742444
 1.32606887 5.20423984 0.39102651 1.38696904 1.98596802 6.09024756
 1.75385534 2.49248691 3.06698369 0.29276309 2.69745031 1.81966536
 0.45334928 0.74018254 0.96925912 5.12793129 0.56773858 3.65455717
 2.00740522 2.34004568 1.72103295 0.39290202 0.18659956 1.294057
 2.13750096 2.68673418 0.987008   3.68119326]
 ||$hadfield_neuc_shape2_paramseed-8_sp-0123_p-20.txt$optimal function value: 65.76070403
optimal value: [0. 0. 1. 0. 0. 1. 0. 0. 1. 0. 0. 0. 0. 0. 0. 1.]
status: SUCCESS
 ||[0.7123318  7.04628419 0.39705461 4.42820812 0.26771672 2.5546745
 3.13892494 1.31571483 2.01615694 2.88486886 1.42359795 3.11066007
 0.60235286 5.21816337 0.28237022 1.47160352 0.06277001 1.67619883
 1.28084353 5.66781763 1.19091607 0.71466722 0.81161041 6.23067969
 0.19821054 3.89642538 1.18511329 4.15213453 1.06319736 4.34353398
 1.56313997 4.08222164 2.83166613 3.65376829 0.44652681 0.40480326
 2.97194626 3.07072298 0.60899122 5.94416368]
 ||$hadfield_neuc_shape3_paramseed-8_sp-0123_p-20.txt$optimal function value: 44.55872038000001
optimal value: [0. 1. 0. 0. 0. 0. 1. 0. 1. 0. 0. 0. 0. 0. 0. 1.]
status: SUCCESS
 ||[0.71246727 6.04632439 0.39688075 4.42833282 1.26766823 1.55478808
 3.13885425 1.31545205 3.02037929 2.88482972 1.43468835 3.11011569
 0.59488905 5.21880786 0.28546118 1.47020461 0.05074558 1.7000985
 1.37950774 5.58440432 1.19091797 0.71456004 0.81166999 6.23045933
 0.19823237 3.89665723 1.18501191 4.15219933 1.06329865 4.34351854
 1.56317639 4.08232838 2.83177999 3.65390417 0.44659465 0.40449248
 2.97217349 3.07039398 0.60901281 5.94417298]
 ||$hadfield_euc_shape2_paramseed-8_sp-0123_p-20.txt$optimal function value: 30.655645410000005
optimal value: [0. 0. 1. 0. 0. 1. 0. 0. 1. 0. 0. 0. 0. 0. 0. 1.]
status: SUCCESS
 ||[1.71153045 7.03928585 1.39705668 4.42374232 0.26716155 2.55389997
 3.13871831 2.31273733 3.02297435 2.89508876 1.4232972  3.10987433
 0.60306526 5.21755282 0.27775198 1.47150582 0.06287968 1.67524213
 1.28096525 5.66774112 1.19098126 0.71472359 0.81147525 6.23036277
 0.19794168 3.89663835 1.18488118 4.15220744 1.06377537 4.34392376
 2.56241705 4.08347487 2.83012645 3.6536417  0.44643953 0.4041546
 2.97181514 3.07002702 0.60870897 5.94399206]
 ||$hadfield_euc_shape3_paramseed-8_sp-0123_p-20.txt$optimal function value: 32.53962615999998
optimal value: [0. 1. 0. 0. 0. 0. 1. 0. 1. 0. 0. 0. 0. 0. 0. 1.]
status: SUCCESS
 ||[ 6.99572048e-01  6.03862761e+00  3.96963758e-01  4.41905735e+00
  1.26996647e+00  2.54452416e+00  3.13587920e+00  1.32139439e+00
  3.02766510e+00  2.89488647e+00  2.41111881e+00  3.18943778e+00
  5.88502019e-01  5.22356907e+00  3.59007975e-01  1.57131302e+00
 -2.87502460e-03  1.68230404e+00  1.28121936e+00  5.66514826e+00
  1.19844582e+00  7.14862444e-01  8.12646638e-01  6.23879651e+00
  1.98310309e-01  3.89077550e+00  1.18286873e+00  4.15360617e+00
  1.05802001e+00  4.34168373e+00  1.56368068e+00  4.08331685e+00
  2.82291287e+00  3.65488915e+00  4.49743594e-01  4.06909443e-01
  2.97248339e+00  3.07287408e+00  6.13408805e-01  5.94476639e+00]
 ||$hadfield_neuc_shape2_paramseed-9_sp-0123_p-20.txt$optimal function value: 65.76070403
optimal value: [0. 0. 1. 0. 0. 1. 0. 0. 1. 0. 0. 0. 0. 0. 0. 1.]
status: SUCCESS
 ||[1.45554106 2.34719832 0.43550798 6.44633404 1.02017357 3.15753221
 2.82807126 1.50509404 1.7393181  3.77083026 0.1263759  2.43801427
 2.20610314 2.83889097 2.27885371 0.98839193 0.74621367 0.6989568
 1.59113201 5.80199802 1.85483517 4.86443314 1.20629175 4.68796317
 0.31850319 1.82982581 2.11668803 4.55937122 1.32401217 0.55085724
 0.83671014 1.31892422 0.88202528 5.08678591 0.62542216 5.5690885
 2.76118107 0.34415255 1.18987596 3.08909545]
 ||$hadfield_neuc_shape3_paramseed-9_sp-0123_p-20.txt$optimal function value: 44.55872038000001
optimal value: [0. 1. 0. 0. 0. 0. 1. 0. 1. 0. 0. 0. 0. 0. 0. 1.]
status: SUCCESS
 ||[1.95965801 2.34084521 0.43146853 6.43825724 0.01968422 3.15423821
 2.81744072 0.50454234 1.72964396 3.86779352 0.129153   2.37604986
 2.20839899 2.83329884 2.27581844 0.98441688 0.74693506 0.69948801
 1.58583606 5.80601426 1.86226504 4.87206163 1.20643489 4.6876555
 0.31468049 1.8297116  2.11826529 5.57546406 1.30938516 0.53729317
 0.82649922 1.30746934 0.87653848 5.07871897 0.59774285 5.56243158
 2.74818586 0.3223212  1.17433044 3.07417169]
 ||$hadfield_euc_shape2_paramseed-9_sp-0123_p-20.txt$optimal function value: 30.655645410000005
optimal value: [0. 0. 1. 0. 0. 1. 0. 0. 1. 0. 0. 0. 0. 0. 0. 1.]
status: SUCCESS
 ||[2.45544214e+00 2.34532685e+00 4.35492049e-01 5.44448604e+00
 3.74668358e-03 4.15906114e+00 2.82856405e+00 5.08273657e-01
 1.73988606e+00 3.87282314e+00 1.26206728e-01 2.38145100e+00
 3.20974532e+00 2.84046686e+00 2.27780769e+00 9.63296554e-01
 7.57711324e-01 6.96901221e-01 2.59048971e+00 5.80452853e+00
 1.85499548e+00 4.86465778e+00 1.20529352e+00 4.68798047e+00
 3.19813799e-01 1.82936721e+00 2.11810569e+00 4.55981600e+00
 1.32490850e+00 5.51398381e-01 8.38332709e-01 1.31923189e+00
 8.83885920e-01 5.08742049e+00 6.25566939e-01 5.56945084e+00
 2.76292388e+00 3.44577810e-01 1.19028557e+00 3.09135575e+00]
 ||$hadfield_euc_shape3_paramseed-9_sp-0123_p-20.txt$optimal function value: 32.53962615999998
optimal value: [0. 1. 0. 0. 0. 0. 1. 0. 1. 0. 0. 0. 0. 0. 0. 1.]
status: SUCCESS
 ||[2.45844964 3.35399414 0.43328976 5.43929056 0.01944704 3.15551352
 3.78228904 0.46348843 1.74352234 3.88428876 0.12413094 2.37745548
 2.2068927  2.82838975 2.27369433 0.99170998 0.75024066 0.70350818
 1.58835801 5.80862328 1.85172451 4.85622671 1.25140025 4.66406658
 0.31718066 1.82544475 2.09810146 4.58102215 1.30899013 1.53738439
 0.8428327  1.30783729 0.88883682 5.08582062 0.63044695 5.6033723
 2.77738988 1.32319231 1.17657584 3.07348944]
 ||$hadfield_neuc_shape2_paramseed-10_sp-0123_p-20.txt$optimal function value: 65.76070403
optimal value: [0. 0. 1. 0. 0. 1. 0. 0. 1. 0. 0. 0. 0. 0. 0. 1.]
status: SUCCESS
 ||[1.79519317 3.69315803 1.81729689 1.29697373 2.55662491 5.17677566
 3.04570667 1.75457078 1.6426576  2.05955576 0.78532261 5.99819331
 3.12884068 0.28012654 2.702129   3.79197576 1.19872605 1.78675472
 2.12537737 2.86991446 2.15444554 4.15822686 0.41747841 4.82484365
 3.08677378 6.0905001  1.92655448 0.27851307 0.0129329  0.8415805
 2.95596749 1.90280985 1.14997423 5.64343645 0.98731853 3.45010314
 1.36897157 0.40796127 1.83585731 5.30316843]
 ||