$hadfield_euc_shape1_paramseed-13_sp-0123_p-16.txt$optimal function value: 48.13067508999998
optimal value: [0. 0. 1. 0. 1. 0. 0. 0. 0. 1. 0. 0. 0. 0. 0. 1.]
status: SUCCESS
 ||[1.82303335 5.28546265 3.66233878 5.32742482 1.51846655 2.44660479
 0.46893174 1.41568235 2.30408536 0.8170432  1.66699181 1.34276218
 0.92652517 2.70968619 3.63119489 4.82246165 0.04848825 1.73411311
 0.45865759 5.47767318 2.54336304 5.06675522 2.59636193 4.68103768
 2.98251169 4.98938648 0.80643713 5.34076215 1.52917102 4.74474638
 1.77295183 3.69934331]
 ||$hadfield_euc_shape2_paramseed-13_sp-0123_p-16.txt$optimal function value: 30.655645410000005
optimal value: [0. 0. 1. 0. 0. 1. 0. 0. 1. 0. 0. 0. 0. 0. 0. 1.]
status: SUCCESS
 ||[0.79566406 4.34048179 2.18290224 5.32369915 0.55389434 1.41894754
 0.49604265 1.4556585  2.31523193 0.85700985 1.64124376 1.28677758
 0.90024454 2.64913255 2.67440378 3.88774291 0.08255798 2.13114996
 0.4579783  5.25142664 2.46539475 4.99116161 3.52790641 4.67297453
 2.97372142 4.97945426 0.80191983 5.33461347 1.52382124 4.73524419
 1.76443053 2.68460995]
 ||$hadfield_euc_shape3_paramseed-13_sp-0123_p-16.txt$optimal function value: 32.53962615999998
optimal value: [0. 1. 0. 0. 0. 0. 1. 0. 1. 0. 0. 0. 0. 0. 0. 1.]
status: SUCCESS
 ||[0.82416137 4.32290839 3.15599224 5.83416267 0.5795789  2.45404882
 0.45568779 1.4067295  2.29592289 0.8100771  1.66275192 1.34106784
 0.90292736 2.70315739 2.63071708 3.81700098 0.04822726 1.72158182
 0.45602703 5.46711363 2.53898381 5.05707497 2.58937433 4.66611813
 2.97213367 4.97735441 0.79622085 5.33289839 1.51893256 4.74032984
 1.7700398  2.69307059]
 ||$hadfield_neuc_shape2_paramseed-14_sp-0123_p-16.txt$optimal function value: 65.76070403
optimal value: [0. 0. 1. 0. 0. 1. 0. 0. 1. 0. 0. 0. 0. 0. 0. 1.]
status: SUCCESS
 ||[0.33485071 4.41817036 2.04469519 6.90505495 0.84922057 1.60565458
 2.30258079 4.13366003 0.94672246 5.30206178 1.23534889 5.87995302
 0.38321964 1.41041452 3.82771136 2.26983553 0.81547931 5.05487126
 1.9808208  0.94811323 1.72838692 4.1717893  0.62432134 4.03310525
 0.38688637 2.11786384 0.25678686 1.28210928 3.07233622 2.53670727
 3.11046425 2.75774195]
 ||$hadfield_neuc_shape3_paramseed-14_sp-0123_p-16.txt$optimal function value: 44.55872038000001
optimal value: [0. 1. 0. 0. 0. 0. 1. 0. 1. 0. 0. 0. 0. 0. 0. 1.]
status: SUCCESS
 ||[1.33553234 4.41279613 2.05511405 5.89975038 0.84520846 1.83139965
 2.17954993 4.13878983 0.95096423 4.30246397 1.24623343 4.90657309
 1.36370361 1.41426121 2.83541366 2.18450511 0.81858693 5.05584974
 1.98947168 1.94206962 1.73289082 4.17018948 0.51825668 4.09429895
 0.38688126 2.11641353 1.26118179 1.28418933 3.0718616  2.53558049
 3.14137634 2.74296923]
 ||$hadfield_euc_shape1_paramseed-14_sp-0123_p-16.txt$optimal function value: 48.13067508999998
optimal value: [0. 0. 1. 0. 1. 0. 0. 0. 0. 1. 0. 0. 0. 0. 0. 1.]
status: SUCCESS
 ||[0.28905773 4.41525993 2.04663912 5.90834576 1.88567821 1.60778491
 3.30557281 4.13756922 0.95152154 4.29468227 1.27103982 4.87924195
 0.37223578 1.45955375 2.72104576 2.24940583 0.81826497 5.04948124
 1.984899   0.94021832 1.73220276 4.17131585 0.51794651 4.09549725
 0.3872778  2.11699684 0.26103631 1.28409989 3.07263056 2.53498792
 3.11129361 2.7556046 ]
 ||$hadfield_euc_shape2_paramseed-14_sp-0123_p-16.txt$optimal function value: 30.655645410000005
optimal value: [0. 0. 1. 0. 0. 1. 0. 0. 1. 0. 0. 0. 0. 0. 0. 1.]
status: SUCCESS
 ||[1.33439851 5.41227367 2.04753515 5.90980169 0.85054382 1.60885056
 2.30521598 4.1392531  0.95133084 4.30284331 2.24177026 4.88632476
 0.37132571 1.40329909 2.82654088 2.25360292 0.81739395 5.05353253
 2.98786871 0.94503368 1.72910268 4.1740634  0.51970776 4.0962987
 0.38656877 2.11910445 0.26151026 1.28592579 3.07204175 2.53683627
 4.11077494 2.75703496]
 ||$hadfield_euc_shape3_paramseed-14_sp-0123_p-16.txt$optimal function value: 32.53962615999998
optimal value: [0. 1. 0. 0. 0. 0. 1. 0. 1. 0. 0. 0. 0. 0. 0. 1.]
status: SUCCESS
 ||[0.3486448  4.41223812 2.0500755  6.90892314 0.85149356 1.59769307
 2.30602284 5.13723286 0.96660366 4.27637598 1.24552774 4.88470241
 0.37213684 1.40499439 2.8329681  2.25124153 0.81866888 5.05431232
 2.98606952 0.94183432 1.73299643 4.17215279 0.51838872 4.09470426
 0.3849158  2.11780902 0.26021691 2.28525386 3.07113011 3.53630652
 3.11132364 2.7623893 ]
 ||$hadfield_neuc_shape2_paramseed-15_sp-0123_p-16.txt$optimal function value: 65.76070403
optimal value: [0. 0. 1. 0. 0. 1. 0. 0. 1. 0. 0. 0. 0. 0. 0. 1.]
status: SUCCESS
 ||[4.02985763 1.0749132  2.3115492  0.99154846 3.09836912 0.18075733
 2.66393786 4.27993434 2.69372833 6.30250834 0.76600283 2.12771166
 2.22750915 1.76694081 0.82909935 1.43660796 2.69392261 5.47778644
 2.50446912 1.40325911 2.90595752 3.21164689 0.72667892 2.86474424
 1.32318373 0.49130294 1.77147131 2.26027718 1.78878547 5.84517963
 2.02772178 2.54362446]
 ||$hadfield_neuc_shape3_paramseed-15_sp-0123_p-16.txt$optimal function value: 44.55872038000001
optimal value: [0. 1. 0. 0. 0. 0. 1. 0. 1. 0. 0. 0. 0. 0. 0. 1.]
status: SUCCESS
 ||[3.05093769 0.08934383 2.31004577 0.99215688 3.09458671 0.10155508
 2.76000793 4.27839226 2.7034523  6.28184441 0.74642818 2.11856237
 2.22515    1.76227537 0.82069414 1.42965661 2.69030009 6.48976357
 2.50451938 1.40231798 2.90465373 3.21255156 0.72667008 2.86022732
 1.3197269  0.49557325 1.77359071 2.26031877 1.78692629 5.84302456
 2.02747942 3.54330451]
 ||$hadfield_euc_shape1_paramseed-15_sp-0123_p-16.txt$optimal function value: 48.13067508999998
optimal value: [0. 0. 1. 0. 1. 0. 0. 0. 0. 1. 0. 0. 0. 0. 0. 1.]
status: SUCCESS
 ||[4.02720066 0.07313237 2.31263029 0.99009842 4.09840718 0.10873431
 2.77066214 4.27738941 2.69157734 7.28144708 0.76758791 2.12528987
 2.22655717 1.76269832 0.82712165 1.43595157 2.69507341 5.49488233
 2.50589871 1.40381388 2.90601624 3.21202133 0.7272636  2.86252983
 1.31907807 0.49631316 1.77334481 2.26175117 1.79075279 5.84429156
 2.02640329 2.54446131]
 ||$hadfield_euc_shape2_paramseed-15_sp-0123_p-16.txt$optimal function value: 30.655645410000005
optimal value: [0. 0. 1. 0. 0. 1. 0. 0. 1. 0. 0. 0. 0. 0. 0. 1.]
status: SUCCESS
 ||[4.03776327 1.07691121 3.30678813 0.99788896 3.08876811 0.10713001
 2.76410357 5.54195322 3.69348318 6.28865805 0.75567147 2.1239985
 3.22055341 1.76203346 0.83237062 1.41745588 2.68666613 5.49819185
 2.50133059 1.39862706 2.91969492 3.20111285 0.72168685 2.8606187
 1.3214862  0.49078106 1.64493294 2.26177486 1.79049338 5.84745033
 2.03084145 2.54806636]
 ||$hadfield_euc_shape3_paramseed-15_sp-0123_p-16.txt$optimal function value: 32.53962615999998
optimal value: [0. 1. 0. 0. 0. 0. 1. 0. 1. 0. 0. 0. 0. 0. 0. 1.]
status: SUCCESS
 ||[4.03442654 0.07413543 2.31436551 0.99846847 3.12060694 0.11328576
 2.75713699 4.26192395 3.6831295  6.28194248 0.7488186  2.12462523
 2.22483453 1.76298061 0.8278087  1.43580907 2.6948407  5.49432299
 2.50536183 1.40338817 2.90756881 3.21258226 0.72646686 2.86117998
 1.31835311 0.49541672 1.77318915 2.26164002 2.78812903 5.84417527
 2.02894677 2.5447757 ]
 ||$hadfield_neuc_shape2_paramseed-16_sp-0123_p-16.txt$optimal function value: 65.76070403
optimal value: [0. 0. 1. 0. 0. 1. 0. 0. 1. 0. 0. 0. 0. 0. 0. 1.]
status: SUCCESS
 ||[1.13603799 4.01702312 1.30909918 2.80443165 1.28602302 4.13396874
 0.81268334 3.9880474  1.03120851 2.89624802 1.05061167 0.89165842
 2.33579918 1.94802119 2.479324   6.00881642 0.79658547 5.61384162
 2.53568843 4.19489834 0.08563545 2.87028087 1.96946462 1.86174157
 0.7056585  1.94693148 0.81207311 4.95076758 1.09333965 2.65831213
 2.01914432 5.95994819]
 ||$hadfield_neuc_shape3_paramseed-16_sp-0123_p-16.txt$optimal function value: 44.55872038000001
optimal value: [0. 1. 0. 0. 0. 0. 1. 0. 1. 0. 0. 0. 0. 0. 0. 1.]
status: SUCCESS
 ||[1.13713534 3.98274712 2.33834831 2.78653396 1.2648026  4.12541927
 0.80614451 3.94424554 0.02183065 2.90502685 1.02418167 0.86013733
 2.32859577 1.91740351 2.492277   6.03327306 0.83799365 5.61320268
 2.47527774 4.17272856 0.08573548 2.77816246 1.92106656 2.32673506
 0.67843531 1.91720283 0.77074364 4.91217781 1.06240469 2.62254755
 1.97707618 6.93201969]
 ||$hadfield_euc_shape1_paramseed-16_sp-0123_p-16.txt$optimal function value: 48.13067508999998
optimal value: [0. 0. 1. 0. 1. 0. 0. 0. 0. 1. 0. 0. 0. 0. 0. 1.]
status: SUCCESS
 ||[ 0.99300027  2.89149343  1.30161122  2.78753511  1.12850968  4.0852716
  0.65629265  5.04829189 -0.12486195  1.72362917  0.9124079   0.85328877
  2.06190842  1.94779819  2.28389198  5.89646998  0.79689879  5.49460587
  2.4835929   4.03946671 -0.30316386  4.00456109  1.76127207  1.71096305
  0.63193854  1.87085579  0.42171662  4.70671336  0.88737552  2.38123037
  1.72341767  5.90610199]
 ||$hadfield_euc_shape2_paramseed-16_sp-0123_p-16.txt$optimal function value: 30.655645410000005
optimal value: [0. 0. 1. 0. 0. 1. 0. 0. 1. 0. 0. 0. 0. 0. 0. 1.]
status: SUCCESS
 ||[2.13467083 3.01943419 1.30680253 2.80425665 1.28611792 4.13422779
 0.8153961  3.99021173 0.03095817 2.89983633 1.14339971 0.80176535
 2.33640934 1.94849991 2.48033408 6.00651658 0.79626384 5.61554681
 2.53486221 4.19271659 0.08675137 2.8705345  1.9690663  1.86195494
 0.70387957 1.94635402 0.81058199 4.94983588 1.09326184 2.65955996
 2.02135465 5.95781506]
 ||$hadfield_euc_shape3_paramseed-16_sp-0123_p-16.txt$optimal function value: 32.53962615999998
optimal value: [0. 1. 0. 0. 0. 0. 1. 0. 1. 0. 0. 0. 0. 0. 0. 1.]
status: SUCCESS
 ||[1.1359028  4.02059055 1.31066777 2.80677392 1.28709763 4.13563038
 0.81343161 3.98956274 1.03319692 1.89772993 2.05127677 0.89286811
 2.33585084 1.94849365 2.48216086 6.01171148 0.79721996 5.61255234
 2.53455011 4.19495949 0.08535862 3.87106304 1.97052523 1.86082304
 0.70442332 1.94628169 0.81029077 4.94903652 1.09311288 2.65919316
 2.02090262 5.9597407 ]
 ||$hadfield_neuc_shape3_paramseed-17_sp-0123_p-16.txt$optimal function value: 44.55872038000001
optimal value: [0. 1. 0. 0. 0. 0. 1. 0. 1. 0. 0. 0. 0. 0. 0. 1.]
status: SUCCESS
 ||[2.63950892e+00 6.06922787e+00 3.01789452e+00 1.82009659e+00
 2.40657505e+00 4.42466702e+00 2.07804747e+00 4.91703692e-01
 4.84306151e-03 2.46986921e+00 2.34566108e+00 1.63932848e+00
 1.63380685e+00 2.05092771e+00 3.71577634e+00 5.93575775e+00
 1.26381993e+00 6.27355110e+00 1.95059024e-01 5.10517265e+00
 2.74928207e+00 9.48127333e-01 2.21797791e+00 3.51229462e+00
 2.99988122e+00 1.31971759e+00 1.69646385e+00 5.54399507e+00
 2.00649699e+00 1.94235518e+00 2.56709517e-01 5.90522560e+00]
 ||$hadfield_euc_shape1_paramseed-17_sp-0123_p-16.txt$optimal function value: 48.13067508999998
optimal value: [0. 0. 1. 0. 1. 0. 0. 0. 0. 1. 0. 0. 0. 0. 0. 1.]
status: SUCCESS
 ||[1.68889904 5.0536793  3.00938754 1.73486582 2.35550865 5.38627322
 2.08637134 1.68185837 0.01608126 2.35646959 2.35040252 1.52318
 1.55500498 1.92943073 2.64190112 5.80454229 1.26775914 6.20217315
 0.1224699  5.35555848 3.14721405 1.94655984 2.30774313 3.51015483
 2.98497334 1.31519073 1.68948951 5.5466912  1.99712592 1.93496899
 0.25440148 5.95414699]
 ||$hadfield_euc_shape2_paramseed-17_sp-0123_p-16.txt$optimal function value: 30.655645410000005
optimal value: [0. 0. 1. 0. 0. 1. 0. 0. 1. 0. 0. 0. 0. 0. 0. 1.]
status: SUCCESS
 ||[2.64276703 5.06506608 3.01855107 1.81990582 2.40602692 4.42201933
 2.07517047 0.69330484 0.08701004 2.41548789 2.34289887 1.58475359
 1.57330553 1.99382147 2.65820085 5.93742355 1.26617584 6.27229413
 0.19411809 5.12829696 2.7272511  0.94704914 2.21521875 4.50992496
 3.00352975 2.31854536 1.69748957 5.54378954 2.02394976 1.92489757
 0.23774166 5.89899154]
 ||$hadfield_euc_shape3_paramseed-17_sp-0123_p-16.txt$optimal function value: 32.53962615999998
optimal value: [0. 1. 0. 0. 1. 0. 0. 0. 0. 0. 1. 0. 0. 0. 0. 1.]
status: SUCCESS
 ||[2.63972898 5.0684484  3.01919563 1.81757933 2.40878304 4.42113227
 2.07859043 0.69157091 1.08586607 2.41217801 2.34560263 1.58599869
 1.57651762 1.99550899 2.65866854 5.93810857 1.2612311  6.27423698
 0.19395284 5.10555689 2.75016957 0.94837001 2.21627471 3.5125855
 3.00044843 1.32052401 1.69660077 5.54443448 2.00607308 1.94350579
 0.25652955 6.90381029]
 ||$hadfield_neuc_shape2_paramseed-18_sp-0123_p-16.txt$optimal function value: 65.76070403
optimal value: [0. 0. 1. 0. 0. 1. 0. 0. 1. 0. 0. 0. 0. 0. 0. 1.]
status: SUCCESS
 ||[1.57146712 5.15610992 1.05085583 1.24373009 2.53800863 3.10403185
 2.50707427 2.87961534 0.83102024 1.59433061 3.17261511 2.03933929
 2.11961904 4.94541051 3.72056542 5.93114685 0.73688889 1.49159448
 2.30833301 3.61652304 0.63423201 5.25799503 2.74455105 5.25073286
 0.67873524 1.87800381 0.02188335 6.12976668 0.69231648 4.56789145
 1.68961652 4.72813535]
 ||$hadfield_neuc_shape3_paramseed-18_sp-0123_p-16.txt$optimal function value: 44.55872038000001
optimal value: [0. 1. 0. 0. 0. 0. 1. 0. 1. 0. 0. 0. 0. 0. 0. 1.]
status: SUCCESS
 ||[1.58547761 4.16191031 2.03907682 1.2232921  1.51971267 3.11071647
 1.49912265 2.86463028 0.83042035 1.56232219 2.16516615 1.82255578
 2.23998086 4.91478808 2.72481714 5.90548878 0.73767757 2.49408824
 2.27806972 3.61128474 0.62661714 4.24912847 2.98025615 5.24379642
 0.67203454 1.87030744 0.01311202 6.12529269 0.68500014 4.56187596
 1.68179148 3.59977282]
 ||$hadfield_euc_shape1_paramseed-18_sp-0123_p-16.txt$optimal function value: 48.697738310000005
optimal value: [0. 0. 1. 0. 0. 1. 0. 0. 1. 0. 0. 0. 0. 0. 0. 1.]
status: SUCCESS
 ||[0.57661298 5.15925436 1.06166092 2.25017468 1.53430841 3.10523983
 1.50258718 2.87450453 0.82662608 1.59417287 2.16557685 2.06773938
 2.1566119  4.99877459 2.83565031 6.93572519 0.73402791 1.49395285
 2.30790797 3.62023124 0.64365702 4.29325092 2.68704048 5.24893588
 0.66504975 1.8719798  0.0120867  6.12424536 0.6846062  4.56931829
 1.68369833 3.71868807]
 ||$hadfield_euc_shape2_paramseed-18_sp-0123_p-16.txt$optimal function value: 30.655645410000005
optimal value: [0. 0. 1. 0. 0. 1. 0. 0. 1. 0. 0. 0. 0. 0. 0. 1.]
status: SUCCESS
 ||[0.57071244 4.14540199 1.04579773 1.23448181 1.54497208 3.11232814
 1.51076652 3.88258646 0.82854124 1.59192369 2.17145655 2.0382744
 3.11737038 4.96266317 2.71153244 5.95595475 0.73790507 1.49197339
 2.30920015 3.61607177 0.63418854 4.25777857 2.74295662 5.25141387
 0.67946555 1.87976461 0.01817068 6.12974123 0.69252488 4.56827538
 1.69016294 3.7360856 ]
 ||$hadfield_euc_shape3_paramseed-18_sp-0123_p-16.txt$optimal function value: 32.53962615999998
optimal value: [0. 1. 0. 0. 0. 0. 1. 0. 1. 0. 0. 0. 0. 0. 0. 1.]
status: SUCCESS
 ||[ 5.68438913e-01  4.57321536e+00  1.58492862e+00  7.17204704e-01
  2.04091195e+00  3.08258225e+00  1.49606475e+00  3.88096766e+00
  8.04567849e-01  1.56087851e+00  2.15655952e+00  2.02940873e+00
  2.10049685e+00  4.94543665e+00  3.72275444e+00  5.91127943e+00
  7.37297177e-01  1.46612058e+00  2.29957561e+00  4.61698320e+00
  5.88089122e-01  4.24571524e+00  2.72186015e+00  5.23900776e+00
  6.76853685e-01  1.85145796e+00 -4.48340317e-03  6.12119956e+00
  6.58373711e-01  4.55776735e+00  1.66131700e+00  3.70914317e+00]
 ||$hadfield_neuc_shape3_paramseed-19_sp-0123_p-16.txt$optimal function value: 44.55872038000001
optimal value: [0. 1. 0. 0. 0. 0. 1. 0. 1. 0. 0. 0. 0. 0. 0. 1.]
status: SUCCESS
 ||[3.12748247 5.93149313 1.63618836 3.21385897 1.23727285 7.26418893
 1.90923831 0.93202802 0.81903449 1.63672922 1.02789253 1.68371655
 0.09941128 3.04559939 1.97713835 3.6474691  0.63208951 0.4454473
 0.63600803 3.41139812 2.22128248 4.60787807 2.52164928 2.60431304
 0.3121002  4.57392833 2.37472073 2.48847388 2.06733403 1.87768964
 2.873893   5.23801069]
 ||$hadfield_euc_shape1_paramseed-19_sp-0123_p-16.txt$optimal function value: 48.13067508999998
optimal value: [1. 0. 0. 0. 0. 0. 1. 0. 0. 1. 0. 0. 0. 0. 0. 1.]
status: SUCCESS
 ||[2.09586609 4.96253581 1.66337088 3.212997   1.24176553 6.26582209
 0.9103495  1.93335687 0.81663097 1.63967811 1.02826685 1.68580791
 0.33779352 2.0473008  0.97302236 4.57139172 0.64378494 0.45011757
 0.63542192 3.40553743 1.21968823 4.60723578 2.52747432 2.54540202
 0.30785597 4.57024555 2.37771373 2.48623354 2.07060347 1.87215864
 2.87234204 5.24789193]
 ||$hadfield_euc_shape2_paramseed-19_sp-0123_p-16.txt$optimal function value: 30.655645410000005
optimal value: [0. 0. 1. 0. 0. 1. 0. 0. 1. 0. 0. 0. 0. 0. 0. 1.]
status: SUCCESS
 ||[2.27952368 5.95553165 2.67906421 3.42506633 1.19341417 6.25698049
 0.81230044 1.67125808 1.04790212 1.83102132 1.22392875 1.93033747
 0.19289162 2.24051461 1.18930558 3.80626971 0.9217972  0.6650674
 0.92433226 3.63919755 1.43405007 5.92586401 2.36386515 2.54343807
 0.24208307 4.5542172  2.33809115 2.43081955 2.01124765 1.73848923
 2.72459823 5.16901649]
 ||$hadfield_euc_shape3_paramseed-19_sp-0123_p-16.txt$optimal function value: 32.53962615999998
optimal value: [0. 1. 0. 0. 0. 0. 1. 0. 1. 0. 0. 0. 0. 0. 0. 1.]
status: SUCCESS
 ||[2.12673372 4.93072358 1.63376099 4.21394271 1.23430724 6.26202996
 1.91200516 0.9317474  0.81364308 1.63743817 1.02793234 1.68363309
 0.33951084 2.0453929  0.97765245 3.57721346 0.63301377 0.44814396
 0.63523764 3.40855569 1.22115695 4.61143168 3.52255029 3.60392282
 0.31329116 4.57421351 3.37269153 2.48856107 2.06712698 1.8783459
 2.87414259 5.2391793 ]
 ||$hadfield_neuc_shape2_paramseed-20_sp-0123_p-16.txt$optimal function value: 65.76070403
optimal value: [0. 0. 1. 0. 0. 1. 0. 0. 1. 0. 0. 0. 0. 0. 0. 1.]
status: SUCCESS
 ||[3.84566542 4.31251    2.40738775 5.68418295 0.81607236 4.99407169
 2.84237058 5.47982139 1.7946442  1.06457677 1.29310332 6.24425166
 0.32289813 2.00540153 2.98486553 2.82388091 0.65587623 1.99126381
 2.85465788 2.108776   1.34398742 3.94231306 2.53176216 3.0924618
 0.25622291 3.60218225 0.11040914 0.59326823 0.60049107 4.3537285
 1.89365014 4.33768502]
 ||$hadfield_neuc_shape3_paramseed-20_sp-0123_p-16.txt$optimal function value: 51.381437919999996
optimal value: [0. 0. 1. 0. 0. 1. 0. 0. 1. 0. 0. 0. 0. 0. 0. 1.]
status: SUCCESS
 ||[2.84561625 4.31110587 3.4123629  5.68529969 0.81688068 3.99128681
 2.84454208 5.47966583 1.79933375 1.06312706 1.29437719 6.24342347
 0.3240505  2.00546491 2.98588513 2.82472032 0.65584656 1.99073631
 2.85373084 2.10792059 1.34404477 3.94353228 2.53031585 3.09212146
 0.25889174 3.5971966  0.10990178 0.59342076 0.59989109 5.35396576
 1.89041807 4.33570785]
 ||$hadfield_euc_shape1_paramseed-20_sp-0123_p-16.txt$optimal function value: 48.13067508999998
optimal value: [0. 0. 1. 0. 1. 0. 0. 0. 0. 1. 0. 0. 0. 0. 0. 1.]
status: SUCCESS
 ||[3.84534249 5.31225765 2.40900182 5.68468706 0.81667495 3.99366867
 2.84392787 6.47975843 1.80031891 1.27827846 1.16438343 6.24447952
 0.32491894 2.00531588 2.98434788 3.82415223 0.65524215 1.99130227
 2.85435684 2.10879902 1.34288593 3.94357357 2.53094936 3.0923432
 0.25648613 3.60148706 0.1091885  0.59450347 0.59813143 4.35695546
 0.89067202 4.33633776]
 ||$hadfield_euc_shape2_paramseed-20_sp-0123_p-16.txt$optimal function value: 30.655645410000005
optimal value: [0. 0. 1. 0. 0. 1. 0. 0. 1. 0. 0. 0. 0. 0. 0. 1.]
status: SUCCESS
 ||[3.84552982 4.31183486 3.40816249 5.68391213 0.81612093 4.06179935
 2.7377368  5.59529816 1.75153921 1.06395246 1.29288334 6.24185959
 0.32695023 2.00488623 2.98478331 2.82369974 0.65532749 1.99114515
 2.85452892 2.10833009 1.3425445  3.94404972 2.53076493 3.09197346
 0.25629987 3.60119664 0.110288   0.59386917 0.59796306 4.35695139
 0.89168525 4.33661418]
 ||$hadfield_euc_shape3_paramseed-20_sp-0123_p-16.txt$optimal function value: 32.53962615999998
optimal value: [0. 1. 0. 0. 0. 0. 1. 0. 1. 0. 0. 0. 0. 0. 0. 1.]
status: SUCCESS
 ||[2.84529401 5.31060241 2.40799494 5.68333507 0.81764525 3.9960639
 2.84300903 5.47945201 1.79995048 1.06230479 1.29533623 6.24427174
 0.32385403 2.00529406 2.98366576 2.8234601  0.65517722 1.99231528
 2.85382079 2.10751978 1.34378696 3.94477096 2.53127049 3.0928749
 0.25675654 3.6013178  0.11007707 1.59392612 0.59703958 4.34184146
 0.89070292 4.33697797]
 ||$hadfield_neuc_shape3_paramseed-1_sp-0123_p-17.txt$optimal function value: 44.55872038000001
optimal value: [0. 1. 0. 0. 0. 0. 1. 0. 1. 0. 0. 0. 0. 0. 0. 1.]
status: SUCCESS
 ||[1.41783374 5.32805173 2.40168891 1.60728255 1.55474652 2.82250911
 2.05151394 4.95991249 0.28891643 0.17609812 2.62505999 2.72448313
 2.4857985  0.18898555 1.4363811  4.23844297 1.70405872 5.93921353
 2.83183813 0.19122925 0.08043299 3.4025257  2.95189706 2.3963853
 0.68014091 2.65248917 0.0936663  1.39371148 1.37356608 3.1152615
 0.73189849 1.4518213  0.7160301  2.934452  ]
 ||$hadfield_euc_shape2_paramseed-1_sp-0123_p-17.txt$optimal function value: 30.655645410000005
optimal value: [0. 0. 1. 0. 0. 1. 0. 0. 1. 0. 0. 0. 0. 0. 0. 1.]
status: SUCCESS
 ||[1.42216707e+00 5.29003224e+00 2.54572542e+00 1.39458034e+00
 2.86585422e+00 3.20726024e+00 2.05141594e+00 4.95163209e+00
 2.75866530e-01 1.60011719e-01 2.62328957e+00 2.72378754e+00
 2.40140357e+00 5.05904471e-03 1.40616648e+00 4.53679537e+00
 7.18216362e-01 5.95428398e+00 2.81300800e+00 1.71457141e-01
 5.42586776e-02 3.37034811e+00 3.96182332e+00 2.37610765e+00
 6.59653133e-01 2.64559375e+00 7.05375948e-02 1.37462462e+00
 1.36748799e+00 3.08178648e+00 7.30089715e-01 1.44912483e+00
 6.73865181e-01 2.87413040e+00]
 ||$hadfield_euc_shape3_paramseed-1_sp-0123_p-17.txt$optimal function value: 32.53962615999998
optimal value: [0. 1. 0. 0. 0. 0. 1. 0. 1. 0. 0. 0. 0. 0. 0. 1.]
status: SUCCESS
 ||[0.42211158 5.32449514 3.38780448 1.60413432 1.55556399 2.88191424
 3.14263201 4.98865889 0.2946548  0.17789864 2.62599488 2.71862027
 2.39333222 0.01332898 1.39864952 4.52767742 0.74486048 5.95413636
 2.8313011  0.19199074 0.07926999 3.40239991 2.95018944 2.39571744
 0.68013385 2.65258972 0.09092708 1.39245193 1.37532937 3.11573282
 0.73229517 1.45151508 0.68636606 2.88822784]
 ||$hadfield_neuc_shape3_paramseed-2_sp-0123_p-17.txt$optimal function value: 44.55872038000001
optimal value: [0. 1. 0. 0. 0. 0. 1. 0. 1. 0. 0. 0. 0. 0. 0. 1.]
status: SUCCESS
 ||[3.00398766 5.95535313 0.17376427 0.52913884 2.62473406 4.62256206
 3.10364018 1.93713798 1.90054368 3.80946684 1.82601701 0.99829285
 1.35369252 2.47250695 2.27180906 6.24990158 2.98174839 3.41945564
 2.39787899 1.68571086 0.11274282 0.17299307 1.45970071 2.0011085
 1.19467644 5.60388739 1.65203487 3.52225882 0.74246017 0.1496291
 1.02130813 0.85894395 1.60310163 6.27496985]
 ||$hadfield_euc_shape3_paramseed-2_sp-0123_p-17.txt$optimal function value: 32.53962615999998
optimal value: [0. 1. 0. 0. 0. 0. 1. 0. 1. 0. 0. 0. 0. 0. 0. 1.]
status: SUCCESS
 ||[3.99873136 5.95403286 0.18086919 0.53065134 2.61928724 4.62216677
 2.10281736 1.93579446 1.90252154 3.81254918 1.82841967 0.9944116
 1.35121585 3.47526677 2.26874542 6.25235457 2.98551414 3.42502031
 1.39665852 1.68786067 0.11167735 0.17297787 1.45855426 2.00003221
 1.20484068 5.57433644 1.65054932 3.53534115 0.74245763 0.15078547
 1.02282472 0.86064549 2.60443153 6.27829817]
 ||$hadfield_neuc_shape3_paramseed-3_sp-0123_p-17.txt$optimal function value: 44.55872038000001
optimal value: [0. 1. 0. 0. 0. 0. 1. 0. 1. 0. 0. 0. 0. 0. 0. 1.]
status: SUCCESS
 ||[0.75001652 3.41881834 2.16330058 3.79473138 1.96567374 1.41037903
 0.04058947 5.28043369 0.79919861 1.47291826 3.12731448 2.93458636
 2.63613678 3.10484412 1.95371586 0.94909302 1.99474604 5.45390721
 1.64326429 4.65755647 2.10851751 0.40190234 2.38080755 3.71431325
 0.94519908 0.19469103 2.71865774 2.97014434 2.2569625  5.52331786
 2.24491255 5.78739207 1.24023635 5.03172827]
 ||$hadfield_euc_shape2_paramseed-3_sp-0123_p-17.txt$optimal function value: 30.655645410000005
optimal value: [0. 0. 1. 0. 0. 1. 0. 0. 1. 0. 0. 0. 0. 0. 0. 1.]
status: SUCCESS
 ||[1.71494485 3.26447393 0.72841534 3.9332664  2.0269804  0.46990417
 0.09743187 5.3218598  0.78220494 1.33451643 3.18883398 3.01142893
 3.81904742 2.98672405 1.99851823 0.94256953 1.97747992 5.45461445
 1.66713938 4.64775339 2.09857987 0.39372855 2.37663114 3.71130004
 0.97026567 0.15755936 2.71238044 2.96560661 2.24705663 5.51988675
 2.20745359 5.78477504 1.23769562 5.01792023]
 ||$hadfield_euc_shape3_paramseed-3_sp-0123_p-17.txt$optimal function value: 32.53962615999998
optimal value: [0. 1. 0. 0. 0. 0. 1. 0. 1. 0. 0. 0. 0. 0. 0. 1.]
status: SUCCESS
 ||[0.74724913 4.41764608 1.15815391 3.78391853 1.95307255 0.40751949
 0.0280887  5.2601605  0.80155799 1.4732784  3.12549172 2.94661429
 2.63730352 2.97614704 1.99775009 0.93822901 1.978371   5.45409749
 1.89048481 4.65571823 2.1064326  0.40081314 2.38076871 3.71124296
 0.94356238 0.19345887 2.71756684 2.96965854 2.25746466 5.5206397
 2.24269645 5.78644658 1.23977724 5.03117828]
 ||$hadfield_neuc_shape2_paramseed-4_sp-0123_p-17.txt$optimal function value: 65.76070403
optimal value: [0. 0. 1. 0. 0. 1. 0. 0. 1. 0. 0. 0. 0. 0. 0. 1.]
status: SUCCESS
 ||[1.74041697 1.65352074 1.24173276 0.97171127 0.20942573 2.52027979
 2.88468329 5.02971326 2.4043869  1.39605005 1.68794061 2.74156393
 0.53917258 0.66532411 1.67335097 5.82702097 2.60378206 5.06838374
 2.51501789 1.21491388 0.97343322 3.93886309 2.29887537 5.36935712
 2.76504831 0.54448265 1.90366459 4.21964666 1.58804756 1.11840977
 1.48713484 0.56217171 2.93449318 5.43731954]
 ||$hadfield_neuc_shape3_paramseed-4_sp-0123_p-17.txt$optimal function value: 44.55872038000001
optimal value: [0. 1. 0. 0. 0. 0. 1. 0. 1. 0. 0. 0. 0. 0. 0. 1.]
status: SUCCESS
 ||[0.74137301 0.64889459 1.24344175 0.97271835 0.21012953 2.52408051
 2.88224625 5.0273525  2.40439544 1.39560069 1.6873458  1.7387936
 0.54167771 0.66776293 0.67340103 5.8289032  3.60292825 5.06866624
 2.51482551 1.2154032  0.97280037 3.93948307 2.29845077 5.36971341
 2.76442113 0.54481033 1.90361947 4.22054909 1.58950034 1.11677056
 1.4869856  0.5630006  2.93577348 5.43719094]
 ||$hadfield_euc_shape2_paramseed-4_sp-0123_p-17.txt$optimal function value: 30.655645410000005
optimal value: [0. 0. 1. 0. 0. 1. 0. 0. 1. 0. 0. 0. 0. 0. 0. 1.]
status: SUCCESS
 ||[0.7402623  1.64899256 2.23920793 0.9751646  0.20926952 2.55314517
 2.8831596  5.9910688  2.36679768 2.40352026 1.68675405 1.73857912
 0.54485555 0.66674468 0.67330234 6.82624812 2.60743915 5.06815825
 2.51498435 1.2155258  0.97355524 3.94017259 2.29962395 5.37047344
 2.76537713 0.54475487 1.90293467 4.22084543 1.5897117  1.11732381
 1.48767174 0.56266658 2.93547774 5.43931921]
 ||$hadfield_euc_shape3_paramseed-4_sp-0123_p-17.txt$optimal function value: 32.53962615999998
optimal value: [0. 1. 0. 0. 0. 0. 1. 0. 1. 0. 0. 0. 0. 0. 0. 1.]
status: SUCCESS
 ||[1.20647282 0.68381287 1.18193517 0.91206865 0.15438653 2.45066178
 2.8168971  4.96588876 2.33855283 2.34173475 1.68114495 1.73218964
 0.53508115 1.60752891 0.66624303 5.81657594 2.60296058 5.0708042
 2.50959945 1.20583604 0.96451232 3.93391118 2.29033692 5.36628075
 2.76112891 0.53279431 1.89202566 4.21276611 1.57958253 1.10733986
 1.48238894 0.55500541 2.93041851 5.4302291 ]
 ||