$hadfield_euc_shape3_paramseed-4_sp-0123_p-15.txt$optimal function value: 32.53962615999998
optimal value: [0. 1. 0. 0. 1. 0. 0. 0. 0. 0. 1. 0. 0. 0. 0. 1.]
status: SUCCESS
 ||[0.73559641 0.65145369 1.02440503 0.97291246 0.21140917 2.56021374
 2.94530914 5.09054596 3.46476931 1.39556663 1.68304995 1.7383744
 0.54256002 0.66690755 0.67340851 5.82152931 2.60388163 5.06808034
 2.51462387 2.21430243 0.97347599 3.9393814  2.29927203 5.36622035
 2.76483463 0.54513339 1.9034154  4.22052233 1.5895577  1.11709784]
 ||$hadfield_neuc_shape2_paramseed-5_sp-0123_p-15.txt$optimal function value: 65.76070403
optimal value: [0. 0. 1. 0. 0. 1. 0. 0. 1. 0. 0. 0. 0. 0. 0. 1.]
status: SUCCESS
 ||[2.95684658e+00 5.66107478e+00 2.51050715e+00 5.88946990e+00
 2.32407777e+00 5.79480469e+00 1.42216359e-01 2.92527998e+00
 2.96369978e+00 4.06917219e+00 2.83070061e+00 4.53228755e-01
 2.47358393e+00 1.56060744e+00 1.70778518e+00 3.60618959e+00
 4.10766583e-02 1.36177342e+00 8.77875436e-01 5.75724608e+00
 2.40551874e+00 1.00262689e+00 2.50439573e+00 8.71457123e-01
 1.94002696e+00 7.95990365e-01 5.68538008e-03 5.47526260e+00
 6.57641291e-01 1.35391798e+00]
 ||$hadfield_neuc_shape3_paramseed-5_sp-0123_p-15.txt$optimal function value: 44.55872038000001
optimal value: [0. 1. 0. 0. 0. 0. 1. 0. 1. 0. 0. 0. 0. 0. 0. 1.]
status: SUCCESS
 ||[ 2.97128622  4.65249129  2.4912989   5.89538244  2.30031121  6.79839283
  0.58278284  2.88748692  2.9527874   4.06108805  2.81057546  0.69935686
  1.44907225  2.55817707  1.68803866  3.606093    0.01690468  1.33448388
  0.85902541  5.73982705  2.38178043  0.97131766  2.46848043  0.8321931
  1.92378543  0.76819196 -0.01813831  5.445151    0.62820882  1.34130992]
 ||$hadfield_euc_shape2_paramseed-5_sp-0123_p-15.txt$optimal function value: 30.655645410000005
optimal value: [0. 0. 1. 0. 0. 1. 0. 0. 1. 0. 0. 0. 0. 0. 0. 1.]
status: SUCCESS
 ||[2.92201826e+00 4.71364874e+00 2.50108285e+00 5.92409035e+00
 2.32178566e+00 5.80338551e+00 9.46100825e-02 2.92898710e+00
 2.96369153e+00 4.07999687e+00 2.83402044e+00 6.79988302e-01
 2.47386481e+00 1.55000564e+00 1.70967863e+00 3.60678261e+00
 4.15440904e-02 1.36327973e+00 8.79042282e-01 5.75848095e+00
 2.40503186e+00 1.00178556e+00 2.50452946e+00 8.71769975e-01
 1.94032385e+00 7.95809075e-01 4.10022856e-03 5.46992115e+00
 6.54349073e-01 1.35266096e+00]
 ||$hadfield_euc_shape3_paramseed-5_sp-0123_p-15.txt$optimal function value: 32.53962615999998
optimal value: [0. 1. 0. 0. 0. 0. 1. 0. 1. 0. 0. 0. 0. 0. 0. 1.]
status: SUCCESS
 ||[1.95780969e+00 5.66423638e+00 2.50034343e+00 6.91816401e+00
 3.32911375e+00 5.78298937e+00 9.13960103e-02 2.92669395e+00
 2.96452489e+00 4.07672895e+00 2.91484639e+00 9.15795193e-01
 1.31231143e+00 1.33968016e+00 1.72703758e+00 3.62497012e+00
 6.13920713e-02 1.37981576e+00 1.89811367e+00 5.75726228e+00
 2.42916384e+00 9.57744011e-01 2.47316008e+00 8.88137753e-01
 1.93536358e+00 7.99829959e-01 1.09828522e-04 5.47759853e+00
 8.32499423e-01 1.18352442e+00]
 ||$hadfield_neuc_shape3_paramseed-6_sp-0123_p-15.txt$optimal function value: 44.55872038000001
optimal value: [0. 1. 0. 0. 0. 0. 1. 0. 1. 0. 0. 0. 0. 0. 0. 1.]
status: SUCCESS
 ||[ 3.71390387  6.16331717  1.52401155  1.73618079 -0.08194972  4.16136212
  1.47937724  4.88313861  1.17196074  4.84178447  0.85496243  5.04022984
  2.28897511  2.60250593  1.69695161  4.28535376  0.60496396  3.47877606
  2.52840654  1.66966808  2.52480555  4.30771866  2.65339513  2.1074617
  0.29208105  5.02741903  2.52863675  2.79714517  0.29332853  1.2378891 ]
 ||$hadfield_euc_shape2_paramseed-6_sp-0123_p-15.txt$optimal function value: 30.655645410000005
optimal value: [0. 0. 1. 0. 0. 1. 0. 0. 1. 0. 0. 0. 0. 0. 0. 1.]
status: SUCCESS
 ||[3.4774003  5.16698351 2.52847998 1.64394631 0.01302161 4.14554677
 2.44435646 4.86449612 1.29434973 4.86735798 0.86390422 5.0514071
 3.28749276 2.59999054 1.70405532 4.2782991  0.61985024 3.4859216
 2.54739159 1.65515303 2.54208925 4.33000873 2.66398689 2.11457172
 0.28033102 5.02589243 2.54462586 2.80309538 0.3051712  1.30353289]
 ||$hadfield_euc_shape3_paramseed-6_sp-0123_p-15.txt$optimal function value: 32.53962615999998
optimal value: [0. 1. 0. 0. 0. 0. 1. 0. 1. 0. 0. 0. 0. 0. 0. 1.]
status: SUCCESS
 ||[3.49617556e+00 5.16499348e+00 1.52605844e+00 1.62347580e+00
 5.00842356e-03 5.18566365e+00 1.49106467e+00 4.77999378e+00
 1.16343061e+00 4.83114914e+00 8.59825465e-01 5.04164906e+00
 2.28717422e+00 2.59213756e+00 1.69354142e+00 4.28635499e+00
 6.07878766e-01 4.47876983e+00 2.52904921e+00 1.66829313e+00
 2.52398849e+00 4.30915039e+00 2.65311610e+00 2.10735568e+00
 2.93384231e-01 5.02689888e+00 2.52907830e+00 2.79775987e+00
 1.29451698e+00 1.23765548e+00]
 ||$hadfield_neuc_shape2_paramseed-7_sp-0123_p-15.txt$optimal function value: 65.76070403
optimal value: [0. 0. 1. 0. 0. 1. 0. 0. 1. 0. 0. 0. 0. 0. 0. 1.]
status: SUCCESS
 ||[2.01724951 1.9475948  2.04700833 0.45476251 1.68463764 3.29658842
 0.18330168 3.1897202  0.12059016 2.72529191 0.22862191 0.56718501
 1.33131737 5.19631116 0.39291838 1.40446728 1.97162363 5.95437785
 1.81342802 2.48926112 3.06786457 0.29554459 2.69733518 1.81916962
 0.45266188 1.73985278 0.9700643  5.12793025 0.56774424 3.65453581]
 ||$hadfield_neuc_shape3_paramseed-7_sp-0123_p-15.txt$optimal function value: 44.55872038000001
optimal value: [0. 1. 0. 0. 0. 0. 1. 0. 1. 0. 0. 0. 0. 0. 0. 1.]
status: SUCCESS
 ||[1.03885751 0.90803876 2.12423267 0.41240528 2.63726195 2.33427587
 0.42595086 2.91887382 0.08572416 2.73073545 0.28804866 0.45666794
 1.32506293 5.11862525 0.41256035 1.4157651  1.9364698  5.86366347
 2.78999446 2.49577666 3.08301162 0.30003247 2.70531015 1.83477249
 0.45699617 0.76702146 0.96393329 5.14816812 0.5810662  3.67055073]
 ||$hadfield_euc_shape2_paramseed-7_sp-0123_p-15.txt$optimal function value: 30.655645410000005
optimal value: [1. 0. 0. 0. 0. 1. 0. 0. 0. 0. 1. 0. 0. 0. 0. 1.]
status: SUCCESS
 ||[0.98301091 0.94172387 2.03965998 0.45448997 2.69583776 2.27667039
 0.11357446 3.20523539 0.06551711 2.75892895 0.23957246 0.52095515
 1.35547564 5.28372139 1.37893852 1.40264185 1.96410218 5.95053562
 1.79866297 2.5013849  3.05364341 0.30717044 2.67723978 1.82145548
 0.43630997 0.73549191 0.95238956 5.11994095 0.55576724 3.65191778]
 ||$hadfield_euc_shape3_paramseed-7_sp-0123_p-15.txt$optimal function value: 32.53962615999998
optimal value: [0. 1. 0. 0. 0. 0. 1. 0. 1. 0. 0. 0. 0. 0. 0. 1.]
status: SUCCESS
 ||[ 2.00041571  0.92870149  2.04390741  1.45830007  2.6815735   2.17404522
  0.17389866  3.24517108 -0.31674666  2.83931724  0.29646368  0.64841053
  1.43054071  6.29341481  0.344162    1.39920959  1.96723993  6.95726999
  1.80740374  2.48925169  4.06923618  0.28244615  2.69022749  1.81710526
  0.4432605   0.73592081  0.96553384  5.12605847  0.56610908  3.644908  ]
 ||$hadfield_neuc_shape2_paramseed-8_sp-0123_p-15.txt$optimal function value: 65.76070403
optimal value: [0. 0. 1. 0. 0. 1. 0. 0. 1. 0. 0. 0. 0. 0. 0. 1.]
status: SUCCESS
 ||[1.71400984 6.04921876 1.40206993 4.43035629 0.27271432 1.55335821
 3.13619529 1.31402496 2.01782014 2.88486052 1.42466436 3.10524619
 1.60523505 5.22027375 0.2831186  1.4716049  0.06292508 1.67481688
 1.27944803 5.66566775 1.18890929 0.71766948 0.81301583 6.23040503
 0.19972069 3.89801407 1.20916482 4.13866065 0.92620781 4.34510784]
 ||$hadfield_neuc_shape3_paramseed-8_sp-0123_p-15.txt$optimal function value: 44.55872038000001
optimal value: [0. 1. 0. 0. 1. 0. 0. 0. 0. 0. 1. 0. 0. 0. 0. 1.]
status: SUCCESS
 ||[1.71186306 6.04691671 0.39723217 4.4281211  0.26741338 1.55212181
 3.13845511 1.31572999 2.01749245 2.8861175  1.4228367  3.11039082
 0.60356324 5.21930013 0.34121679 1.68659486 0.01681999 1.62996159
 1.23487593 5.62156163 1.14448808 1.66826925 0.81211463 6.2306876
 0.19856591 3.89705328 1.18513373 4.15242884 2.0632602  4.34373006]
 ||$hadfield_euc_shape2_paramseed-8_sp-0123_p-15.txt$optimal function value: 30.655645410000005
optimal value: [0. 0. 1. 0. 0. 1. 0. 0. 1. 0. 0. 0. 0. 0. 0. 1.]
status: SUCCESS
 ||[0.71247695 7.05235919 0.39214626 4.42841801 0.26929056 1.54164805
 3.14019234 1.31538028 2.01574844 2.88926826 1.42322874 3.11142975
 0.60807399 5.21655161 0.28255044 1.4726946  0.06454084 1.6758311
 1.28066746 5.67092889 1.19072996 0.71523239 0.81059055 7.22935302
 0.19929235 3.89598794 1.18400899 4.15403172 1.06300922 4.34186829]
 ||$hadfield_euc_shape3_paramseed-8_sp-0123_p-15.txt$optimal function value: 32.53962615999998
optimal value: [0. 1. 0. 0. 0. 0. 1. 0. 1. 0. 0. 0. 0. 0. 0. 1.]
status: SUCCESS
 ||[0.81169731 7.06115207 0.37018462 4.43140303 1.23884117 2.50803828
 4.06731351 1.2967716  1.99253555 3.08509213 1.36013737 3.43575579
 0.42374479 5.03721256 1.10514399 1.47091141 0.0611448  2.6770989
 1.26959748 5.46681465 1.18924153 0.70049582 0.96033383 6.2305732
 1.20147392 3.87608207 1.17139277 4.1383154  1.05764194 4.33764751]
 ||$hadfield_neuc_shape2_paramseed-9_sp-0123_p-15.txt$optimal function value: 65.76070403
optimal value: [0. 0. 1. 0. 0. 1. 0. 0. 1. 0. 0. 0. 0. 0. 0. 1.]
status: SUCCESS
 ||[ 2.56957266  2.18293184  0.29633359  6.5624703  -0.36425601  2.95407624
  2.6092034   0.38026399  1.60156564  3.69897247 -0.13289111  2.24530521
  2.0164439   2.72386702  2.00952505  0.98762927  0.70792366  0.60249571
  2.59508842  5.66617878  1.73793329  4.70326765  1.07218229  4.41448097
  0.26375125  1.56549647  1.85945806  4.32865159  1.21105928  0.33130965]
 ||$hadfield_neuc_shape3_paramseed-9_sp-0123_p-15.txt$optimal function value: 44.55872038000001
optimal value: [0. 1. 0. 0. 0. 0. 1. 0. 1. 0. 0. 0. 0. 0. 0. 1.]
status: SUCCESS
 ||[2.45483106 2.34531031 0.38521505 6.46121586 0.01996235 3.16147508
 2.81970101 0.51072797 2.73711235 3.87205503 0.12516914 2.4033113
 2.23948453 3.84042929 2.27745719 0.98915015 0.74661685 0.69637014
 1.59075836 5.80491164 1.85412441 4.86407352 1.20494251 4.68711762
 0.31914995 1.82891348 2.11804407 4.5588177  1.32529997 0.55001956]
 ||$hadfield_euc_shape2_paramseed-9_sp-0123_p-15.txt$optimal function value: 30.655645410000005
optimal value: [1. 0. 0. 0. 0. 1. 0. 0. 0. 0. 1. 0. 0. 0. 0. 1.]
status: SUCCESS
 ||[2.44611129 2.30635256 0.45590073 5.40670262 0.28546801 3.15290181
 2.72099677 0.51792537 1.75248907 3.83071469 0.11816621 2.36092133
 2.20029583 2.85389022 3.27588877 1.04197401 0.75865363 0.72304034
 1.59074997 5.79443455 1.88073494 4.85449687 1.22723746 4.66628116
 0.32938039 1.80651106 2.14201785 4.58568516 1.3268444  0.57488031]
 ||$hadfield_euc_shape3_paramseed-9_sp-0123_p-15.txt$optimal function value: 32.53962615999998
optimal value: [0. 1. 0. 0. 0. 0. 1. 0. 1. 0. 0. 0. 0. 0. 0. 1.]
status: SUCCESS
 ||[1.44740872 2.49422161 0.91753075 5.55070874 1.24610959 4.15952887
 2.81627595 0.50169089 1.73541562 4.88120145 0.11344608 2.37405044
 2.20647061 2.83351462 2.27164613 0.98840674 0.74748984 0.68408847
 1.58122717 5.79602205 1.84001748 4.85433321 1.19583214 4.6780095
 0.30755451 1.82103717 2.1114315  4.55067745 1.32580783 0.54608933]
 ||$hadfield_neuc_shape2_paramseed-10_sp-0123_p-15.txt$optimal function value: 65.76070403
optimal value: [0. 0. 1. 0. 0. 1. 0. 0. 1. 0. 0. 0. 0. 0. 0. 1.]
status: SUCCESS
 ||[2.79349613 2.69423742 1.8161723  1.29539791 2.55574861 5.17397244
 2.05095549 1.00565261 1.63831833 3.06116684 0.78534442 5.98720925
 3.13056388 0.28114513 2.70313109 3.78744841 1.20003197 1.78190812
 2.121538   2.87056651 2.15430198 4.15910676 0.41812146 4.82428102
 3.08669077 6.09032946 1.92720036 0.10205321 1.19083977 1.84162916]
 ||$hadfield_neuc_shape3_paramseed-10_sp-0123_p-15.txt$optimal function value: 44.55872038000001
optimal value: [0. 1. 0. 0. 1. 0. 0. 0. 0. 0. 1. 0. 0. 0. 0. 1.]
status: SUCCESS
 ||[1.81079287 3.69127073 1.81790763 2.28880707 2.5578946  5.1793888
 2.05279156 1.00711288 1.63181616 2.05979316 0.78208918 7.1031478
 3.13599132 0.27015707 2.71441632 3.79040113 1.20138542 1.78429451
 2.12221732 2.89311453 2.1542809  4.15769293 0.41489765 4.82242358
 3.09005401 6.09398147 1.92437983 0.2763266  0.01070227 0.83991502]
 ||$hadfield_euc_shape2_paramseed-10_sp-0123_p-15.txt$optimal function value: 30.655645410000005
optimal value: [0. 0. 1. 0. 0. 1. 0. 0. 1. 0. 0. 0. 0. 0. 0. 1.]
status: SUCCESS
 ||[2.79860616 2.69489967 2.82432077 1.29568863 2.55504207 5.17560596
 3.05938258 1.00604156 2.63373045 2.0583214  0.7850314  5.9743054
 3.13880845 0.28101284 2.69939123 3.79008409 1.19765489 1.77833001
 2.1183057  3.86936502 2.15471443 4.15463302 0.4175412  4.82409196
 3.08826874 6.09375776 2.92813724 1.27836651 1.01089674 0.84215837]
 ||$hadfield_euc_shape3_paramseed-10_sp-0123_p-15.txt$optimal function value: 32.53962615999998
optimal value: [0. 1. 0. 0. 0. 0. 1. 0. 1. 0. 0. 0. 0. 0. 0. 1.]
status: SUCCESS
 ||[2.79492738 3.69491602 2.81624434 1.29482665 2.55515447 5.17482386
 3.05266101 1.00672049 1.63577737 3.05955149 0.94460297 6.15474434
 3.10344597 0.25276484 2.67497228 3.76275629 1.17171003 1.75467755
 2.09330085 2.84306573 2.12739883 4.13114049 0.390477   5.79707685
 3.08651314 6.09052177 2.92683174 0.27820525 0.01279476 0.84159888]
 ||$hadfield_neuc_shape2_paramseed-11_sp-0123_p-15.txt$optimal function value: 65.76070403
optimal value: [0. 0. 1. 0. 0. 1. 0. 0. 1. 0. 0. 0. 0. 0. 0. 1.]
status: SUCCESS
 ||[2.42136506 3.51703391 2.90357075 2.92579523 1.67374973 3.59303554
 0.58005666 3.21664519 1.97894221 4.98228433 0.29594345 1.91863797
 0.30407883 5.07255845 2.16276969 0.26311634 3.08570895 6.06183605
 2.0543539  3.86770241 0.49479572 0.09434048 1.66002149 0.37417325
 0.59765067 1.52042455 0.09429959 2.91511251 1.38402565 5.29321225]
 ||$hadfield_neuc_shape3_paramseed-11_sp-0123_p-15.txt$optimal function value: 44.55872038000001
optimal value: [0. 1. 0. 0. 0. 0. 1. 0. 1. 0. 0. 0. 0. 0. 0. 1.]
status: SUCCESS
 ||[2.4107622  3.49287226 2.92287638 2.94760817 1.58327846 3.65707492
 0.58673147 4.2115395  1.9633151  4.95557826 0.28063741 1.90862843
 0.23387105 5.03525968 3.22356251 0.24108015 3.12893842 6.05642593
 1.99804519 3.92906496 0.28601133 0.04784218 2.04087866 1.17280536
 0.59122505 1.50618413 0.09301428 3.91871039 1.37372686 5.28926083]
 ||$hadfield_euc_shape1_paramseed-11_sp-0123_p-15.txt$optimal function value: 48.13067508999998
optimal value: [0. 0. 1. 0. 1. 0. 0. 0. 0. 1. 0. 0. 0. 0. 0. 1.]
status: SUCCESS
 ||[1.4188906  3.50985723 3.85200002 2.92482635 2.59178356 3.68818919
 0.57895416 3.21583924 1.98317897 4.98575561 0.29431848 1.89634994
 0.28170537 5.08223375 2.17783285 0.26841461 4.09062225 6.05815628
 2.05053831 3.87786408 0.52389865 0.09323762 1.65912799 0.37285802
 1.59639058 1.52097166 0.09486701 3.91460311 1.38400422 5.29160712]
 ||$hadfield_euc_shape2_paramseed-11_sp-0123_p-15.txt$optimal function value: 30.655645410000005
optimal value: [0. 0. 1. 0. 0. 1. 0. 0. 1. 0. 0. 0. 0. 0. 0. 1.]
status: SUCCESS
 ||[1.42127897 3.51778888 3.90344613 2.94170996 1.59603993 3.6834206
 0.5565919  3.22420015 1.86925921 5.06122983 0.28773589 1.88727279
 0.28460394 5.08685902 2.17855098 0.26305747 3.09045775 6.05849778
 2.05211737 3.87227365 0.49491545 0.0945157  1.65975559 0.37448454
 0.59772535 1.52030169 0.09429567 2.91500796 1.38414512 5.29293889]
 ||$hadfield_euc_shape3_paramseed-11_sp-0123_p-15.txt$optimal function value: 32.53962615999998
optimal value: [0. 1. 0. 0. 0. 0. 1. 0. 1. 0. 0. 0. 0. 0. 0. 1.]
status: SUCCESS
 ||[ 2.64439418  3.35355912  2.84066685  2.68820752  1.25894764  3.67330541
  0.52290518  3.02730166  1.80560641  4.57511731  0.20228496  1.77236274
  0.14418376  4.95660242  2.02335281  0.15329196  2.85119152  5.97425746
  1.92529878  3.92686927  0.54859649  1.17186472  1.52874924  0.29688639
  0.32583966  1.32462298 -0.23397667  2.99650927  0.94417966  5.12492962]
 ||$hadfield_neuc_shape2_paramseed-12_sp-0123_p-15.txt$optimal function value: 65.76070403
optimal value: [1. 0. 0. 0. 0. 1. 0. 0. 0. 0. 1. 0. 0. 0. 0. 1.]
status: SUCCESS
 ||[2.49342337 5.12997944 3.09294161 0.89458472 0.03577746 2.3898374
 0.82039877 6.08953811 2.17473572 3.78086638 1.76060595 4.1615208
 0.46479605 2.74380385 0.49056579 5.69280405 0.06023919 5.14546394
 0.24896437 4.31670159 1.05937575 2.54278822 2.64702431 0.11750951
 0.19144518 5.74990787 1.59934694 0.57220534 3.10177288 5.94881787]
 ||$hadfield_neuc_shape3_paramseed-12_sp-0123_p-15.txt$optimal function value: 44.55872038000001
optimal value: [0. 1. 0. 0. 0. 0. 1. 0. 1. 0. 0. 0. 0. 0. 0. 1.]
status: SUCCESS
 ||[2.49082974 5.13111537 3.09395441 0.89569733 0.03461254 2.35431393
 0.86097675 5.09170839 2.16959406 3.77873428 1.75367821 4.15506717
 0.45595727 2.7647581  0.51041365 5.69044207 0.18351381 5.1445192
 0.23645181 5.31669498 1.05852292 2.54345101 2.64612838 0.1175738
 0.19160041 5.74877251 1.60104584 1.57080327 3.10087427 5.94819004]
 ||$hadfield_euc_shape1_paramseed-12_sp-0123_p-15.txt$optimal function value: 48.13067508999998
optimal value: [0. 0. 1. 0. 1. 0. 0. 0. 0. 1. 0. 0. 0. 0. 0. 1.]
status: SUCCESS
 ||[1.48390565 4.1344111  2.08987577 0.90246654 0.05881493 2.35778743
 0.85846568 5.08275613 2.15953465 3.78701971 1.75351352 4.09882967
 0.47789435 2.75826212 0.51192462 5.70950795 0.18668783 5.13028447
 0.23315846 4.32293116 1.05455973 3.56447166 2.61694576 0.0845
 0.13850571 5.70207863 1.5813538  0.60690891 3.10097225 6.17722858]
 ||$hadfield_euc_shape2_paramseed-12_sp-0123_p-15.txt$optimal function value: 30.655645410000005
optimal value: [0. 0. 1. 0. 0. 1. 0. 0. 1. 0. 0. 0. 0. 0. 0. 1.]
status: SUCCESS
 ||[1.49091707 4.13148682 2.09791085 0.89533819 0.03763798 2.36478681
 0.85469493 5.08880476 2.16402755 4.77691942 1.75425653 5.13182902
 0.441901   2.78801891 0.5082129  5.69244972 1.18555265 5.14428637
 0.23429103 4.31638549 1.05886583 2.54183084 2.64663136 0.1183948
 0.19189093 5.7496376  1.59922779 0.57171269 3.10119372 5.9485927 ]
 ||$hadfield_euc_shape3_paramseed-12_sp-0123_p-15.txt$optimal function value: 32.53962615999998
optimal value: [0. 1. 0. 0. 0. 0. 1. 0. 1. 0. 0. 0. 0. 0. 0. 1.]
status: SUCCESS
 ||[ 1.23586376  5.16541443  2.13921474  0.63378433 -0.02716484  3.35834355
  1.91992517  4.96679088  2.01920126  3.64048552  1.67774861  4.08491061
  0.40307327  2.72013481  0.44300479  5.69230191  0.14944437  4.90873651
  0.1375581   4.2811127   1.00017228  2.49943617  2.53584661  0.05659153
  0.18949166  5.69638408  1.47001734  0.43249633  2.97775071  5.84508393]
 ||$hadfield_neuc_shape3_paramseed-13_sp-0123_p-15.txt$optimal function value: 44.55872038000001
optimal value: [0. 1. 0. 0. 1. 0. 0. 0. 0. 0. 1. 0. 0. 0. 0. 1.]
status: SUCCESS
 ||[1.81257203 4.29865328 2.14842186 5.33774525 0.58240224 1.65232831
 0.31534564 1.41536687 2.30678831 0.81819904 1.66949952 1.34422499
 0.92535546 3.59416891 2.62947944 3.69706277 0.04352656 1.73114379
 0.49933603 5.47163071 2.54156302 5.06236107 2.59352425 4.67697397
 2.98041616 4.98494636 0.8043165  5.3381904  1.52711452 4.74180818]
 ||$hadfield_euc_shape1_paramseed-13_sp-0123_p-15.txt$optimal function value: 48.13067508999998
optimal value: [0. 0. 1. 0. 1. 0. 0. 0. 0. 1. 0. 0. 0. 0. 0. 1.]
status: SUCCESS
 ||[1.80958796 4.30719996 2.15372458 5.33691449 0.58464813 1.49633504
 0.49514887 1.41965387 2.31759197 0.81818341 2.64281756 1.36660071
 1.93202801 2.72125605 2.63918266 3.82295474 1.04600901 1.73354954
 0.4603058  5.47347426 2.54431583 5.06366202 2.59626616 4.67976614
 2.98266128 4.98766257 0.80730923 5.34059903 1.52904956 4.74318273]
 ||$hadfield_euc_shape2_paramseed-13_sp-0123_p-15.txt$optimal function value: 30.655645410000005
optimal value: [0. 0. 1. 0. 0. 1. 0. 0. 1. 0. 0. 0. 0. 0. 0. 1.]
status: SUCCESS
 ||[2.0515683  5.23019265 2.15336481 5.34284649 0.54228441 1.40217851
 0.46378491 1.41620711 2.30782189 0.82865761 1.69663174 1.34297605
 0.92506205 2.71216667 3.65430456 3.8419317  0.04518103 1.73396899
 0.46170917 5.47562623 2.54472701 5.06534169 2.59714504 4.68000509
 2.98293002 4.98736742 0.80686221 5.34133708 1.53014201 4.74364152]
 ||$hadfield_euc_shape3_paramseed-13_sp-0123_p-15.txt$optimal function value: 32.53962615999998
optimal value: [0. 1. 0. 0. 0. 0. 1. 0. 1. 0. 0. 0. 0. 0. 0. 1.]
status: SUCCESS
 ||[0.81082103 4.30762854 2.14427499 5.33032964 0.58385186 1.45279946
 0.46031524 1.41604308 2.33343404 0.78833888 1.64545126 1.38027694
 0.9257756  3.71325468 3.62872059 3.82368841 0.04605629 1.73320734
 0.45977553 5.47416749 3.54255977 5.06585489 3.59647245 4.67787477
 2.98375611 4.98750057 0.80589427 5.34080826 1.5284706  4.71488447]
 ||$hadfield_neuc_shape2_paramseed-14_sp-0123_p-15.txt$optimal function value: 65.76070403
optimal value: [0. 0. 1. 0. 0. 1. 0. 0. 1. 0. 0. 0. 0. 0. 0. 1.]
status: SUCCESS
 ||[1.33794507 5.41449989 2.02509825 5.95931928 0.84993939 1.59383013
 3.30726019 4.13464482 0.93907625 5.28794654 1.24014758 5.08791338
 0.20502004 1.39713073 2.82625546 2.25019489 1.81811578 5.0529615
 1.9840806  0.93991409 1.73164357 4.17192828 0.51772822 4.09419308
 0.38609982 2.11743529 0.26035607 1.2838508  3.07237092 2.53622431]
 ||$hadfield_neuc_shape3_paramseed-14_sp-0123_p-15.txt$optimal function value: 44.55872038000001
optimal value: [0. 1. 0. 0. 0. 0. 1. 0. 1. 0. 0. 0. 0. 0. 0. 1.]
status: SUCCESS
 ||[1.33565285 5.41625406 3.05297288 5.90921025 0.85250602 1.6134589
 2.30795818 4.13827588 0.95133445 5.30188998 1.24655656 4.88526802
 0.37201178 1.40259032 2.83205413 2.25104416 0.81801209 5.05329037
 1.9846729  0.94034331 1.7320748  4.17183877 0.51822951 4.09452686
 0.38636009 2.11818872 0.26149324 1.28479153 4.07242356 2.53993989]
 ||$hadfield_euc_shape1_paramseed-14_sp-0123_p-15.txt$optimal function value: 48.13067508999998
optimal value: [0. 0. 1. 0. 1. 0. 0. 0. 0. 1. 0. 0. 0. 0. 0. 1.]
status: SUCCESS
 ||[1.33762486 4.40117943 2.05079084 5.90629181 1.85260888 1.60623734
 2.30696938 4.13827943 0.95144393 4.29856745 1.2476429  4.88605012
 0.37194414 1.40357308 2.83137625 2.24901359 0.81744291 5.05355437
 1.98510653 0.94097039 1.73259681 4.17226199 0.51879393 5.0947112
 0.3869637  3.11743792 0.25932832 1.28594028 4.19609908 2.53860148]
 ||$hadfield_euc_shape2_paramseed-14_sp-0123_p-15.txt$optimal function value: 30.655645410000005
optimal value: [1. 0. 0. 0. 0. 1. 0. 0. 0. 0. 1. 0. 0. 0. 0. 1.]
status: SUCCESS
 ||[-0.03973194  5.30241015  2.06536734  6.42030598  0.82817562  2.53363717
  2.45220573  4.22543091  1.05966423  5.40909343  1.26820645  4.87574031
  0.38356979  1.4214911   3.9389232   2.24956125  0.76272957  4.99474023
  1.92523749  0.94669838  1.66734877  4.07713719  0.49691718  4.09674558
  0.33359779  2.03206557  0.25259897  1.3675036   3.09110266  2.58575958]
 ||$hadfield_euc_shape3_paramseed-14_sp-0123_p-15.txt$optimal function value: 32.53962615999998
optimal value: [0. 1. 0. 0. 1. 0. 0. 0. 0. 0. 1. 0. 0. 0. 0. 1.]
status: SUCCESS
 ||[0.33400794 5.41366085 2.06085113 5.93006865 0.84585006 1.6159185
 2.29288348 4.13969127 0.95109524 4.28249727 2.24805909 4.75839607
 0.38295535 1.27730789 2.84452833 2.24921981 0.81671072 5.05473347
 1.98534982 0.93980849 1.73171843 4.17185537 0.51742428 4.09407838
 0.38664987 2.11855299 0.26266833 1.28375194 3.07304326 2.53554178]
 ||$hadfield_neuc_shape2_paramseed-15_sp-0123_p-15.txt$optimal function value: 65.76070403
optimal value: [0. 0. 1. 0. 0. 1. 0. 0. 1. 0. 0. 0. 0. 0. 0. 1.]
status: SUCCESS
 ||[ 3.17147302 -0.09834451  2.29505449  0.98095741  3.09718408  0.10317549
  2.75944384  4.2720337   2.70611875  6.26226     0.76135385  3.13432756
  2.20738932  1.75205495  1.06983741  1.42171761  2.67964769  5.48334178
  2.49508399  1.39280247  2.89434299  3.20225164  0.71470664  2.84999506
  1.31038733  0.48623004  1.76323701  2.25088217  1.77664107  5.8334679 ]
 ||$hadfield_neuc_shape3_paramseed-15_sp-0123_p-15.txt$optimal function value: 44.55872038000001
optimal value: [0. 1. 0. 0. 0. 0. 1. 0. 1. 0. 0. 0. 0. 0. 0. 1.]
status: SUCCESS
 ||[4.04139308 0.04598554 2.30315341 1.99808226 3.09906637 0.11804824
 2.75372084 4.27877175 2.67578657 6.29249688 0.73895909 2.13965558
 2.20096172 1.7398338  0.81601516 1.44148126 2.4294022  5.90971818
 2.48263507 1.38302034 2.88384935 4.19417223 0.72156526 2.85783276
 1.34117051 0.49955402 1.77056912 2.24033007 1.78469947 5.84030472]
 ||$hadfield_euc_shape1_paramseed-15_sp-0123_p-15.txt$optimal function value: 48.13067508999998
optimal value: [0. 0. 1. 0. 1. 0. 0. 0. 0. 1. 0. 0. 0. 0. 0. 1.]
status: SUCCESS
 ||[4.09099435 1.25459376 2.13820064 0.61349428 3.80346476 0.19871805
 2.88319358 4.38872861 2.79383943 6.48243708 0.88917666 2.05495566
 2.33139638 1.85203153 1.08936752 1.74929022 2.74308725 5.69481669
 2.79615837 1.49372271 3.03528232 3.23506693 0.65158775 3.1046054
 1.47011982 0.65458994 1.89797139 2.37697963 3.12415777 5.76885395]
 ||$hadfield_euc_shape2_paramseed-15_sp-0123_p-15.txt$optimal function value: 30.655645410000005
optimal value: [0. 0. 1. 0. 0. 1. 0. 0. 1. 0. 0. 0. 0. 0. 0. 1.]
status: SUCCESS
 ||[3.03194418 1.07360802 3.3127967  0.99303268 3.0986385  0.10633242
 2.83278468 4.17595018 2.69343251 6.27838078 0.7553789  2.12488344
 2.22488983 1.76341462 0.82719043 1.43659989 2.69527445 5.49489382
 2.50561886 1.40578645 2.90367778 3.21224476 0.72688129 2.86316037
 1.3193144  0.49572389 1.77368039 2.26177943 1.78945509 5.84502694]
 ||$hadfield_euc_shape3_paramseed-15_sp-0123_p-15.txt$optimal function value: 32.53962615999998
optimal value: [0. 1. 0. 0. 0. 0. 1. 0. 1. 0. 0. 0. 0. 0. 0. 1.]
status: SUCCESS
 ||[4.033243   1.05683791 2.31607551 0.99851213 3.12230036 0.09639122
 2.75236406 4.28575605 2.69119787 6.27582704 0.75415649 2.12516521
 2.19670842 1.777441   0.85392665 1.43301921 2.68876939 5.4933513
 2.50494494 1.40572199 2.90835352 3.21231651 0.717827   3.86251248
 1.32311916 0.49392273 1.77182271 2.26066053 1.78956691 5.84399358]
 ||$hadfield_neuc_shape2_paramseed-16_sp-0123_p-15.txt$optimal function value: 65.76070403
optimal value: [0. 0. 1. 0. 0. 1. 0. 0. 1. 0. 0. 0. 0. 0. 0. 1.]
status: SUCCESS
 ||[1.13573829 3.01900483 1.30991705 3.80708445 2.28649792 4.13250351
 1.81328318 3.98049444 0.04234622 1.89768759 1.0527335  0.89191331
 2.34167906 1.94496009 2.4795513  6.00800953 0.79658797 5.61435136
 2.53728264 4.19351242 0.08593486 2.87026245 1.9690781  1.86097687
 0.7048881  1.94638694 0.8113752  4.94990897 1.09254478 2.65858623]
 ||$hadfield_neuc_shape3_paramseed-16_sp-0123_p-15.txt$optimal function value: 44.55872038000001
optimal value: [0. 1. 0. 0. 0. 0. 1. 0. 1. 0. 0. 0. 0. 0. 0. 1.]
status: SUCCESS
 ||[1.28655459 4.02194863 1.29344291 2.78735194 1.28029806 4.11690005
 0.80733588 3.98918769 0.00741716 2.9109848  1.02937983 0.87504744
 2.80094804 1.92682989 2.45034226 6.00801344 0.75748982 5.58589452
 2.511017   4.16542441 0.07220349 2.84838699 1.93401226 1.84710409
 0.69325453 1.94224287 0.79689278 4.94697895 1.06278398 2.63648766]
 ||$hadfield_euc_shape1_paramseed-16_sp-0123_p-15.txt$optimal function value: 48.13067508999998
optimal value: [0. 0. 1. 0. 1. 0. 0. 0. 0. 1. 0. 0. 0. 0. 0. 1.]
status: SUCCESS
 ||[ 1.1191259   4.03263214  1.15806751  2.58748531  1.16442867  4.02880532
  0.8251488   3.77688518 -0.11266567  1.79079593  1.04141376  1.93221447
  3.43967603  1.9008158   2.32583472  6.00510642  0.68451796  5.4265949
  2.34645393  3.90576608 -0.24844717  2.52685244  1.80990045  1.68536735
  0.56138373  1.63929543  0.60559585  6.002931    0.74528181  2.42605093]
 ||$hadfield_euc_shape2_paramseed-16_sp-0123_p-15.txt$optimal function value: 30.655645410000005
optimal value: [1. 0. 0. 0. 0. 1. 0. 0. 0. 0. 1. 0. 0. 0. 0. 1.]
status: SUCCESS
 ||[2.13573245 3.01816266 1.31051307 2.81040628 1.28649484 4.13067779
 0.81364553 3.99021827 1.03172663 1.89591127 1.051852   0.89046405
 2.33286359 1.94769666 2.4807355  6.00640789 0.79750495 5.61513273
 2.53597402 4.19376545 0.08564284 2.87208222 1.96804166 1.86474336
 0.70455642 1.94766922 1.81194568 4.94976097 1.09235132 2.65893422]
 ||$hadfield_euc_shape3_paramseed-16_sp-0123_p-15.txt$optimal function value: 32.53962615999998
optimal value: [0. 1. 0. 0. 0. 0. 1. 0. 1. 0. 0. 0. 0. 0. 0. 1.]
status: SUCCESS
 ||[2.14476582 3.01127294 1.31072436 2.78969917 1.3002655  4.54955245
 1.06443891 3.98567469 0.03337729 1.89873987 1.05360045 0.89369461
 2.32306018 1.93969596 3.67285349 6.01377428 0.78450819 5.77755057
 2.53285966 4.18933051 0.24809943 2.86684885 2.13741607 1.85490259
 0.52051644 1.9407137  0.62022258 4.94320208 1.08558529 2.65365553]
 ||$hadfield_neuc_shape3_paramseed-17_sp-0123_p-15.txt$optimal function value: 44.55872038000001
optimal value: [0. 1. 0. 0. 0. 0. 1. 0. 1. 0. 0. 0. 0. 0. 0. 1.]
status: SUCCESS
 ||[1.6394767  5.07023324 3.01950456 2.28088017 3.44814707 4.38311016
 2.0373111  0.64886768 0.04240272 2.371496   2.30209664 1.54309813
 1.53319196 1.95417958 2.43515383 6.06936417 1.22057087 6.23361231
 0.15379798 5.06459283 2.70788716 0.90572852 2.1741764  3.46893754
 3.95945508 1.31923459 1.6965541  5.54507686 2.00686932 1.94129768]
 ||$hadfield_euc_shape1_paramseed-17_sp-0123_p-15.txt$optimal function value: 48.13067508999998
optimal value: [0. 0. 1. 0. 1. 0. 0. 0. 0. 1. 0. 0. 0. 0. 0. 1.]
status: SUCCESS
 ||[1.64269716 6.06777446 3.01932104 1.81809151 2.40818177 4.42284902
 2.0802204  0.69471952 0.08598712 2.41293735 2.343724   1.58693677
 1.57473794 1.99463923 3.6596293  5.94066875 2.26183227 6.27340596
 0.19531217 5.10484607 2.75042612 0.94715679 2.21757284 3.51099873
 3.00091666 1.31878024 1.6963208  5.54767839 2.01014037 1.94346981]
 ||$hadfield_euc_shape2_paramseed-17_sp-0123_p-15.txt$optimal function value: 30.655645410000005
optimal value: [0. 0. 1. 0. 0. 1. 0. 0. 1. 0. 0. 0. 0. 0. 0. 1.]
status: SUCCESS
 ||[2.6143754  5.99748025 3.56506397 1.81825732 3.40801107 4.42390566
 2.2537723  0.68946723 0.0812045  2.37590511 3.3462293  2.4322182
 1.54094317 2.22655987 2.63663372 5.91792104 1.2411547  6.25247205
 0.17643636 5.08105334 2.7422469  0.92856672 2.21014098 3.48770596
 2.97817401 1.29578403 1.67604285 5.52144604 1.98505876 1.92160238]
 ||