$wsqaoa_euc_shape1_paramseed-12_p-18.txt$optimal function value: 60.521521639999975
optimal value: [1. 0. 0. 0. 0. 1. 0. 0. 0. 0. 0. 1. 0. 0. 1. 0.]
status: SUCCESS
 ||[2.49114739 4.1311464  2.09338627 0.89591362 0.03443155 2.3552586
 0.86112798 5.09156664 2.16925483 3.77948738 1.75377891 4.15547962
 0.45589568 2.76541969 0.50993011 5.69240465 0.18474901 5.14505243
 0.23454258 4.31595674 1.05882883 2.54219846 2.64668506 0.11674876
 0.19104979 5.74972964 1.5985965  0.57178518 3.10120264 5.94833033
 0.35342173 2.65967252 0.42383252 1.96362634 1.9522184  1.02784426]
 ||$wsqaoa_euc_shape2_paramseed-12_p-18.txt$optimal function value: 69.22357879999998
optimal value: [1. 0. 0. 0. 0. 0. 0. 0. 0. 0. 1. 0. 0. 1. 0. 0.]
status: SUCCESS
 ||[1.4900695  5.12707421 2.09403661 1.89686855 0.03241053 2.3538177
 0.85921304 5.09033349 2.17005994 3.77896938 1.75154495 4.15694059
 0.45426605 2.76614572 1.50777011 5.69258134 0.18513863 5.14977864
 0.23238481 4.31361614 2.05267593 2.54634935 2.65024875 0.11649344
 0.18889127 5.75018865 1.60197076 0.57906895 3.09925938 5.94912023
 0.35513107 2.6603338  0.42430823 1.96637369 1.95071005 1.02442347]
 ||$wsqaoa_euc_shape3_paramseed-12_p-18.txt$optimal function value: 70.38812846000002
optimal value: [1. 1. 0. 0. 0. 0. 0. 0. 0. 0. 0. 1. 0. 0. 1. 0.]
status: SUCCESS
 ||[1.4908978  5.13107507 2.09351351 0.89596064 0.03408861 2.35466662
 0.86086529 5.09156286 2.16959592 3.56377301 1.84657888 4.21634832
 0.45647064 3.82613323 0.50977706 5.69220781 0.1848615  6.14486544
 0.23440098 4.31618647 1.0587421  2.54224397 2.64647038 0.11688847
 0.19095706 5.74935676 1.59881424 0.57163019 3.1011215  6.94838227
 0.35345425 2.6590891  0.42427757 1.96371613 1.95232361 1.0273183 ]
 ||$wsqaoa_euc_shape1_paramseed-13_p-18.txt$optimal function value: 60.521521639999975
optimal value: [1. 0. 0. 0. 0. 1. 0. 0. 0. 0. 0. 1. 0. 0. 1. 0.]
status: SUCCESS
 ||[0.81368488 4.30557355 2.14912804 6.33652197 0.58349981 1.49169349
 1.22868628 1.38878802 2.28002402 0.79217674 1.64321859 1.31806947
 0.8997578  2.68570964 2.60563731 4.79675706 0.0453256  1.73312369
 0.46092444 5.47446843 2.54389068 5.06451901 2.59608378 4.67943932
 2.98239099 4.98737312 0.80650826 5.34028746 1.52928105 4.74382973
 1.77225508 2.69913737 1.14421528 2.70065827 0.98569488 0.73740446]
 ||$wsqaoa_euc_shape2_paramseed-13_p-18.txt$optimal function value: 59.367672529999965
optimal value: [0. 0. 1. 0. 0. 0. 0. 1. 0. 1. 0. 0. 0. 0. 0. 0.]
status: SUCCESS
 ||[0.81794967 4.30814283 3.15734273 5.33184286 1.58412807 1.43461794
 0.47332495 1.40630588 2.30749669 0.80807972 1.66613527 1.32463489
 0.92143445 2.68939391 2.63275108 3.83557149 0.02848777 1.75356512
 0.44493753 5.43601792 2.54440331 5.04284863 2.59667571 4.63265118
 2.9737265  5.07244964 1.02522752 5.33912571 1.52775432 4.74148126
 1.77203965 2.6976622  1.14206993 2.69771828 0.98444657 0.73521757]
 ||$wsqaoa_euc_shape3_paramseed-13_p-18.txt$optimal function value: 37.817205
optimal value: [0. 1. 0. 0. 0. 0. 0. 1. 0. 0. 1. 0. 1. 0. 0. 0.]
status: SUCCESS
 ||[1.81362625 5.30561901 2.14916299 5.33656199 0.58349947 1.44859876
 0.46234232 1.41466856 3.30609179 1.81818267 2.66914789 1.3440167
 0.92566992 3.71166895 2.63164382 3.82295147 0.04555393 1.73301997
 0.46084527 5.47433269 2.54385392 5.06456017 2.59601145 4.67938993
 2.98240579 4.9873938  0.80655292 5.34042788 1.52924743 4.74385514
 1.77228737 2.69912266 1.14396078 2.70069255 0.98569379 0.73734427]
 ||$wsqaoa_euc_shape1_paramseed-14_p-18.txt$optimal function value: 91.83066781999995
optimal value: [0. 0. 1. 0. 0. 1. 0. 0. 0. 0. 0. 1. 0. 1. 0. 0.]
status: SUCCESS
 ||[1.83594666 4.41493607 2.0483485  5.9082865  1.85159009 1.6070308
 2.30638145 5.13723515 1.95161525 4.29973538 1.24582473 4.88523383
 0.38172673 1.40290688 3.83222831 2.24945412 0.81778779 5.05334499
 1.98451218 0.94006358 1.73169267 4.1719543  0.51839868 4.09457809
 0.38610276 3.11754611 0.26142909 1.28431247 3.0725071  2.53637787
 3.11161266 2.75618383 1.90866525 5.48274788 2.15808176 0.70074472]
 ||$wsqaoa_euc_shape2_paramseed-14_p-18.txt$optimal function value: 58.02846945999997
optimal value: [1. 0. 0. 0. 0. 0. 1. 0. 0. 1. 0. 0. 0. 0. 0. 0.]
status: SUCCESS
 ||[0.33545569 4.41269854 2.04434574 5.9090203  0.85123989 1.6068507
 2.30525536 4.13284882 0.95000083 4.29899253 1.2442317  4.88516111
 0.37208766 1.40318354 2.8336873  2.24924948 1.82024286 5.05333872
 1.98121259 0.93680391 1.73276118 4.16874462 0.51592618 4.09241975
 0.38625413 2.11388199 0.2587195  1.28175789 3.06984752 2.5327786
 3.11250436 2.76045056 1.91247429 5.4897129  2.16368376 0.69796877]
 ||$wsqaoa_euc_shape3_paramseed-14_p-18.txt$optimal function value: 62.24957653000001
optimal value: [0. 0. 1. 0. 0. 0. 0. 0. 1. 0. 0. 0. 0. 1. 0. 0.]
status: SUCCESS
 ||[0.33401629 4.41560817 3.04670459 5.90831509 0.84910773 1.60756141
 2.30613757 4.13704885 0.94994764 4.29947099 2.24598008 5.88051872
 0.37229907 1.4034399  2.83187737 2.25280104 0.82202091 5.05146834
 1.9847654  0.93755898 1.73149442 4.17247057 0.5185979  4.09447839
 0.38629909 2.11903993 0.26096488 1.28432336 3.07173873 2.5361061
 3.11031242 2.75596704 1.90782936 5.48258943 2.15698393 0.70160809]
 ||$wsqaoa_euc_shape1_paramseed-15_p-18.txt$optimal function value: 74.31243116000002
optimal value: [0. 0. 1. 0. 0. 0. 0. 0. 0. 1. 0. 0. 0. 0. 0. 1.]
status: SUCCESS
 ||[3.03240146 0.07322216 2.31218769 0.9928243  3.09869464 0.10601147
 2.76301369 4.28101885 2.69341341 6.28200253 0.75307253 2.12416909
 2.22484575 1.76296413 0.827204   2.43638525 2.6949759  5.49484063
 3.50577613 1.40360711 2.90548003 3.21304562 0.72691558 2.86225473
 1.31909712 0.49612473 1.77402908 2.26167898 1.78945501 5.84469711
 2.02815273 2.54535554 2.71299022 6.25286926 1.54018767 5.93776397]
 ||$wsqaoa_euc_shape2_paramseed-15_p-18.txt$optimal function value: 58.02846945999997
optimal value: [0. 0. 0. 1. 0. 1. 0. 0. 0. 0. 1. 0. 0. 0. 0. 0.]
status: SUCCESS
 ||[3.03147816 0.07935942 3.3090515  0.99391503 3.09886962 0.10599856
 2.76480917 4.28131647 2.69388439 7.27969755 0.82805324 2.02267398
 2.22466439 1.7644459  0.8265932  1.44003509 2.68959797 5.49667292
 2.50657991 1.40325902 2.9051262  3.21132838 0.72774904 2.86056395
 1.32181798 0.49404763 1.77350643 2.26146087 1.78920824 5.84359916
 2.02681224 2.54626787 2.71339925 6.25141709 1.53994834 5.93919983]
 ||$wsqaoa_euc_shape3_paramseed-15_p-18.txt$optimal function value: 61.949961970000004
optimal value: [1. 0. 0. 0. 0. 1. 0. 0. 0. 0. 0. 0. 0. 0. 0. 1.]
status: SUCCESS
 ||[4.03153532 0.07359043 2.31184719 0.99239554 3.09831901 0.10607816
 2.7628216  4.27743616 2.69409882 6.28194713 0.7566798  2.12340648
 2.22472671 2.76407794 0.82772231 2.43687125 3.69437477 5.49420041
 2.5046711  1.40294597 2.90509601 3.21272072 1.72584448 2.8630779
 1.31948341 0.4957205  1.77368485 2.25843142 1.79254557 5.84516562
 2.02860148 2.54809434 3.71107346 6.25339402 1.53998556 5.93828983]
 ||$wsqaoa_euc_shape1_paramseed-16_p-18.txt$optimal function value: 88.60230198000002
optimal value: [0. 0. 0. 0. 1. 0. 0. 0. 0. 0. 0. 1. 0. 0. 1. 0.]
status: SUCCESS
 ||[2.13574498 3.01869892 1.30987521 2.80714047 2.28644267 4.13242686
 0.81335382 3.98966671 0.03174734 2.89752011 1.05227986 0.89243327
 2.33510322 1.94825396 2.47918351 6.00786028 0.79634336 5.61404273
 2.53705667 4.19341886 0.08563819 2.87001522 1.97046675 1.85967019
 0.70434527 1.94953277 0.81151073 4.94996132 1.09286902 2.6590278
 2.02063576 5.95906046 0.92076993 0.27646556 3.05969002 5.23122905]
 ||$wsqaoa_euc_shape2_paramseed-16_p-18.txt$optimal function value: 62.50655003999998
optimal value: [1. 0. 0. 0. 0. 0. 0. 0. 0. 0. 0. 1. 0. 1. 0. 0.]
status: SUCCESS
 ||[1.135945   3.01942896 1.30966519 2.80646818 1.28698031 4.13277678
 1.81318739 3.99100133 0.03181912 1.89851999 1.05234952 0.892025
 2.33548829 1.9484612  2.47982865 6.00767126 0.79624157 5.61377599
 2.53699118 4.19335067 0.08584888 2.87072163 1.96880921 1.86105063
 0.70463992 1.94627485 0.81126954 4.94962556 1.09238057 2.65866187
 2.01983012 5.95892731 0.92040427 0.27622502 3.05927786 5.23141204]
 ||$wsqaoa_euc_shape3_paramseed-16_p-18.txt$optimal function value: 70.08851390000001
optimal value: [0. 0. 0. 1. 1. 0. 0. 0. 0. 0. 1. 0. 0. 0. 1. 0.]
status: SUCCESS
 ||[2.13577519 4.01897495 2.35282832 3.76328309 1.2865248  4.14437474
 0.81085553 4.98983858 0.03179173 1.89778615 2.05264272 0.89186832
 3.33550137 1.9484652  2.4794869  6.00802597 0.79647354 5.61429857
 2.53728886 4.19351643 0.08598599 2.87007499 1.96904451 1.86123916
 0.70470415 1.94646993 0.81126551 4.95001581 1.09254122 2.6585812
 2.02007352 6.95887222 0.9205851  0.27647902 3.05954351 5.23120033]
 ||$wsqaoa_euc_shape1_paramseed-17_p-18.txt$optimal function value: 48.13067508999998
optimal value: [1. 0. 0. 0. 0. 0. 1. 0. 0. 0. 0. 1. 0. 1. 0. 0.]
status: SUCCESS
 ||[1.68658912 5.10035486 2.97513361 1.83001442 2.34583031 4.3752775
 2.11127888 0.64752561 0.07555166 2.51552202 2.35682713 1.56661126
 1.5409735  2.00148892 2.63578192 5.93580039 1.28272926 6.25363922
 0.17425571 5.10871762 2.64178432 0.97606771 2.22531044 3.49421445
 3.02561593 1.28895465 1.64283824 5.50702864 2.00186083 1.90862336
 0.23707046 6.10513168 1.60879996 6.25750966 0.45046055 5.0937602 ]
 ||$wsqaoa_euc_shape2_paramseed-17_p-18.txt$optimal function value: 68.77527402000001
optimal value: [0. 1. 0. 0. 0. 0. 1. 0. 1. 0. 0. 0. 0. 0. 1. 0.]
status: SUCCESS
 ||[2.63470669 5.07558044 3.01897762 2.82702996 2.40856241 5.42576578
 2.07736536 0.69000005 0.08396048 2.41629516 2.34557508 1.58586941
 1.57426862 1.99460592 2.65702776 5.93522667 1.26051078 6.27290193
 0.19425076 5.10430055 2.74816143 0.94800382 2.21438109 3.51198135
 2.99800877 1.32010462 1.69539974 5.54289114 2.00572637 1.94562304
 0.25549093 5.90344394 1.48763195 6.26233566 0.44958863 5.1063676 ]
 ||$wsqaoa_euc_shape3_paramseed-17_p-18.txt$optimal function value: 32.53962615999998
optimal value: [0. 1. 0. 0. 1. 0. 0. 0. 0. 0. 1. 0. 0. 0. 0. 1.]
status: SUCCESS
 ||[2.52669284 5.09350006 4.00481233 2.84523731 2.40110769 4.42639791
 2.07833965 0.69423342 0.06620243 2.42184898 2.34589709 1.58044022
 1.58280368 1.99598716 2.65760727 5.94808826 1.26999261 6.27613529
 0.19752204 6.1139787  2.7546715  0.95409819 2.20640607 3.50392494
 2.99797037 1.31201294 1.69613125 5.55032483 1.99736385 1.92968367
 0.25869969 5.96907296 1.38814699 6.25646154 0.44290089 5.10441466]
 ||$wsqaoa_euc_shape1_paramseed-18_p-18.txt$optimal function value: 87.45286079999997
optimal value: [1. 0. 1. 0. 0. 0. 0. 0. 0. 0. 0. 1. 0. 1. 0. 0.]
status: SUCCESS
 ||[ 0.49176433  3.91881546  0.97650479  1.20677164  1.31472357  4.17081993
  1.36070191  2.85741149  0.71687334  1.4918775   2.09021144  3.07391803
  1.98660962  4.71889673  2.58156872  5.84022644  0.59006388  1.24847634
  2.0978531   3.40827519  0.55213944  4.09594123  2.62225075  5.13726179
  0.35567734  1.76078822 -0.3763083   5.95280673  0.58178457  4.36592945
  1.53753458  3.64555957  1.55714141  5.02400661  1.64519678  1.79323158]
 ||$wsqaoa_euc_shape2_paramseed-18_p-18.txt$optimal function value: 69.57878832999998
optimal value: [0. 0. 0. 0. 0. 1. 0. 0. 0. 0. 1. 0. 1. 0. 0. 0.]
status: SUCCESS
 ||[ 0.58470164  4.1308339   2.1190842   1.42586319  1.2206541   2.80274828
  1.47704001  3.90915168  0.79604853  1.30519039  2.90020888  1.95527818
  2.08744394  4.5443993   3.72981107  5.76192201  0.59342537  1.19043277
  2.11981286  3.44263446  0.48107809  4.14555727  2.49272093  5.02960688
  0.50468908  1.38437887 -0.30228558  6.09529657  0.52540825  4.40809976
  1.47162014  4.76095792  1.36205404  4.9448121   1.83227045  1.79698414]
 ||$wsqaoa_euc_shape3_paramseed-18_p-18.txt$optimal function value: 32.53962615999998
optimal value: [0. 0. 1. 0. 0. 1. 0. 0. 0. 0. 0. 1. 1. 0. 0. 0.]
status: SUCCESS
 ||[1.59607378 5.40580136 1.0497295  2.24326635 1.53669241 3.10400477
 1.50556803 2.88191942 0.96189759 2.60289948 2.17369112 2.04150571
 2.13063887 4.94434017 2.71921366 5.93056934 0.73411538 1.49255223
 2.31112885 3.61450184 0.64022644 4.25688687 2.50359877 5.3185931
 0.68668862 1.88601428 0.02404513 6.1337545  0.70021036 4.57606272
 1.57939003 3.73651999 1.66243758 5.19024244 1.88800881 1.86363109]
 ||