$hadfield_neuc_shape3_paramseed-1_sp-0213_p-19.txt$optimal function value: 44.55872038000001
optimal value: [0. 1. 0. 0. 0. 0. 1. 0. 1. 0. 0. 0. 0. 0. 0. 1.]
status: SUCCESS
 ||[ 1.42126000e+00  5.31430481e+00  2.40323136e+00  1.60215937e+00
  2.55527829e+00  2.83153066e+00  2.04770267e+00  4.95696837e+00
  2.91820373e-01  1.73067246e-01  2.83749261e+00  2.72091769e+00
  2.26896892e+00 -4.74506670e-03  1.38082569e+00  4.51548547e+00
  7.00119065e-01  6.92089630e+00  3.83186602e+00  1.91109920e-01
  8.00424909e-02  4.40124838e+00  2.95148596e+00  2.39326549e+00
  6.80472222e-01  2.65356313e+00  9.12153113e-02  1.39074699e+00
  1.37671211e+00  3.11717752e+00  7.31642436e-01  1.44875517e+00
  6.85542334e-01  2.88939188e+00  9.10421043e-01  1.34870982e-01
  2.63129454e+00  3.49649424e+00]
 ||$hadfield_euc_shape3_paramseed-1_sp-0213_p-19.txt$optimal function value: 32.53962615999998
optimal value: [0. 1. 0. 0. 0. 0. 1. 0. 1. 0. 0. 0. 0. 0. 0. 1.]
status: SUCCESS
 ||[0.43368071 6.33446589 2.40233363 1.59982924 2.57888305 3.82098693
 2.06225191 4.92688546 0.31425267 0.17712798 2.61180689 2.72707606
 2.3896965  0.03185543 1.37806098 4.50840483 0.70358645 5.91292605
 2.84158644 0.20440114 0.05576028 3.39018958 2.99746804 2.42843432
 0.6623773  2.68344192 0.0636928  0.94865506 1.46807466 3.37537906
 0.82503836 1.3586279  1.78246484 2.89380894 0.90408008 0.12849968
 2.63095202 3.49517327]
 ||$hadfield_neuc_shape3_paramseed-2_sp-0213_p-19.txt$optimal function value: 44.55872038000001
optimal value: [0. 1. 0. 0. 0. 0. 1. 0. 1. 0. 0. 0. 0. 0. 0. 1.]
status: SUCCESS
 ||[4.00398578 5.95582394 1.17809565 1.5332146  2.62608014 4.62397546
 2.10479175 1.93362022 2.90176739 3.81317643 1.82584311 1.00138506
 1.35269847 2.47044602 2.26999804 6.24972703 2.98017418 3.41430372
 1.39634605 1.68561596 0.11262847 0.17305544 1.46106173 2.00171553
 1.19340461 5.60343073 1.65235782 3.52212033 0.74274036 0.14924236
 1.02229236 0.85782051 1.60423361 6.27455002 2.11585796 2.14540121
 2.80748798 5.00614431]
 ||$hadfield_euc_shape3_paramseed-2_sp-0213_p-19.txt$optimal function value: 32.53962615999998
optimal value: [0. 1. 0. 0. 0. 0. 1. 0. 1. 0. 0. 0. 0. 0. 0. 1.]
status: SUCCESS
 ||[4.01545081 5.97634743 0.16851648 1.51206394 2.55665437 4.77762674
 2.00043822 1.89904859 1.81529568 3.80011973 1.8188396  0.96127713
 2.31436679 2.43281433 2.15373611 6.34019914 2.96116827 3.3851045
 1.17970269 1.2902659  0.17660648 0.23616277 1.52590941 2.06568292
 1.2578287  5.66757282 1.71430581 3.58482115 0.80603062 0.21377549
 2.08862571 0.85622963 1.59987871 6.27235652 2.11771367 1.1395557
 2.80431953 5.00476868]
 ||$hadfield_neuc_shape3_paramseed-3_sp-0213_p-19.txt$optimal function value: 44.55872038000001
optimal value: [0. 1. 0. 0. 0. 0. 1. 0. 1. 0. 0. 0. 0. 0. 0. 1.]
status: SUCCESS
 ||[0.74900382 3.42073058 1.1625247  3.79469083 2.96590817 0.41136203
 0.04185842 5.26150119 0.81460137 1.47232839 3.12803301 2.95477989
 2.86813905 2.94347677 1.99522567 0.93388742 1.98181488 5.4417009
 1.63082761 4.64452294 2.09626298 0.38951003 2.36919626 3.70105245
 0.93379305 0.18225059 2.70554626 2.95749127 3.24551996 5.52197498
 2.2436729  5.78818103 1.2401454  5.03206705 1.39661537 5.87866496
 2.76111976 0.61293127]
 ||$hadfield_euc_shape3_paramseed-3_sp-0213_p-19.txt$optimal function value: 32.53962615999998
optimal value: [0. 1. 0. 0. 0. 0. 1. 0. 1. 0. 0. 0. 0. 0. 0. 1.]
status: SUCCESS
 ||[1.74731904 4.4209995  1.16255912 3.79538546 1.9657762  0.41178696
 0.04161788 5.2622293  0.81208549 1.47487698 3.1257981  2.95482666
 2.62840347 2.99418125 2.00823892 0.94772656 1.99380014 5.45417609
 1.64331919 4.65848894 3.11007937 0.40170097 3.3829467  3.71489152
 0.94754451 0.19179324 2.72175094 2.95953567 2.25931262 5.52172375
 2.24532868 5.78850948 1.2418303  5.03377483 1.39873551 5.87999049
 2.75643241 1.62042393]
 ||$hadfield_neuc_shape3_paramseed-4_sp-0213_p-19.txt$optimal function value: 44.55872038000001
optimal value: [0. 1. 0. 0. 0. 0. 1. 0. 1. 0. 0. 0. 0. 0. 0. 1.]
status: SUCCESS
 ||[1.74186033 0.83732122 1.24384388 0.81051269 0.20912276 2.5230774
 2.88399359 5.02958236 3.40357985 1.39401407 1.6897965  1.73909609
 0.54068721 0.66215894 0.44859567 5.93813195 2.64364419 5.10755185
 3.55425298 1.21506001 0.97343384 3.93899955 3.29875353 5.37009308
 2.76537075 0.54526606 1.90326361 4.22061078 1.58961064 1.11664433
 1.48739985 0.56161262 2.93613349 5.43776149 1.72043253 1.88653687
 2.85539346 3.5975937 ]
 ||$hadfield_euc_shape3_paramseed-4_sp-0213_p-19.txt$optimal function value: 32.53962615999998
optimal value: [0. 1. 0. 0. 0. 0. 1. 0. 1. 0. 0. 0. 0. 0. 0. 1.]
status: SUCCESS
 ||[2.00988384 1.64940793 1.25266963 0.97377696 0.21080532 2.52514368
 2.88378672 5.0291222  2.40354426 1.39553597 1.68536467 1.74019793
 0.54168137 0.66664586 0.67298263 5.71935495 2.54786226 5.07287219
 2.51822421 1.21998387 0.97800641 3.94482259 2.30585397 5.37447838
 2.76965333 0.54903038 1.90726474 4.22470894 1.59561734 1.12064747
 1.4918099  0.56562614 2.9408203  5.44164922 1.72432516 1.89061467
 2.85949627 3.60080091]
 ||$hadfield_neuc_shape3_paramseed-5_sp-0213_p-19.txt$optimal function value: 44.55872038000001
optimal value: [0. 1. 0. 0. 0. 0. 1. 0. 1. 0. 0. 0. 0. 0. 0. 1.]
status: SUCCESS
 ||[2.95966541 5.66304859 2.50086327 5.92125329 2.32454869 5.79503807
 0.09099737 2.92546838 2.96335037 4.07829912 2.83041341 0.71111299
 1.47366282 1.54877606 1.70875427 4.60623921 0.04170342 1.36177113
 0.87796232 5.75596594 2.40586879 1.00306826 2.50422189 0.87193028
 1.93980402 0.79542541 0.0061605  5.47586292 0.65763347 1.35377049
 3.08632351 5.48138455 0.90896152 6.04110497 1.69385159 4.25844119
 0.64374894 5.91236137]
 ||$hadfield_euc_shape3_paramseed-5_sp-0213_p-19.txt$optimal function value: 32.53962615999998
optimal value: [0. 1. 0. 0. 0. 0. 1. 0. 1. 0. 0. 0. 0. 0. 0. 1.]
status: SUCCESS
 ||[2.93636570e+00 4.67004696e+00 2.50530170e+00 5.93925209e+00
 2.31949552e+00 5.79159726e+00 8.70534101e-02 2.92098369e+00
 2.95851978e+00 4.07229649e+00 2.82520586e+00 7.06447793e-01
 1.46916143e+00 1.54422163e+00 1.69818144e+00 3.60482420e+00
 1.04038807e+00 2.37723444e+00 8.78107144e-01 5.75610405e+00
 2.40760728e+00 1.00301860e+00 2.50437323e+00 8.72188642e-01
 1.94005089e+00 7.96380080e-01 5.73812194e-03 5.47544109e+00
 6.58455193e-01 1.35420463e+00 3.08675938e+00 5.48567989e+00
 9.02066837e-01 6.04152467e+00 1.69401014e+00 4.25954411e+00
 6.43591288e-01 5.91232809e+00]
 ||$hadfield_neuc_shape3_paramseed-6_sp-0213_p-19.txt$optimal function value: 44.55872038000001
optimal value: [0. 1. 0. 0. 0. 0. 1. 0. 1. 0. 0. 0. 0. 0. 0. 1.]
status: SUCCESS
 ||[3.48811685 6.1679806  2.51996011 2.64376675 1.00369701 4.16435612
 1.4762457  4.77541175 1.17197044 4.84458093 0.85730857 5.0585984
 2.28828796 2.60095966 1.68623305 4.28664932 0.60486045 3.47640036
 3.53318118 1.66844951 2.52006196 4.30519019 2.6495846  2.10922326
 0.29566545 5.02488641 2.52930292 2.80220393 0.29550672 1.23724579
 1.99381737 1.82622775 2.98938799 3.69671647 0.62699042 5.11956861
 1.13125406 5.86276875]
 ||$hadfield_euc_shape3_paramseed-6_sp-0213_p-19.txt$optimal function value: 32.53962615999998
optimal value: [0. 1. 0. 0. 0. 0. 1. 0. 1. 0. 0. 0. 0. 0. 0. 1.]
status: SUCCESS
 ||[ 3.49784853  5.07473797  1.32426615  1.25756899 -0.20131464  4.12149728
  1.29661394  4.61225576  1.04444692  4.49387951  0.87137696  4.71802858
  2.00511925  2.3614036   1.64624404  4.03906454  0.46157057  3.30192884
  2.37028922  1.66825065  2.4110632   4.1896499   2.52683364  1.97843795
  0.13965394  4.86177143  2.36389427  2.67303791  0.1372787   1.1029622
  1.93921969  1.62225632  2.89708593  3.87531204  0.30025167  3.92986929
  1.03432456  5.85266403]
 ||$hadfield_neuc_shape3_paramseed-7_sp-0213_p-19.txt$optimal function value: 44.55872038000001
optimal value: [0. 1. 0. 0. 0. 0. 1. 0. 1. 0. 0. 0. 0. 0. 0. 1.]
status: SUCCESS
 ||[ 1.01753066  1.95058777  3.04761868  0.44912969  2.68312537  3.29877569
  0.18578221  3.19074322 -0.02570169  2.7802602   0.22396982  0.56496787
  1.34149111  5.19544117  0.47657852  1.3063053   1.97119102  5.95622529
  1.81137205  2.4600554   3.06692428  0.29309203  2.69681923  1.8201194
  0.4528728   0.74017066  0.97098006  5.12536456  0.56705298  3.65425355
  2.0071581   2.34026065  1.72048716  0.3954236   0.18749221  1.29412839
  2.13761768  2.68618107]
 ||$hadfield_euc_shape3_paramseed-7_sp-0213_p-19.txt$optimal function value: 32.53962615999998
optimal value: [0. 1. 0. 0. 0. 0. 1. 0. 1. 0. 0. 0. 0. 0. 0. 1.]
status: SUCCESS
 ||[1.02086864 0.95559433 2.03861774 0.45836758 1.6843609  2.29700583
 0.18174364 3.18910597 0.11765117 2.72657087 0.2189692  0.56978024
 1.33348007 5.19388477 0.3835966  1.40733505 1.97158129 5.95288751
 1.57368755 2.58770857 3.07567766 0.30116548 2.705748   1.82885823
 0.46185875 0.74904673 0.97790323 5.13590244 0.57591998 3.66287357
 2.01629691 2.34868276 1.73013413 0.40243707 1.19670906 1.2943204
 2.13800421 2.68576952]
 ||$hadfield_neuc_shape3_paramseed-8_sp-0213_p-19.txt$optimal function value: 44.55872038000001
optimal value: [0. 1. 0. 0. 0. 0. 1. 0. 1. 0. 0. 0. 0. 0. 0. 1.]
status: SUCCESS
 ||[ 1.71501888  6.04714808  0.38645852  4.37598395  0.29927161  2.56713556
  3.13718245  1.30899843  2.00975813  3.89303348  1.41969838  3.11041278
  0.60406981  5.2084257   0.14758112  1.47472826 -0.0605994   1.67662518
  1.28096407  5.66863406  1.20496554  0.72738441  0.812179    6.23060264
  0.19870954  3.89105266  1.18535723  4.12633022  1.06393219  4.3440514
  1.56237012  4.082715    2.83164418  3.6543594   0.44629828  0.40315429
  2.97188387  3.0698504 ]
 ||$hadfield_euc_shape3_paramseed-8_sp-0213_p-19.txt$optimal function value: 32.53962615999998
optimal value: [0. 1. 0. 0. 1. 0. 0. 0. 0. 0. 1. 0. 0. 0. 0. 1.]
status: SUCCESS
 ||[0.71301995 7.04733682 0.40039927 4.42992712 0.26861174 1.55477224
 3.1371202  2.32174477 2.0191936  2.88809696 1.42057915 3.10948816
 0.60356607 5.21749356 0.28219999 1.46958392 0.0646399  1.68272726
 1.27553108 5.67446162 1.18922658 0.71494077 0.81249355 6.23235686
 0.19762257 3.89521463 1.18532192 4.15175125 1.06363615 4.34204318
 1.56295365 4.0819617  2.83341823 3.65391244 1.44685401 0.40625744
 2.97206771 3.07097939]
 ||$hadfield_neuc_shape3_paramseed-9_sp-0213_p-19.txt$optimal function value: 44.55872038000001
optimal value: [0. 1. 0. 0. 0. 0. 1. 0. 1. 0. 0. 0. 0. 0. 0. 1.]
status: SUCCESS
 ||[1.45477245 2.34578065 1.42324415 5.44473617 0.01988772 4.16196696
 2.81449155 0.50016726 1.74461803 4.87933973 1.38054151 2.38201826
 2.21087534 2.87419179 2.27821132 0.98768743 1.74891655 0.69708056
 1.59049071 5.80490108 2.8549885  4.86441922 1.20579953 4.68764833
 0.32003441 1.82964831 2.11831792 4.55958845 1.325401   0.5509898
 0.83806111 1.31860976 0.88346612 5.08667662 0.62716968 5.56932592
 2.76272446 0.34429227]
 ||$hadfield_euc_shape3_paramseed-9_sp-0213_p-19.txt$optimal function value: 32.53962615999998
optimal value: [0. 1. 0. 0. 0. 0. 1. 0. 1. 0. 0. 0. 0. 0. 0. 1.]
status: SUCCESS
 ||[ 1.46007985  3.29313034  1.43473069  5.40185909 -0.02117624  3.1692304
  2.82793543  1.51672831  2.74803191  3.86440108  0.11312045  3.40260508
  2.23132068  2.83879186  2.27719127  0.99136121  0.74951817  0.6939069
  1.58776232  5.80595207  1.85555316  4.86493347  1.20416846  4.68891312
  0.31841777  1.83079474  2.11507638  4.56128766  1.32711842  0.54940821
  0.8373596   1.31882991  1.88271609  5.08420143  0.63070295  5.56963523
  2.76550667  0.34537161]
 ||$hadfield_neuc_shape3_paramseed-10_sp-0213_p-19.txt$optimal function value: 44.55872038000001
optimal value: [0. 1. 0. 0. 0. 0. 1. 0. 1. 0. 0. 0. 0. 0. 0. 1.]
status: SUCCESS
 ||[1.89347383 2.62651802 1.84342797 1.30560445 2.5395252  5.19187961
 2.06782378 1.00748652 1.7684184  2.01929236 0.766661   5.98784528
 3.13372482 0.26569914 2.67949295 3.76550108 1.22413412 1.78243582
 2.120828   2.87048861 2.15446988 4.15843729 0.41842105 4.82319759
 3.08674526 6.0901996  1.92689931 0.2773529  0.01314637 0.84040528
 2.95710793 1.90199137 1.15155023 5.64215933 0.98815935 3.44800735
 1.36975296 0.40678887]
 ||$hadfield_euc_shape3_paramseed-10_sp-0213_p-19.txt$optimal function value: 32.53962615999998
optimal value: [0. 1. 0. 0. 0. 0. 1. 0. 1. 0. 0. 0. 0. 0. 0. 1.]
status: SUCCESS
 ||[2.80291958 2.69874402 1.81022871 1.28871932 2.55945884 5.26671611
 1.96777881 1.02752524 1.61715614 2.04416606 0.78045574 5.96981874
 3.13474975 0.28148973 2.68059438 3.84977058 1.12896254 1.76498804
 2.11252417 2.79784494 2.12821941 4.13653262 0.41356512 4.97680134
 3.2173765  6.08876756 1.92460389 0.27806674 0.01332546 0.84056299
 2.95510732 1.90112673 1.14997162 5.64382733 0.98773218 3.44782291
 1.36756288 0.40870734]
 ||$hadfield_neuc_shape2_paramseed-11_sp-0213_p-19.txt$optimal function value: 65.76070403
optimal value: [1. 0. 0. 0. 0. 1. 0. 0. 0. 0. 1. 0. 0. 0. 0. 1.]
status: SUCCESS
 ||[2.43399333 4.53349965 2.88996873 2.90439566 1.58901001 4.69467418
 0.56556059 3.20671331 2.46312816 4.95594741 0.26430367 3.12524212
 0.05073289 5.06057388 2.14808393 0.25037252 3.06932448 6.19930845
 2.02490673 3.86793675 0.48556    0.0282398  1.67484638 0.45053432
 0.58694534 1.50323098 0.08554518 2.88167207 1.36643605 5.27196024
 1.60198336 4.01384108 1.56993801 4.26961319 1.35901357 1.72366355
 3.10958723 6.23548985]
 ||$hadfield_neuc_shape3_paramseed-11_sp-0213_p-19.txt$optimal function value: 44.55872038000001
optimal value: [0. 1. 0. 0. 0. 0. 1. 0. 1. 0. 0. 0. 0. 0. 0. 1.]
status: SUCCESS
 ||[2.42104246 3.51923218 3.90293569 2.92567053 1.5954321  3.68890858
 0.5809065  3.21566741 2.97907102 4.98239623 0.29582833 2.90625356
 0.2857093  5.0877905  2.17917363 0.26313932 3.08573415 6.06187452
 2.0546416  3.86705667 0.49510899 0.09467869 1.66081633 0.37417304
 0.59759734 1.52086265 0.09330739 2.91452254 1.38337787 5.29426852
 1.62969278 4.02230647 1.57023296 4.16104831 1.43665286 1.74877342
 3.13388615 6.25802256]
 ||$hadfield_euc_shape1_paramseed-11_sp-0213_p-19.txt$optimal function value: 48.13067508999998
optimal value: [0. 0. 1. 0. 1. 0. 0. 0. 0. 1. 0. 0. 0. 0. 0. 1.]
status: SUCCESS
 ||[2.4213236  3.52569934 3.85252468 2.9263468  1.55437303 3.69182721
 1.58744529 3.21262297 1.98207807 5.97423752 0.29713995 1.90282748
 0.27752959 5.09102031 2.28140307 0.20541185 3.08280457 6.06129342
 2.0542998  3.86678782 0.49387087 0.09492347 1.65977464 0.37568555
 0.59698156 1.52082682 0.17565771 2.82154711 1.38435435 5.29393271
 1.63110033 4.02351285 1.5715883  4.16012311 1.43765269 1.74811241
 3.13441176 6.25660115]
 ||$hadfield_euc_shape2_paramseed-11_sp-0213_p-19.txt$optimal function value: 30.655645410000005
optimal value: [0. 0. 1. 0. 0. 1. 0. 0. 1. 0. 0. 0. 0. 0. 0. 1.]
status: SUCCESS
 ||[1.42142416 4.5188363  3.90177824 2.93825989 1.59754785 3.68994719
 0.5680871  3.21665203 1.97777453 4.98222422 0.2983296  1.88292092
 0.2963315  5.09074389 2.17815528 0.26473176 3.08818707 7.06265565
 2.05535537 3.86776309 0.49596741 0.09397824 1.66158251 0.37469984
 0.59771287 1.51877716 1.09696061 2.91261264 1.38407157 5.29458709
 1.63089382 5.0240306  1.57092381 4.16281428 1.4370236  1.74756529
 3.13492387 6.25517842]
 ||$hadfield_euc_shape3_paramseed-11_sp-0213_p-19.txt$optimal function value: 32.53962615999998
optimal value: [0. 1. 0. 0. 0. 0. 1. 0. 1. 0. 0. 0. 0. 0. 0. 1.]
status: SUCCESS
 ||[1.42168878 3.51651979 2.93252664 2.95876083 1.59599367 3.64678628
 0.5807435  3.21489897 1.97711175 4.98013421 0.29405272 1.90496479
 0.28320197 5.08493444 2.17558805 0.26116061 3.08468956 6.05940528
 3.05246177 3.8664903  0.49517259 0.09464668 1.66229054 0.37387067
 0.59654519 1.51947608 0.09369498 2.91662755 1.38350001 5.29095118
 1.63195671 4.0220056  1.57081461 4.16111989 1.43813993 1.63682929
 3.18976757 6.25545229]
 ||$hadfield_neuc_shape2_paramseed-12_sp-0213_p-19.txt$optimal function value: 84.11755562999997
optimal value: [0. 1. 0. 0. 0. 0. 1. 0. 1. 0. 0. 0. 0. 0. 0. 1.]
status: SUCCESS
 ||[2.48875724 4.1321948  2.09244994 0.89618324 0.03373435 3.35668334
 0.860484   6.09245153 2.16312596 3.76903112 1.75770603 4.14812899
 0.45017724 2.76814388 0.52023748 5.67904662 0.1638611  5.15330262
 0.22649902 4.30729769 1.04792705 2.53292267 2.63738003 0.10995813
 1.18374159 5.75478406 1.59930173 0.57547494 3.10147905 5.95060013
 0.35403384 2.66347436 0.42212151 1.96745609 1.957429   1.02826828
 2.19040533 0.44550568]
 ||$hadfield_neuc_shape3_paramseed-12_sp-0213_p-19.txt$optimal function value: 44.55872038000001
optimal value: [0. 1. 0. 0. 0. 0. 1. 0. 1. 0. 0. 0. 0. 0. 0. 1.]
status: SUCCESS
 ||[1.49062901 4.12920638 2.09191814 0.89327772 0.03378536 2.35465248
 0.86094224 5.09119193 2.16752383 3.71853723 1.75701619 4.15857764
 0.4435081  2.76981269 0.51096918 5.69659042 0.18837828 5.14831629
 0.23535854 4.31412625 1.0621374  2.54426768 2.65044333 0.12093361
 0.1919467  5.75067214 1.60189762 0.57334067 3.1031711  5.95014256
 0.35719609 2.66557974 0.42814205 1.97022698 1.95347895 2.0322723
 2.19059486 0.32387834]
 ||$hadfield_euc_shape1_paramseed-12_sp-0213_p-19.txt$optimal function value: 48.13067508999998
optimal value: [0. 0. 1. 0. 1. 0. 0. 0. 0. 1. 0. 0. 0. 0. 0. 1.]
status: SUCCESS
 ||[1.3641192  4.3492241  2.10495736 0.87867871 0.0324234  2.38018722
 0.88088986 5.11087576 2.18790901 3.79915386 1.75245122 4.14664916
 0.48126763 2.6076707  0.33017038 5.70780474 0.20829829 5.16832639
 0.2541152  4.33090535 1.07721753 2.56170321 3.66462564 0.11778848
 0.19190528 5.74992282 1.59786151 0.5709597  3.10155982 5.94872259
 0.3556259  2.66153143 0.42651049 1.96336439 1.9528105  1.02828592
 3.18911969 0.32688793]
 ||$hadfield_euc_shape2_paramseed-12_sp-0213_p-19.txt$optimal function value: 30.655645410000005
optimal value: [1. 0. 0. 0. 0. 1. 0. 0. 0. 0. 1. 0. 0. 0. 0. 1.]
status: SUCCESS
 ||[1.24004699 5.11199774 2.10110517 0.90008092 0.03539146 2.35757764
 0.85912341 5.05621905 2.15778348 4.78985962 1.75273302 4.1560564
 0.45645694 2.76571642 0.51703582 5.69172663 0.18111574 5.1483705
 0.23342729 4.31818905 1.05792347 2.54231217 2.64741839 0.11420418
 0.19014596 5.74992487 1.59604521 0.56996944 3.11506234 5.96865417
 0.34584579 2.64623858 0.42343106 1.96326334 1.95456392 1.03009127
 2.1697349  0.32100681]
 ||$hadfield_euc_shape3_paramseed-12_sp-0213_p-19.txt$optimal function value: 32.53962615999998
optimal value: [0. 1. 0. 0. 0. 0. 1. 0. 1. 0. 0. 0. 0. 0. 0. 1.]
status: SUCCESS
 ||[2.49018174 4.12937087 2.09485168 0.89590538 0.03296921 2.35438563
 0.86191305 5.08907894 2.17130353 3.77797692 1.75158872 4.15447016
 0.45552346 2.76602025 0.51092084 5.69576016 0.18789909 5.13830246
 0.23390078 4.31632086 1.06100756 2.54116347 2.64589507 0.11698015
 0.19170134 5.75049398 1.59818153 0.57064249 3.10142939 5.94678245
 0.35353169 2.6598902  0.42564483 1.96448741 1.95193814 1.02791896
 2.1865064  1.326889  ]
 ||$hadfield_neuc_shape2_paramseed-13_sp-0213_p-19.txt$optimal function value: 65.76070403
optimal value: [0. 0. 1. 0. 0. 1. 0. 0. 1. 0. 0. 0. 0. 0. 0. 1.]
status: SUCCESS
 ||[0.81281465 4.3047022  2.14915029 5.33743851 0.58367534 1.44843312
 0.46276242 1.41547905 3.30493463 0.81789835 1.66853373 1.34347988
 0.92590446 2.71252388 2.63152565 3.82359657 0.04547471 1.73131458
 0.46297155 5.47381928 2.54415051 5.06534097 2.59615166 4.67964159
 2.98272676 4.98712298 0.80609912 5.34025749 1.52950819 5.74312327
 1.77174112 2.69943743 1.14402974 2.70046668 0.986472   0.73737757
 2.57591096 5.01584921]
 ||$hadfield_neuc_shape3_paramseed-13_sp-0213_p-19.txt$optimal function value: 44.55872038000001
optimal value: [0. 1. 0. 0. 0. 0. 1. 0. 1. 0. 0. 0. 0. 0. 0. 1.]
status: SUCCESS
 ||[0.81410788 5.30362236 3.14704521 5.33923643 0.58162128 1.4580798
 0.46147749 1.41375188 2.30715807 0.81039108 1.68128616 1.35596121
 0.90337239 2.72417897 2.62535793 3.81644497 0.03888864 1.72986532
 1.45533713 5.4749807  2.54482887 5.06427141 2.5963328  4.67984032
 2.98278311 4.99149791 0.80918106 5.34116057 1.52913116 4.74245971
 1.76861976 2.69769117 1.14226521 2.69951018 0.98624032 0.73671566
 2.57324392 5.01573251]
 ||$hadfield_euc_shape1_paramseed-13_sp-0213_p-19.txt$optimal function value: 48.13067508999998
optimal value: [0. 0. 1. 0. 1. 0. 0. 0. 0. 1. 0. 0. 0. 0. 0. 1.]
status: SUCCESS
 ||[1.81352571 4.3057819  3.14897032 6.3364906  0.58337684 1.44853652
 0.4624038  1.41482668 3.30604207 0.81817644 1.66916127 1.34411451
 0.93870517 2.75174857 2.6318998  3.82308788 0.02312768 2.77365613
 0.46085711 5.47445416 3.54391424 5.06440771 2.59600352 4.67930437
 2.9823826  4.9873406  0.80639218 5.34018829 1.52920251 4.74384462
 1.77217201 2.69905094 1.1441157  2.70063871 0.98564084 0.73737324
 2.57491799 5.0155744 ]
 ||$hadfield_euc_shape2_paramseed-13_sp-0213_p-19.txt$optimal function value: 30.655645410000005
optimal value: [0. 0. 1. 0. 0. 1. 0. 0. 1. 0. 0. 0. 0. 0. 0. 1.]
status: SUCCESS
 ||[1.81066306 5.27448647 3.1094834  5.35276945 0.59287506 2.55556202
 0.46051076 1.41432721 2.30513295 0.8235111  1.67153831 1.34840066
 0.93826624 2.71705687 2.6307739  3.83816011 0.04311779 1.73872306
 0.4710007  5.48626898 2.54312586 5.06801067 2.59713317 4.68719186
 2.99657365 4.97918885 0.81284663 5.35027257 2.53860326 4.74320852
 1.76869678 2.6984206  1.13848945 2.69712513 0.98128664 0.73981717
 2.57214525 5.01500466]
 ||$hadfield_euc_shape3_paramseed-13_sp-0213_p-19.txt$optimal function value: 32.53962615999998
optimal value: [0. 1. 0. 0. 0. 0. 1. 0. 1. 0. 0. 0. 0. 0. 0. 1.]
status: SUCCESS
 ||[1.81275905 5.30451783 2.19478563 5.29403453 0.58520004 1.44716726
 1.46214724 1.41673268 2.30853913 0.8193487  1.66975532 1.34546473
 0.92477878 2.71315635 2.6302103  3.82200453 1.04836323 1.73321154
 0.46120591 5.47442162 2.5421866  5.06444625 2.59345756 4.67811038
 2.98064939 4.98753355 0.80500134 5.34135682 1.52765936 4.74375624
 1.7706011  2.69945326 2.14182624 2.69897958 0.9867235  0.73806587
 2.57488685 5.0148537 ]
 ||$hadfield_neuc_shape2_paramseed-14_sp-0213_p-19.txt$optimal function value: 65.76070403
optimal value: [0. 0. 1. 0. 0. 1. 0. 0. 1. 0. 0. 0. 0. 0. 0. 1.]
status: SUCCESS
 ||[0.33552765 5.4088766  3.04574731 5.90704744 0.85271559 1.60795856
 2.30550625 4.13698803 0.95966173 5.28997789 1.22620656 4.88465299
 0.37490584 2.40237084 2.83323014 2.2487339  0.81953897 5.05329239
 1.98672572 0.94451004 1.73294007 4.1729367  0.50510625 4.08260485
 0.38667112 2.11813061 0.26007492 1.28355413 3.07163022 2.5366622
 3.11221234 2.75570192 1.90823179 5.48258284 2.15897125 0.70159776
 1.85714935 3.98358483]
 ||$hadfield_neuc_shape3_paramseed-14_sp-0213_p-19.txt$optimal function value: 44.55872038000001
optimal value: [0. 1. 0. 0. 1. 0. 0. 0. 0. 0. 1. 0. 0. 0. 0. 1.]
status: SUCCESS
 ||[1.34994693 5.41389224 2.04556728 5.90697702 0.85523235 1.60588353
 2.30596496 4.1387506  1.19646532 4.24960747 2.25044604 4.88315835
 0.3724331  2.64750884 2.84801864 2.24420942 0.82152002 5.26421702
 1.84880914 0.94068089 1.73146939 5.17012425 0.52773847 4.09457833
 0.3856517  2.11859056 0.26195483 1.28301802 3.07326617 2.53867359
 3.10861574 2.75669377 1.90719777 5.47318123 2.15816979 0.69553269
 1.85050239 3.98121281]
 ||$hadfield_euc_shape1_paramseed-14_sp-0213_p-19.txt$optimal function value: 48.13067508999998
optimal value: [0. 0. 1. 0. 1. 0. 0. 0. 0. 1. 0. 0. 0. 0. 0. 1.]
status: SUCCESS
 ||[0.34150502 4.42273504 2.00598944 5.95241544 0.84959854 1.6047679
 2.30416832 4.12782846 0.95219081 4.29737158 2.24575739 4.88615982
 0.37335856 1.40289671 2.83136986 2.24974017 0.81791507 5.0532256
 1.98431363 0.94044175 1.73207709 5.17207003 0.51803709 4.09447242
 0.38655618 2.11780489 0.26104635 1.28423886 3.07257859 2.53596677
 3.11246592 2.75498044 1.90621544 5.48437779 2.157594   0.7009744
 1.85140542 3.98080001]
 ||$hadfield_euc_shape2_paramseed-14_sp-0213_p-19.txt$optimal function value: 30.655645410000005
optimal value: [0. 0. 1. 0. 0. 1. 0. 0. 1. 0. 0. 0. 0. 0. 0. 1.]
status: SUCCESS
 ||[0.30734364 5.41600131 2.02493508 5.93069565 0.83395879 1.65976655
 3.33149507 4.11901802 0.9398389  4.27925297 1.24480432 4.872245
 0.35737975 2.31792357 2.93165824 2.47546491 0.81180118 5.05220174
 1.97923469 0.91097705 1.80941252 4.16688901 0.51985099 4.08920266
 0.38273719 2.11479551 0.25973163 1.28535654 3.07151466 2.53180345
 3.1032961  2.75092834 1.90187021 5.47928838 2.15448668 0.69344259
 1.84822359 3.88255219]
 ||$hadfield_euc_shape3_paramseed-14_sp-0213_p-19.txt$optimal function value: 32.53962615999998
optimal value: [0. 1. 0. 0. 0. 0. 1. 0. 1. 0. 0. 0. 0. 0. 0. 1.]
status: SUCCESS
 ||[0.33558862 5.41453899 2.04821327 5.90768743 1.85318077 1.60701575
 2.30668909 4.13701571 0.95162014 4.29854817 1.24594099 4.88522391
 0.37183599 1.40277354 2.83200013 2.24961548 0.8181983  5.05401925
 1.98451261 0.9405343  1.73235764 4.17160781 0.51813233 4.0947019
 0.38706937 2.11741177 0.2614503  1.2846128  4.07251854 2.53614208
 4.11190937 2.75647382 1.90910983 5.48419193 2.15728765 0.70004513
 1.85048912 3.98191769]
 ||$hadfield_neuc_shape2_paramseed-15_sp-0213_p-19.txt$optimal function value: 65.76070403
optimal value: [0. 0. 1. 0. 0. 1. 0. 0. 1. 0. 0. 0. 0. 0. 0. 1.]
status: SUCCESS
 ||[3.04638962 0.0790475  2.30219642 0.97945905 4.10648883 0.10455298
 2.76610367 4.25724234 2.69934162 6.2865916  0.74437925 2.6274388
 2.24458139 2.76539938 0.82576911 1.25319452 2.69258122 5.4929457
 2.50322328 1.40360835 2.90739134 3.2122271  0.72306915 3.03217621
 1.31660604 0.49390918 1.77010799 2.26029827 1.7870832  5.84133373
 2.02480442 2.54427943 2.71003457 6.25026412 1.53664968 5.93641966
 0.05880663 0.87697862]
 ||$hadfield_neuc_shape3_paramseed-15_sp-0213_p-19.txt$optimal function value: 44.55872038000001
optimal value: [0. 1. 0. 0. 0. 0. 1. 0. 1. 0. 0. 0. 0. 0. 0. 1.]
status: SUCCESS
 ||[3.05233829 0.07370355 2.28663286 0.97063278 3.12355548 0.10587868
 3.76333614 4.28215315 2.69466255 6.04366886 0.83230075 2.10626453
 2.21013062 1.76355052 0.82768697 2.43267905 2.7073979  5.4851975
 2.50598217 1.40348646 2.90541378 3.21265848 0.72721723 2.86180382
 1.31924717 0.4954746  1.77441476 3.26213123 1.79018736 5.84595313
 2.0282547  2.54436444 2.71239304 6.25249223 1.54072154 5.93714393
 0.05789944 0.88183384]
 ||$hadfield_euc_shape1_paramseed-15_sp-0213_p-19.txt$optimal function value: 48.13067508999998
optimal value: [0. 0. 1. 0. 1. 0. 0. 0. 0. 1. 0. 0. 0. 0. 0. 1.]
status: SUCCESS
 ||[3.03341353 1.08693532 3.3115418  1.99088443 3.10403522 0.10817965
 2.73865154 4.27891079 2.71252854 7.2831602  0.75665083 2.11953086
 2.22913112 1.73793007 0.84534506 1.43662648 2.69503134 5.50597656
 2.49922934 1.39262723 2.90423849 3.21479208 0.72401893 2.86319337
 1.31884359 0.49661796 1.77397544 2.26113187 1.78907644 5.84631207
 2.0293309  2.54666193 2.71389822 6.25278922 1.54017856 5.93750329
 0.0587128  0.88022422]
 ||$hadfield_euc_shape2_paramseed-15_sp-0213_p-19.txt$optimal function value: 30.655645410000005
optimal value: [0. 0. 1. 0. 0. 1. 0. 0. 1. 0. 0. 0. 0. 0. 0. 1.]
status: SUCCESS
 ||[4.0379754  0.06926256 2.31157846 0.99104703 3.09671367 0.10246679
 2.7663811  4.27300907 2.69396074 6.10653948 1.9286761  2.12474746
 2.23112295 1.76520888 0.82761165 1.43363429 2.69799785 5.49562101
 2.50044423 1.40410419 2.90295808 3.21453936 0.72591582 2.86237052
 1.3166196  0.49665387 1.7745349  2.26164998 1.78965818 5.84487465
 2.02707267 2.54541979 2.71209939 6.25342413 1.54218608 5.93743628
 0.05815977 0.88134992]
 ||$hadfield_euc_shape3_paramseed-15_sp-0213_p-19.txt$optimal function value: 32.53962615999998
optimal value: [0. 1. 0. 0. 0. 0. 1. 0. 1. 0. 0. 0. 0. 0. 0. 1.]
status: SUCCESS
 ||[4.03244882 0.08443892 2.30830524 1.95754435 3.08072336 1.04580258
 2.75630177 4.28150326 2.69319035 6.32877025 1.74670259 2.12445655
 2.20883349 1.76070766 0.82505881 1.43622451 2.69124539 5.49569346
 2.50744464 1.40387007 2.90615677 3.21246459 0.72658055 3.86253686
 1.31855633 1.49963502 2.77379499 2.26180423 1.78851536 5.84506523
 2.02870948 2.54606233 2.71407192 6.25314971 1.54108508 5.93720398
 0.059317   0.88295162]
 ||$hadfield_neuc_shape2_paramseed-16_sp-0213_p-19.txt$optimal function value: 65.76070403
optimal value: [0. 0. 1. 0. 0. 1. 0. 0. 1. 0. 0. 0. 0. 0. 0. 1.]
status: SUCCESS
 ||[1.14276453 4.04503292 2.30267265 2.79027337 1.28540926 4.13543405
 0.81543733 3.96864464 0.08490511 1.88471913 1.05637695 0.88385388
 2.34919946 1.91511257 2.47286968 6.00822515 0.80866211 5.59154576
 2.51547119 4.19427435 0.07311207 2.853644   1.93842324 1.85228632
 0.67253837 1.96178279 0.7975208  4.94250791 1.06991614 2.66010193
 1.98097841 5.91962973 0.90668171 0.25923139 3.18580219 5.42591845
 2.4794849  3.28406968]
 ||$hadfield_neuc_shape3_paramseed-16_sp-0213_p-19.txt$optimal function value: 44.55872038000001
optimal value: [0. 1. 0. 0. 0. 0. 1. 0. 1. 0. 0. 0. 0. 0. 0. 1.]
status: SUCCESS
 ||[1.13592417 3.01901806 1.30947973 2.80661753 1.28666271 4.15247228
 0.79403612 3.98930304 1.01615703 1.89860601 1.05196157 0.89214353
 2.33539733 1.94784175 2.47872055 6.00827758 0.79615637 6.6139068
 2.53595773 4.1932455  0.08557871 2.87019787 1.96869231 1.8606948
 0.70482206 1.9472013  0.81208303 4.95024639 1.09231647 2.6587636
 2.01973388 5.9589446  0.92039192 0.27693054 3.05930702 5.23108257
 2.48309218 3.2886849 ]
 ||$hadfield_euc_shape1_paramseed-16_sp-0213_p-19.txt$optimal function value: 48.13067508999998
optimal value: [0. 0. 1. 0. 1. 0. 0. 0. 0. 1. 0. 0. 0. 0. 0. 1.]
status: SUCCESS
 ||[1.13508867 4.01953571 2.30966314 2.80714942 1.28423279 5.12981941
 0.81539388 5.01174385 0.03998409 1.90392318 1.05269939 0.89809038
 2.28715814 1.95268544 2.48670836 6.01553999 0.7923514  5.61010804
 3.56809475 4.19424821 0.08549164 2.87036846 1.96950121 1.86172769
 0.70013587 1.95143912 0.81127113 4.95065216 1.09308748 2.65803108
 2.02150099 5.95871303 0.92079905 0.27626134 3.05939059 5.23128091
 2.48368749 3.28813469]
 ||$hadfield_euc_shape2_paramseed-16_sp-0213_p-19.txt$optimal function value: 30.655645410000005
optimal value: [0. 0. 1. 0. 0. 1. 0. 0. 1. 0. 0. 0. 0. 0. 0. 1.]
status: SUCCESS
 ||[2.14157305 3.01042095 1.32412416 2.83172046 1.32702654 4.09843666
 0.7335807  3.75632665 0.06106397 1.92732129 1.0829417  0.92097297
 2.36336922 1.97757471 2.50810276 6.03932993 0.82178679 6.64173223
 2.53801512 4.19402751 0.08850432 2.87203707 1.97085292 1.86268103
 0.7061841  1.94834167 0.81372944 4.95165568 1.09405921 2.66092383
 2.02203891 5.95996267 0.92268241 0.27835953 4.06133512 5.23140419
 2.481951   3.28773878]
 ||$hadfield_euc_shape3_paramseed-16_sp-0213_p-19.txt$optimal function value: 32.53962615999998
optimal value: [0. 1. 0. 0. 0. 0. 1. 0. 1. 0. 0. 0. 0. 0. 0. 1.]
status: SUCCESS
 ||[2.13605962 2.47710317 1.31068487 2.96075889 2.28826748 5.13218741
 0.81349558 4.98875292 1.03195363 1.89721288 1.05261811 0.89088347
 2.33682815 1.94906642 2.47856503 6.00759113 0.7965613  5.61435159
 2.53810612 4.19231796 0.0858471  2.87053305 1.9688037  1.86080308
 0.7050652  2.94569774 0.81253193 4.9495223  1.09312689 2.65843481
 2.02023702 5.95885491 0.92057109 1.27675045 3.05943878 5.23014786
 3.48391851 3.28794385]
 ||$hadfield_neuc_shape2_paramseed-17_sp-0213_p-19.txt$optimal function value: 65.76070403
optimal value: [0. 0. 1. 0. 0. 1. 0. 0. 1. 0. 0. 0. 0. 0. 0. 1.]
status: SUCCESS
 ||[2.63957679 5.06768372 4.01763042 2.82037172 3.41451832 4.4251276
 3.07835047 0.69091353 0.09245572 2.41717192 3.33638382 1.58624196
 1.58087686 1.99151605 2.65563252 5.93182132 2.26269521 6.27445264
 0.19514338 5.10465352 2.74954055 0.94822336 2.21611012 3.51077417
 3.00075682 1.31975559 1.69538616 5.54445899 2.00636372 1.94105622
 0.25794109 5.90339267 1.49122025 6.26098407 0.44414559 5.10193857
 3.55328244 5.78019486]
 ||$hadfield_neuc_shape3_paramseed-17_sp-0213_p-19.txt$optimal function value: 44.55872038000001
optimal value: [0. 1. 0. 0. 0. 0. 1. 0. 1. 0. 0. 0. 0. 0. 0. 1.]
status: SUCCESS
 ||[2.81748517 6.07046113 3.0186354  1.81743005 2.40743177 4.41995622
 2.07677736 1.69202317 0.08166826 2.41106964 2.34521691 1.58153019
 2.58105349 1.98847449 2.65248708 6.03157392 1.24995846 6.27500942
 0.19114088 5.11417954 2.74946818 0.94366101 2.22262492 3.5030373
 3.00388314 1.42440831 1.62258869 5.53655257 2.00660868 1.94880027
 0.22592349 6.14518531 1.5584026  6.24754706 0.43132972 5.08817307
 2.54302324 5.7702911 ]
 ||$hadfield_euc_shape1_paramseed-17_sp-0213_p-19.txt$optimal function value: 48.13067508999998
optimal value: [0. 0. 1. 0. 1. 0. 0. 0. 0. 1. 0. 0. 0. 0. 0. 1.]
status: SUCCESS
 ||[1.6310877  5.07212104 3.01156784 2.82811287 2.40785439 4.40640991
 2.08494175 0.70296688 0.0696361  3.41537063 2.35005865 1.58555593
 1.57612988 1.99775759 2.66592243 5.94276123 1.25808712 6.2763479
 0.19387406 5.10559155 2.74952426 0.94964973 2.21535214 3.51168859
 3.00265626 1.32093731 1.69565848 5.54645722 2.00654978 1.94207676
 0.25478152 5.90653838 1.4896227  6.26115288 0.45179722 5.09527227
 2.55487741 6.78023008]
 ||$hadfield_euc_shape2_paramseed-17_sp-0213_p-19.txt$optimal function value: 30.655645410000005
optimal value: [0. 0. 1. 0. 0. 1. 0. 0. 1. 0. 0. 0. 0. 0. 0. 1.]
status: SUCCESS
 ||[2.62980271 6.06015798 4.01407587 1.81354346 2.40338846 4.42309409
 2.07633835 0.69005412 1.0868834  2.42039869 2.34396005 1.59364774
 1.569448   2.99030368 2.65492215 5.93667141 1.2622307  6.27417306
 0.19216489 5.10640507 2.75211147 0.95089275 2.21584287 3.51229556
 3.00222537 1.32141018 1.69606953 5.54597365 2.00656292 1.94399002
 0.25849678 5.90555124 1.48865286 6.26200259 0.4436806  5.10336544
 2.53603173 5.88252165]
 ||$hadfield_euc_shape3_paramseed-17_sp-0213_p-19.txt$optimal function value: 32.53962615999998
optimal value: [0. 1. 0. 0. 0. 0. 1. 0. 1. 0. 0. 0. 0. 0. 0. 1.]
status: SUCCESS
 ||[1.64343742 6.06333602 3.02153258 1.82344557 2.4023046  4.42950135
 2.07830123 0.68740211 0.08573632 2.41733311 2.34658957 1.58305005
 2.57731939 1.99705324 2.65776711 5.9434378  1.2598059  6.27084588
 0.19444141 5.11069122 2.75092622 0.9478707  2.21513551 3.51036309
 2.99880103 1.31856498 1.69399937 5.54547808 2.00985586 1.94432578
 0.25708745 5.90869254 1.47925253 6.26031152 0.44306845 5.10162986
 3.5514853  5.778472  ]
 ||$hadfield_neuc_shape2_paramseed-18_sp-0213_p-19.txt$optimal function value: 65.76070403
optimal value: [0. 0. 1. 0. 0. 1. 0. 0. 1. 0. 0. 0. 0. 0. 0. 1.]
status: SUCCESS
 ||[0.5719714  4.17430194 1.05759436 1.29673044 2.5422607  3.09356601
 2.50684091 2.88071302 0.77133469 1.62440112 2.16148552 2.03914045
 3.12838673 5.01376237 2.60570979 5.93123452 0.73688304 1.49127115
 2.30807651 3.61581299 0.63452144 4.25774295 2.74271156 5.25166569
 0.67867833 1.87867518 0.02101167 6.13004145 0.69317607 4.56750899
 1.68925088 3.72986201 1.65487665 5.18752496 1.88534892 1.90577608
 0.36165849 2.99975161]
 ||$hadfield_neuc_shape3_paramseed-18_sp-0213_p-19.txt$optimal function value: 44.55872038000001
optimal value: [0. 1. 0. 0. 0. 0. 1. 0. 1. 0. 0. 0. 0. 0. 0. 1.]
status: SUCCESS
 ||[0.56599976 4.1580756  1.05054959 2.24286857 2.48372299 3.10809956
 1.50657148 2.63728244 0.83264868 1.59531933 2.17117425 3.03697496
 2.11968706 4.94519246 2.72051618 5.93143322 0.73665999 1.49754769
 2.31163946 3.61602288 0.63102317 4.25633989 2.74233813 5.25073381
 0.67826698 1.87821138 0.01913129 6.13057635 0.69131427 4.56754582
 1.68961205 3.72950962 1.65522815 5.18755478 1.88582799 2.90143923
 0.35955453 2.99719912]
 ||$hadfield_euc_shape1_paramseed-18_sp-0213_p-19.txt$optimal function value: 48.13067508999998
optimal value: [1. 0. 0. 0. 0. 0. 1. 0. 0. 1. 0. 0. 0. 0. 0. 1.]
status: SUCCESS
 ||[ 1.56692499  4.17812324  1.03033194  2.23101605  1.52958334  3.02223584
  1.52978186  2.87218592  0.79135628  1.82464344  2.61754037  2.08464505
  2.14470167  4.91321459  2.71081723  5.88941529  0.74408359  1.49730899
  3.28061662  3.61636341  1.91596261  4.30764709  3.74359315  5.17369176
  0.587274    2.33546702 -0.06355863  6.12420034  0.68067683  4.55685639
  1.67454326  3.6592919   1.6374295   5.17600683  1.88063177  1.89865858
  0.35119709  2.99844611]
 ||$hadfield_euc_shape2_paramseed-18_sp-0213_p-19.txt$optimal function value: 30.655645410000005
optimal value: [1. 0. 0. 0. 0. 1. 0. 0. 0. 0. 1. 0. 0. 0. 0. 1.]
status: SUCCESS
 ||[1.57631229 4.14979898 1.05078266 1.23773936 1.52923076 3.0978582
 1.49628245 2.89342236 0.83912932 2.58531023 2.16137039 2.04142823
 2.12390995 4.94262539 2.72671225 5.94651862 0.73468886 1.48448189
 3.30875189 3.61857692 0.64085314 4.26550441 2.76192576 5.25162565
 0.67636416 1.87593189 1.02070666 6.12967773 0.68844287 4.56737344
 1.6888705  3.72788883 1.65517984 5.18716573 1.88287099 1.90402775
 0.35948246 2.99948043]
 ||$hadfield_euc_shape3_paramseed-18_sp-0213_p-19.txt$optimal function value: 32.53962615999998
optimal value: [0. 1. 0. 0. 0. 0. 1. 0. 1. 0. 0. 0. 0. 0. 0. 1.]
status: SUCCESS
 ||[1.56628831 5.151065   1.04951399 2.25637702 1.57948643 3.07247816
 1.53189888 2.87151525 0.77621079 1.60450374 2.15346686 2.02427095
 2.1290936  4.95531227 2.73544729 5.94433433 0.70875018 2.54451097
 2.31003285 3.61583658 0.62915202 4.26125483 3.74212659 5.25613231
 0.67662913 1.877055   0.02010604 6.12959186 0.69338135 4.56663319
 1.68984399 3.72805215 1.65606898 5.18619829 1.88506433 1.90298928
 0.36058471 2.9975981 ]
 ||$hadfield_neuc_shape2_paramseed-19_sp-0213_p-19.txt$optimal function value: 84.11755562999997
optimal value: [0. 1. 0. 0. 0. 0. 1. 0. 1. 0. 0. 0. 0. 0. 0. 1.]
status: SUCCESS
 ||[3.15209272 5.93049428 1.63226083 3.21531037 1.23642461 6.26341694
 0.91038464 0.95000143 0.82063308 1.63499716 1.02717268 1.68391368
 0.33651986 2.04399045 0.97632297 3.57530724 0.63227941 0.44336267
 0.63535643 3.40717854 1.22016341 4.60603515 2.52220574 3.60270979
 0.31213492 4.57494254 2.37373657 2.4877065  2.06865422 1.87852371
 2.87379944 5.23868773 2.48830343 5.99370557 0.73124047 3.42591973
 2.2964229  5.03623387]
 ||$hadfield_neuc_shape3_paramseed-19_sp-0213_p-19.txt$optimal function value: 44.55872038000001
optimal value: [0. 1. 0. 0. 1. 0. 0. 0. 0. 0. 1. 0. 0. 0. 0. 1.]
status: SUCCESS
 ||[3.15647127 4.88814677 1.57513037 3.20158209 2.298244   6.2069099
 0.83017249 0.85578958 0.74213304 1.53622265 0.94744415 1.52617428
 0.28203586 1.94265347 0.90509865 3.40549289 0.51480751 0.35871898
 0.58217374 3.40803978 1.22028049 4.50956671 2.47418314 2.53290707
 0.23985647 4.5062827  2.30319693 2.42957861 1.96426328 1.7621104
 2.83576422 5.17803237 2.43820141 5.88759553 0.66704903 3.352849
 2.1711539  4.9989706 ]
 ||$hadfield_euc_shape1_paramseed-19_sp-0213_p-19.txt$optimal function value: 48.13067508999998
optimal value: [0. 0. 1. 0. 1. 0. 0. 0. 0. 1. 0. 0. 0. 0. 0. 1.]
status: SUCCESS
 ||[3.13398876 4.9206931  1.64260708 4.2247793  1.23586588 6.27079826
 0.90978512 0.93138856 0.82000292 1.63563668 1.01905823 1.73750868
 0.34235117 2.03345312 0.97547045 3.57044254 0.39981892 0.53452121
 0.67601714 3.44727459 2.25875514 4.60838427 2.52357939 2.60438946
 0.3117794  4.57437081 2.37381469 2.48854776 2.06824625 1.88151496
 2.87404656 5.23883359 2.48708629 5.99226101 0.73005559 3.42609908
 2.29744398 5.03610163]
 ||$hadfield_euc_shape2_paramseed-19_sp-0213_p-19.txt$optimal function value: 32.55298180999998
optimal value: [0. 0. 1. 0. 1. 0. 0. 0. 0. 1. 0. 0. 0. 0. 0. 1.]
status: SUCCESS
 ||[2.12395151 5.93263442 2.63288016 3.2111866  1.2890421  6.26301234
 0.90919628 0.90830585 0.80492561 1.63202838 1.02701525 2.68108138
 0.33908281 2.04219019 0.9755028  3.57882877 0.63440072 0.44718988
 0.63226458 3.41071438 1.21841837 4.6112095  2.52395624 2.60450801
 0.31487846 4.57529586 2.37622835 3.49256777 2.06965794 1.87880792
 2.87463936 5.2367563  2.48924887 5.9935612  0.73044566 3.42685944
 2.29508245 5.0348884 ]
 ||$hadfield_euc_shape3_paramseed-19_sp-0213_p-19.txt$optimal function value: 32.53962615999998
optimal value: [0. 1. 0. 0. 0. 0. 1. 0. 1. 0. 0. 0. 0. 0. 0. 1.]
status: SUCCESS
 ||[2.12871261 4.93194462 1.6365416  3.22477253 2.23299126 6.26102666
 0.90144319 0.93014272 0.81985904 2.63547776 1.02831553 1.68335539
 0.33863348 2.04505572 1.97702479 3.57729182 0.63277341 1.44717548
 1.63697602 3.41810598 1.22067601 4.60855777 2.52377276 2.6036738
 0.31125252 4.57346713 2.37457783 2.48932021 2.06894226 1.87809308
 2.87405934 5.2385062  2.48887303 5.99259401 0.73437524 3.42543441
 2.29861206 6.03605928]
 ||$hadfield_neuc_shape2_paramseed-20_sp-0213_p-19.txt$optimal function value: 65.76070403
optimal value: [0. 0. 1. 0. 0. 1. 0. 0. 1. 0. 0. 0. 0. 0. 0. 1.]
status: SUCCESS
 ||[2.84455417 4.31210012 2.41012057 5.68249957 0.81378055 3.99291646
 2.84295008 5.4823475  1.79729395 1.05625227 1.29162102 6.24787862
 0.32243623 2.00114782 2.98302978 2.82411033 0.65394832 1.99075476
 2.85563795 2.10820945 1.34517447 3.94414985 2.54311182 3.09253011
 0.25875112 3.60783397 0.13113888 0.57668147 0.58090079 4.39816849
 0.88916057 4.33144892 0.51822643 0.70606497 0.07281696 4.43367961
 2.69895832 2.38020248]
 ||$hadfield_neuc_shape3_paramseed-20_sp-0213_p-19.txt$optimal function value: 44.55872038000001
optimal value: [0. 1. 0. 0. 0. 0. 1. 0. 1. 0. 0. 0. 0. 0. 0. 1.]
status: SUCCESS
 ||[2.8640999  4.2612381  3.48791485 5.73797532 0.80128792 3.98757087
 2.82173693 5.47963878 1.78963681 1.05355375 1.27201302 6.24596249
 0.32731047 1.99211191 2.99607682 3.03881003 1.71786587 2.09231119
 2.85457403 2.10714248 1.34159618 3.94228648 2.53137493 3.09302606
 0.25608369 3.6013687  0.10978519 0.59377872 0.5971366  4.35720921
 0.89044563 4.33624541 0.51232436 0.74004568 0.073338   4.43429058
 2.69831073 1.37944768]
 ||$hadfield_euc_shape1_paramseed-20_sp-0213_p-19.txt$optimal function value: 48.13067508999998
optimal value: [0. 0. 1. 0. 1. 0. 0. 0. 0. 1. 0. 0. 0. 0. 0. 1.]
status: SUCCESS
 ||[3.84608182 4.31006306 2.40846788 5.68411832 1.81795922 3.99358405
 2.84316776 5.48014814 1.79876958 1.06524973 1.2938877  6.24467844
 0.32332573 2.00505092 2.98540203 2.8242874  0.65656588 1.98898032
 2.85513263 2.1092312  1.34291376 3.94509405 2.53048074 3.09264945
 0.25664563 3.60185469 0.11149906 1.59450606 0.59697553 4.35730963
 0.89007543 4.33619953 0.51327213 0.73924578 0.07386589 4.4348736
 2.69979364 1.38171037]
 ||$hadfield_euc_shape2_paramseed-20_sp-0213_p-19.txt$optimal function value: 30.655645410000005
optimal value: [0. 0. 1. 0. 0. 1. 0. 0. 1. 0. 0. 0. 0. 0. 0. 1.]
status: SUCCESS
 ||[3.84476312 5.31117172 2.40805372 5.68197925 0.81442571 4.99409606
 2.84285915 5.47762629 1.7992224  1.06211913 2.29357971 6.24544407
 0.32612418 2.00367353 2.98644996 2.82238762 0.65606152 1.98926069
 2.85240101 2.10993097 1.34106261 3.94359224 2.52989429 3.09066666
 0.25672335 3.59790895 0.11135936 0.59670935 0.59765325 5.358372
 0.88825883 4.33498291 0.51571018 0.7411697  0.07263585 4.43482054
 2.70050864 2.37765558]
 ||$hadfield_euc_shape3_paramseed-20_sp-0213_p-19.txt$optimal function value: 32.53962615999998
optimal value: [0. 1. 0. 0. 0. 0. 1. 0. 1. 0. 0. 0. 0. 0. 0. 1.]
status: SUCCESS
 ||[2.82824147 5.79808094 2.49579072 5.696675   0.8332686  4.0081592
 2.85939862 5.49653188 1.81080409 1.07830274 1.2759881  6.25934574
 0.33873359 2.02207223 2.99946406 2.83191657 0.67250143 1.99805461
 2.8646711  2.12576474 1.35100233 3.95301333 2.54459781 3.11025982
 0.26843448 3.61678198 0.12573333 0.60844064 0.61113581 4.36875326
 1.91028016 4.32993534 0.50564877 0.73829663 1.07431118 4.42136953
 2.69147936 1.37490117]
 ||$hadfield_neuc_shape3_paramseed-1_sp-0213_p-20.txt$optimal function value: 44.55872038000001
optimal value: [0. 1. 0. 0. 0. 0. 1. 0. 1. 0. 0. 0. 0. 0. 0. 1.]
status: SUCCESS
 ||[0.41953077 5.30919547 2.39482557 2.61158017 1.55896724 2.84210439
 2.04827727 4.94483715 0.33412228 0.17556628 2.63725613 2.70539576
 2.3996553  0.07502227 1.28779466 4.55270973 0.59463534 5.94057154
 2.83358059 0.19112306 0.07967785 3.40157739 2.95099053 2.39618923
 0.68087056 2.65035963 0.09155603 1.39350982 1.37596551 3.11634813
 0.731015   1.45130618 0.68919042 2.90356935 0.93056457 0.13752944
 2.63314202 3.49851995 2.01598928 1.16753911]
 ||$hadfield_euc_shape3_paramseed-1_sp-0213_p-20.txt$optimal function value: 32.53962615999998
optimal value: [0. 1. 0. 0. 0. 0. 1. 0. 1. 0. 0. 0. 0. 0. 0. 1.]
status: SUCCESS
 ||[ 1.383189    5.88147264  2.540533    1.55467151  1.50351263  2.80769535
  1.99976654  4.90741608  0.243393    0.10771402  2.57370814  2.68108347
  2.36281556 -0.03307633  1.33736906  4.48591152  1.67888754  5.93203262
  2.82913869  0.18427095  0.08007487  3.39706493  2.94619866  2.38376124
  0.6714812   2.64306704  0.08180653  1.38350646  1.36689733  3.11232381
  0.72512707  1.44188975  0.67219753  2.8815156   0.90461462  0.12923212
  2.62718329  3.48956248  2.01193892  1.16525371]
 ||$hadfield_neuc_shape3_paramseed-2_sp-0213_p-20.txt$optimal function value: 44.55872038000001
optimal value: [0. 1. 0. 0. 0. 0. 1. 0. 1. 0. 0. 0. 0. 0. 0. 1.]
status: SUCCESS
 ||[4.00551974 6.95363773 0.17647672 0.535501   2.62543274 4.62664068
 2.10664571 1.92865323 1.87337166 3.8130514  1.8240604  0.99380863
 1.35225687 2.47375861 2.27421981 6.24878752 2.99361229 3.36912634
 1.40084952 2.69054139 0.11389602 0.17292492 2.46044144 2.99883894
 1.19461038 5.60289706 1.65161418 3.52136282 0.74130332 0.15064788
 1.02108228 0.86130133 1.60289797 6.27680231 2.12032141 1.14145893
 2.80733064 5.00777295 3.30739774 5.69721501]
 ||$hadfield_euc_shape3_paramseed-2_sp-0213_p-20.txt$optimal function value: 32.53962615999998
optimal value: [0. 1. 0. 0. 0. 0. 1. 0. 1. 0. 0. 0. 0. 0. 0. 1.]
status: SUCCESS
 ||[3.97416876 5.9242559  1.14724944 0.52706288 2.642234   4.64873346
 2.15964652 1.91526924 1.89721009 3.73764407 1.76564058 1.00677682
 1.23508433 2.02775355 2.30307042 6.27364121 3.02356679 3.44523467
 1.39743622 1.71540026 0.15937206 0.19741309 1.4901236  2.02501572
 1.22436454 5.6269918  1.67859642 3.54877005 0.76863593 0.1731354
 1.05343686 0.88581256 1.62792881 6.30247874 2.14518189 2.16504343
 2.80213058 4.99065152 2.2989076  5.69155631]
 ||$hadfield_neuc_shape3_paramseed-3_sp-0213_p-20.txt$optimal function value: 44.55872038000001
optimal value: [0. 1. 0. 0. 0. 0. 1. 0. 1. 0. 0. 0. 0. 0. 0. 1.]
status: SUCCESS
 ||[1.78328501 3.40323821 2.12243323 3.79559019 1.9938654  0.41086585
 0.0383667  6.28413489 1.81724549 1.4726214  3.12779056 2.95485189
 2.62804881 2.99366618 1.99644035 0.9471221  2.01357659 5.45183672
 1.64121115 5.65507643 2.10896822 0.40217922 2.38077145 3.71348977
 0.94600562 0.19423601 2.7190344  2.97068015 2.25852228 5.5217844
 2.24350323 6.78751243 1.24072452 5.03212105 1.39675261 5.87827468
 2.7611169  0.6124529  0.42716279 1.36328789]
 ||$hadfield_euc_shape3_paramseed-3_sp-0213_p-20.txt$optimal function value: 32.53962615999998
optimal value: [0. 1. 0. 0. 0. 0. 1. 0. 1. 0. 0. 0. 0. 0. 0. 1.]
status: SUCCESS
 ||[1.74642163 3.41778501 1.15978496 3.79503878 2.96806533 1.4189387
 0.04127252 5.24208982 0.87599104 1.44430686 3.13294861 2.97727238
 3.62685831 2.9967664  2.00697115 0.94554221 1.9980505  5.45653538
 2.63973202 4.65895491 2.10928055 1.40331686 2.38334411 3.71435689
 0.94680852 0.19480681 2.71939553 2.96989117 2.25776056 5.52105057
 2.24352847 5.78777978 1.24070397 5.03130084 1.39713181 5.87843225
 2.76084096 0.61213639 0.4299084  2.36081721]
 ||$hadfield_neuc_shape3_paramseed-4_sp-0213_p-20.txt$optimal function value: 44.55872038000001
optimal value: [0. 1. 0. 0. 0. 0. 1. 0. 1. 0. 0. 0. 0. 0. 0. 1.]
status: SUCCESS
 ||[1.74547686 0.64799926 1.11548918 0.97447489 0.22901727 2.52500039
 2.89099099 4.99475026 2.40796068 1.38722878 1.68533636 1.79628925
 0.57019906 0.73730291 0.57556565 5.82806509 2.60297272 5.06691942
 2.51764002 1.21545805 0.96754951 3.94010147 2.30062197 5.36912448
 2.76478501 0.54494955 1.90296236 4.22075852 1.59102732 1.11764304
 1.48660164 0.56387379 2.93661756 5.43712629 1.72068521 1.88755974
 2.85470117 3.59578602 2.77207714 5.32870373]
 ||$hadfield_euc_shape3_paramseed-4_sp-0213_p-20.txt$optimal function value: 32.53962615999998
optimal value: [0. 1. 0. 0. 1. 0. 0. 0. 0. 0. 1. 0. 0. 0. 0. 1.]
status: SUCCESS
 ||[0.76172265 1.70628012 1.27928515 0.90935958 0.09381413 2.4720959
 3.05854659 4.81328121 2.56198752 1.19297766 1.54619428 1.70408707
 0.44628645 0.53396141 1.52125262 5.78248179 2.66262897 4.93868969
 2.40709847 1.37369071 0.97369233 3.81414768 2.1284272  6.3590015
 2.63790648 0.65428385 2.18869173 4.19529906 1.57331562 1.10062449
 1.47067632 0.5357993  2.92530853 5.41267309 2.03340486 1.86894265
 3.14138781 3.57161901 2.76748625 5.31213896]
 ||$hadfield_neuc_shape3_paramseed-5_sp-0213_p-20.txt$optimal function value: 44.55872038000001
optimal value: [0. 1. 0. 0. 0. 0. 1. 0. 1. 0. 0. 0. 0. 0. 0. 1.]
status: SUCCESS
 ||[1.74112818 4.66098529 2.49752711 6.95300005 2.3250226  5.79311058
 0.0878009  2.9210342  2.96238454 4.07949455 2.83981075 0.71332005
 1.49810086 1.52887593 1.71040722 3.63493877 0.02058526 1.36241875
 0.88271936 5.76101541 2.41061757 0.99986778 2.49707328 0.86526317
 1.93941228 0.79733272 0.01541567 5.47665517 0.65111069 1.35735666
 3.09328707 5.47431487 1.07672807 6.05414381 1.65708411 4.25386458
 0.6417377  5.90457227 2.17025646 6.06305895]
 ||$hadfield_euc_shape3_paramseed-5_sp-0213_p-20.txt$optimal function value: 32.53962615999998
optimal value: [0. 1. 0. 0. 0. 0. 1. 0. 1. 0. 0. 0. 0. 0. 0. 1.]
status: SUCCESS
 ||[ 2.96485939e+00  4.66877833e+00  3.48065918e+00  5.90871306e+00
  2.27705101e+00  6.83096944e+00  6.63244103e-02  2.89848388e+00
  3.92705043e+00  4.08890370e+00  2.84936393e+00  9.55505998e-01
  1.41247689e+00  1.50763847e+00  2.02148845e+00  3.93555955e+00
  2.04468182e-03  1.31943037e+00  8.28644385e-01  5.72303661e+00
  2.37636196e+00  9.60298223e-01  2.46326332e+00  8.36433688e-01
  1.90546353e+00  7.55787928e-01 -2.70681251e-02  5.43755647e+00
  6.11682973e-01  1.31793835e+00  3.05207915e+00  5.44242226e+00
  8.65647277e-01  6.00852655e+00  1.66008110e+00  4.21799509e+00
  6.09137886e-01  5.87898121e+00  3.13895088e+00  6.06999327e+00]
 ||$hadfield_neuc_shape3_paramseed-6_sp-0213_p-20.txt$optimal function value: 44.55872038000001
optimal value: [0. 1. 0. 0. 1. 0. 0. 0. 0. 0. 1. 0. 0. 0. 0. 1.]
status: SUCCESS
 ||[ 3.49238397e+00  5.16273320e+00  1.52458672e+00  1.64544168e+00
 -4.33705964e-04  4.16375046e+00  1.47786526e+00  4.76759878e+00
  1.17045864e+00  4.84030992e+00  8.58805926e-01  5.04941176e+00
  3.29077433e+00  2.60963079e+00  1.68904616e+00  5.25722779e+00
  6.11746407e-01  3.47284432e+00  2.52254401e+00  1.65838515e+00
  2.52829373e+00  4.30775743e+00  2.65244641e+00  2.11424228e+00
  2.88234697e-01  5.02797419e+00  2.52891375e+00  2.90321132e+00
  2.13009390e-01  1.24021769e+00  1.99405707e+00  1.82875060e+00
  2.98887471e+00  3.69799782e+00  6.31118945e-01  4.11800256e+00
  1.13266482e+00  5.86043705e+00  2.85667038e+00  3.23374967e+00]
 ||$hadfield_euc_shape3_paramseed-6_sp-0213_p-20.txt$optimal function value: 32.53962615999998
optimal value: [0. 1. 0. 0. 0. 0. 1. 0. 1. 0. 0. 0. 0. 0. 0. 1.]
status: SUCCESS
 ||[3.49336799e+00 6.16488672e+00 1.52445855e+00 1.64424681e+00
 1.84828192e-03 5.16099062e+00 1.47948289e+00 4.77344144e+00
 1.17080878e+00 4.83881447e+00 1.85656887e+00 5.03874801e+00
 3.29319197e+00 2.60113268e+00 1.69134726e+00 4.28547576e+00
 6.06381689e-01 3.47853531e+00 2.52935738e+00 1.66804585e+00
 2.52391342e+00 4.31112608e+00 2.64975791e+00 2.10630983e+00
 2.91177593e-01 5.02759540e+00 2.52836389e+00 2.79798166e+00
 2.95853989e-01 1.23790396e+00 1.99483667e+00 1.82990119e+00
 2.98857220e+00 3.69786415e+00 6.31448210e-01 4.11850123e+00
 1.13192592e+00 5.86157073e+00 2.85686994e+00 3.23453717e+00]
 ||$hadfield_neuc_shape3_paramseed-7_sp-0213_p-20.txt$optimal function value: 44.55872038000001
optimal value: [0. 1. 0. 0. 0. 0. 1. 0. 1. 0. 0. 0. 0. 0. 0. 1.]
status: SUCCESS
 ||[ 1.21355333  1.069227    2.09475256  1.54692615  1.54204657  2.11693934
 -0.13212778  2.88784361 -0.07670642  2.45893712 -0.34522116  0.38519961
  1.0469156   5.04271215  0.14462672  1.27702394  2.82880252  6.05430893
  1.61226618  2.67319642  3.3648665   0.29086905  2.7976975   1.69324426
  0.53286447  0.70128062  1.18832184  5.32467642  0.63439773  3.8007813
  2.09192633  2.53265947  1.71735644  0.33311875  1.35629273  0.69630156
  1.46642615  2.34458026  0.66496292  3.75383327]
 ||$hadfield_euc_shape3_paramseed-7_sp-0213_p-20.txt$optimal function value: 32.53962615999998
optimal value: [0. 1. 0. 0. 0. 0. 1. 0. 1. 0. 0. 0. 0. 0. 0. 1.]
status: SUCCESS
 ||[ 2.01559445  1.94779634  3.04303069  1.44349101  1.68355793  2.30360003
  0.16790901  3.18754357 -0.38306137  2.72425301  0.21900934  1.56888717
  1.33513423  5.19666796  0.38942026  2.40332475  1.97015894  5.9532285
  2.8143935   2.4924999   3.06643704  0.29396482  2.6959022   1.82051883
  0.45349348  0.73877407  1.96914928  5.1293762   0.56744014  3.65251798
  2.00630465  2.34011988  1.7212854   0.393982    0.18642976  1.29547155
  2.13700348  2.68633144  0.98720728  3.67814849]
 ||$hadfield_neuc_shape3_paramseed-8_sp-0213_p-20.txt$optimal function value: 44.55872038000001
optimal value: [0. 1. 0. 0. 0. 0. 1. 0. 1. 0. 0. 0. 0. 0. 0. 1.]
status: SUCCESS
 ||[1.71253274 7.04706299 0.39701741 5.42755785 0.26725101 1.55483038
 3.13904051 1.31594536 2.01760655 2.88388556 1.42378939 3.10946027
 0.60478971 5.21781803 0.28226606 1.47243572 0.06251661 1.6752682
 1.27770235 5.6669277  1.19060499 0.71616523 1.81212806 6.23024161
 0.19794116 3.89678703 1.27299735 4.062001   1.06299211 4.34331329
 1.56335818 4.08231341 2.83200518 3.65364157 0.44673468 0.40199149
 2.97091825 3.07200325 0.61091273 5.94481362]
 ||$hadfield_euc_shape3_paramseed-8_sp-0213_p-20.txt$optimal function value: 32.53962615999998
optimal value: [0. 1. 0. 0. 0. 0. 1. 0. 1. 0. 0. 0. 0. 0. 0. 1.]
status: SUCCESS
 ||[1.71338438 6.04699203 1.39525205 4.44966986 0.2702081  1.55253117
 3.13740426 1.2568782  2.01810009 2.88608034 1.42400249 3.12965611
 0.60675442 5.2368924  0.26676475 1.47305374 0.06497978 1.67652843
 1.2827253  5.67014643 1.19353446 1.71643257 0.80911971 6.2289493
 0.19793627 4.89616188 1.18541649 4.15128792 1.06531202 4.34332942
 1.56311318 4.08283461 2.83216138 3.65415794 0.44618482 0.4044805
 2.97233962 3.07044745 0.60983578 5.9440937 ]
 ||$hadfield_neuc_shape3_paramseed-9_sp-0213_p-20.txt$optimal function value: 44.55872038000001
optimal value: [0. 1. 0. 0. 1. 0. 0. 0. 0. 0. 1. 0. 0. 0. 0. 1.]
status: SUCCESS
 ||[2.45459226 2.34653002 1.43502068 5.45003052 0.0223505  4.4085645
 2.82191836 0.50779351 1.74090519 3.87424859 1.12773105 2.37956088
 2.20889078 2.84036159 2.27951215 1.98795687 0.74822956 0.69635378
 1.58997722 5.80496491 1.85352174 4.8646384  2.20349285 4.68780145
 0.31829503 1.82950505 2.11856503 4.55977629 1.32524193 0.55147654
 0.83808065 1.31875671 0.88349799 5.08632289 0.62690132 5.56939391
 2.76257289 0.34394816 1.19032473 3.08944461]
 ||$hadfield_euc_shape3_paramseed-9_sp-0213_p-20.txt$optimal function value: 32.53962615999998
optimal value: [0. 1. 0. 0. 0. 0. 1. 0. 1. 0. 0. 0. 0. 0. 0. 1.]
status: SUCCESS
 ||[1.45411757 2.34585232 0.43520144 5.44426264 0.02001838 3.15871423
 2.82252952 0.50781005 1.74136997 3.92259244 0.01356464 2.38086483
 2.21118265 2.84048758 2.27865968 0.98796723 0.74749965 0.69700664
 1.59016014 5.80446771 1.85487548 4.86370594 1.20532681 4.68744705
 0.32049124 1.82948045 2.11788916 4.5605685  1.32404024 0.55106143
 0.83803579 1.31858047 0.8828698  5.0859492  0.62640582 5.56920944
 2.76236207 0.34383645 1.18995291 3.09092963]
 ||$hadfield_neuc_shape3_paramseed-10_sp-0213_p-20.txt$optimal function value: 44.55872038000001
optimal value: [0. 1. 0. 0. 1. 0. 0. 0. 0. 0. 1. 0. 0. 0. 0. 1.]
status: SUCCESS
 ||[1.79461943 3.69652322 1.81776422 2.29574841 2.55486614 5.17449549
 3.05280903 1.00721839 1.63510526 2.06016611 0.78699464 5.98522708
 3.13230168 1.27954245 2.70339777 3.79041039 1.26162488 1.67434885
 2.11862235 2.86659481 2.15429825 4.16024068 0.41767912 4.8230607
 3.08694405 6.09072666 1.92695771 0.27964083 0.0126023  0.84305385
 2.95675116 1.90319318 1.15041266 5.64430401 0.98797102 3.44909124
 1.36970475 0.40862601 1.83635002 5.30079175]
 ||$hadfield_euc_shape3_paramseed-10_sp-0213_p-20.txt$optimal function value: 32.53962615999998
optimal value: [0. 1. 0. 0. 0. 0. 1. 0. 1. 0. 0. 0. 0. 0. 0. 1.]
status: SUCCESS
 ||[ 1.77018655  2.68070868  2.82847669  1.27128901  2.53765992  5.14783117
  2.05032922  0.99869921  1.6298217   2.04074651  0.76578809  5.97576961
  3.09835622  0.24497232  3.71535706  3.74973363  1.16491671  1.75697981
  2.11134242  2.85611279  2.15474762  4.15024651  0.37150709  4.8209162
  3.06636095  7.09009811  1.89544344  0.22447723 -0.03811121  0.79210705
  2.9118012   1.86279668  1.1369337   5.61523191  0.96672232  3.40746131
  1.35067254  0.36703074  1.82343605  5.48273773]
 ||$hadfield_neuc_shape2_paramseed-11_sp-0213_p-20.txt$optimal function value: 65.76070403
optimal value: [0. 0. 1. 0. 0. 1. 0. 0. 1. 0. 0. 0. 0. 0. 0. 1.]
status: SUCCESS
 ||[2.4211233  3.51635102 2.91107234 2.96343514 1.59870339 3.69050332
 0.58485333 3.19202109 1.93629661 4.97973518 0.29377126 1.91268432
 1.28425618 5.08744763 2.17928754 0.26323074 3.08582591 6.06066816
 2.05626033 4.86899239 0.49505483 0.0940215  2.66010277 0.3738854
 0.59814601 1.52087067 0.09464609 2.91517555 1.38400958 5.29341398
 1.63133412 4.02264728 1.57036921 4.1632763  1.43790143 1.74806708
 3.13539336 6.25568838 2.6388123  4.44690297]
 ||$hadfield_neuc_shape3_paramseed-11_sp-0213_p-20.txt$optimal function value: 44.55872038000001
optimal value: [0. 1. 0. 0. 0. 0. 1. 0. 1. 0. 0. 0. 0. 0. 0. 1.]
status: SUCCESS
 ||[2.42112221 3.51520407 2.91241831 3.92357177 1.60342685 3.68687535
 0.58806459 3.21467181 1.98254577 4.97006455 0.18332246 1.90417939
 0.50466033 5.07375903 2.16852067 0.24614666 3.0736997  6.04492831
 2.04014988 3.85606066 0.4856807  1.07010902 1.67539913 0.38464731
 0.58850349 1.76014595 0.02909989 2.9126166  1.38068571 5.28999837
 1.62903278 4.01958661 1.56800795 4.16102177 1.43630282 1.74463486
 3.13372092 6.25144356 2.63629406 4.44600107]
 ||$hadfield_euc_shape1_paramseed-11_sp-0213_p-20.txt$optimal function value: 48.13067508999998
optimal value: [0. 0. 1. 0. 1. 0. 0. 0. 0. 1. 0. 0. 0. 0. 0. 1.]
status: SUCCESS
 ||[1.42299557 3.51771135 2.91551087 2.92206668 1.60061215 3.68589029
 0.60522517 3.20720002 1.97959892 5.02142096 0.16701964 1.93666893
 0.24915856 5.16355779 2.13316483 0.26133362 3.08484198 6.05627054
 2.05406766 3.86947267 0.49477581 0.09373208 1.65934407 0.37462684
 0.59798939 1.52008967 0.09453855 2.91564567 1.38467863 5.29331431
 1.63109291 4.02230166 1.57004135 4.16167599 1.4361579  1.74748591
 3.13388393 6.25603785 2.63979855 4.44711234]
 ||$hadfield_euc_shape2_paramseed-11_sp-0213_p-20.txt$optimal function value: 30.655645410000005
optimal value: [0. 0. 1. 0. 0. 1. 0. 0. 1. 0. 0. 0. 0. 0. 0. 1.]
status: SUCCESS
 ||[2.3952255  4.00657356 3.83388412 3.93117788 1.59179742 3.6807684
 1.58800019 3.20522524 1.97075518 4.97675492 0.29328791 1.90110733
 0.27198025 5.08336671 2.17302352 0.25196482 3.07513799 6.05932428
 2.02895174 3.85503451 0.49489428 0.07770898 1.62495717 0.37227611
 0.59300489 1.51368149 0.08522514 2.90409012 1.3762896  5.29087132
 1.62067382 4.01742962 1.56811949 4.15063096 1.4269413  1.73656557
 3.12181855 6.24278583 2.62190665 4.44427078]
 ||$hadfield_euc_shape3_paramseed-11_sp-0213_p-20.txt$optimal function value: 32.53962615999998
optimal value: [0. 1. 0. 0. 1. 0. 0. 0. 0. 0. 1. 0. 0. 0. 0. 1.]
status: SUCCESS
 ||[1.55685432 4.53147009 2.59489372 2.88261466 1.54349856 3.58656748
 0.49442494 4.17491676 1.86252299 4.94576758 0.27228694 1.82404279
 0.23883222 5.01359791 2.20598622 0.21512836 3.04723988 6.08464271
 2.03366659 3.87527453 0.53928803 0.04326775 1.65853252 1.15254131
 0.76673334 1.67705035 0.25092626 3.05449468 1.55570663 5.63477151
 1.88238729 4.27702006 1.8517741  4.36899344 1.67601119 3.09943129
 2.93743108 6.05397351 2.54407748 4.36618071]
 ||$hadfield_neuc_shape2_paramseed-12_sp-0213_p-20.txt$optimal function value: 65.76070403
optimal value: [0. 0. 1. 0. 0. 1. 0. 0. 1. 0. 0. 0. 0. 0. 0. 1.]
status: SUCCESS
 ||[1.49053257 4.13116968 2.09482768 0.84805159 0.03174343 2.3548309
 0.86113909 5.09022243 2.16829827 4.76975293 1.7917983  4.15503866
 1.45645629 2.76468769 0.5090044  5.79829897 0.11942893 5.14458931
 0.2333238  4.31586908 1.05851141 2.54224924 2.64715333 0.11550694
 0.19101771 5.74927974 1.59852353 0.57174581 3.10084582 5.94776958
 0.35331352 2.65924217 0.42462699 1.96284146 1.95287426 1.02765123
 2.18938979 0.32169614 0.53724194 5.12395641]
 ||