$hadfield_euc_shape1_paramseed-15_sp-0213_p-16.txt$optimal function value: 48.13067508999998
optimal value: [0. 0. 1. 0. 1. 0. 0. 0. 0. 1. 0. 0. 0. 0. 0. 1.]
status: SUCCESS
 ||[4.06503325 0.12845574 3.31462458 0.99448676 3.08478687 0.10518745
 2.80517249 5.26318288 2.6573687  7.18140912 0.80220966 2.65676019
 3.22182798 1.75613344 1.82111318 1.42944919 2.69105794 5.48406341
 2.46404854 1.35787033 2.87963353 3.16169349 0.71029365 2.87748364
 1.32938471 0.47214733 1.76108471 2.26808062 1.77056973 5.82302194
 2.01531197 2.54734766]
 ||$hadfield_euc_shape2_paramseed-15_sp-0213_p-16.txt$optimal function value: 30.655645410000005
optimal value: [0. 0. 1. 0. 0. 1. 0. 0. 1. 0. 0. 0. 0. 0. 0. 1.]
status: SUCCESS
 ||[3.00622809 0.08803212 2.29263765 0.99146263 3.081834   0.10498766
 2.78232077 4.26399529 2.70125178 6.25920432 0.75160542 2.10356259
 2.22615185 1.75522464 0.84495556 1.43983766 2.7161016  6.53866888
 2.46864657 1.35126083 2.88868735 3.32077928 0.93026151 2.86215347
 1.31248428 0.4981816  1.75366838 2.25704303 1.78614689 5.83737691
 2.01981336 2.54475449]
 ||$hadfield_euc_shape3_paramseed-15_sp-0213_p-16.txt$optimal function value: 32.53962615999998
optimal value: [0. 1. 0. 0. 0. 0. 1. 0. 1. 0. 0. 0. 0. 0. 0. 1.]
status: SUCCESS
 ||[3.90598473 1.08115451 2.37443565 1.03793769 3.26150131 0.1750368
 2.71659286 4.34835343 2.6942648  6.35425149 0.86181683 2.13726085
 2.30798577 1.82895832 1.88032435 1.35317312 2.69247876 5.58937293
 2.53758691 1.35724641 2.93535861 3.27353288 0.75118847 2.90966893
 1.36045483 0.53196753 1.71748614 2.29361833 1.73856069 5.82468482
 1.99811678 3.56269279]
 ||$hadfield_neuc_shape2_paramseed-16_sp-0213_p-16.txt$optimal function value: 65.76070403
optimal value: [0. 0. 1. 0. 0. 1. 0. 0. 1. 0. 0. 0. 0. 0. 0. 1.]
status: SUCCESS
 ||[1.13590777 4.01855856 1.31063918 2.80607287 1.28638206 4.13230727
 0.81296867 3.98958992 0.03288674 1.89639215 1.05305141 0.89160262
 2.33500286 1.94886595 2.47911826 6.00795428 0.7959962  5.61461076
 2.53740954 4.19318199 0.08580368 2.87044333 1.96890008 1.86107265
 0.70469543 1.94644097 0.81185306 4.94998929 1.0930908  3.6583376
 2.0203834  6.9594947 ]
 ||$hadfield_neuc_shape3_paramseed-16_sp-0213_p-16.txt$optimal function value: 44.55872038000001
optimal value: [0. 1. 0. 0. 1. 0. 0. 0. 0. 0. 1. 0. 0. 0. 0. 1.]
status: SUCCESS
 ||[ 2.06153829  3.40543172  1.20542905  3.0763376   1.1665883   5.28572291
  0.60997027  5.06202109 -0.00916946  1.58919087  2.06440903  1.95733786
  1.80071074  1.58634373  2.48083394  5.81599176  0.79599836  5.36783643
  2.04708428  3.90485937 -0.13392826  2.55895013  1.76190616  1.60618671
  0.37695951  1.77876718  0.72043315  4.80825747  0.78788228  2.48262736
  3.02934429  5.80849118]
 ||$hadfield_euc_shape1_paramseed-16_sp-0213_p-16.txt$optimal function value: 48.13067508999998
optimal value: [0. 0. 1. 0. 1. 0. 0. 0. 0. 1. 0. 0. 0. 0. 0. 1.]
status: SUCCESS
 ||[2.13482991 3.01867195 1.30980609 2.80694484 1.5187848  4.03886781
 1.81309935 3.98952294 0.24739917 1.7708743  2.05132891 0.89178914
 2.33545011 1.94849875 2.47991029 6.00441279 0.79631909 5.61425537
 2.53717355 4.19348781 0.08601339 2.87012951 1.96895649 2.86128232
 0.70463875 1.94642184 0.81110017 4.94983532 1.09263166 2.65851304
 2.0201731  5.95877635]
 ||$hadfield_euc_shape2_paramseed-16_sp-0213_p-16.txt$optimal function value: 30.655645410000005
optimal value: [0. 0. 1. 0. 0. 1. 0. 0. 1. 0. 0. 0. 0. 0. 0. 1.]
status: SUCCESS
 ||[2.13557633 3.01799857 1.31029321 2.80680611 2.28583582 4.1314151
 1.83836378 4.00502411 0.03251894 2.89785011 1.05231823 0.89213816
 2.35845082 1.9274884  2.47964916 6.00758573 0.79675378 5.6140643
 2.53688911 4.19380816 0.08618057 2.86956705 1.96832777 1.86048284
 0.70328661 1.94607719 0.80966501 5.94966598 1.09296234 2.65804642
 2.02007819 5.95879782]
 ||$hadfield_euc_shape3_paramseed-16_sp-0213_p-16.txt$optimal function value: 32.53962615999998
optimal value: [0. 1. 0. 0. 0. 0. 1. 0. 1. 0. 0. 0. 0. 0. 0. 1.]
status: SUCCESS
 ||[ 2.13593177  3.01901988  1.30820635  2.85824495  2.29308965  4.13346611
  0.78254056  4.09835571 -0.02164199  1.89567082  1.05231038  0.88958013
  2.33367131  1.97015181  2.50188704  6.01352063  0.79549127  5.61456827
  2.53908872  4.19332464  0.08760219  2.87001499  1.97045585  1.86048617
  0.70556879  1.94651312  0.81234495  4.94926779  1.09273225  2.65910225
  2.02109835  5.95995734]
 ||$hadfield_neuc_shape3_paramseed-17_sp-0213_p-16.txt$optimal function value: 44.55872038000001
optimal value: [0. 1. 0. 0. 0. 0. 1. 0. 1. 0. 0. 0. 0. 0. 0. 1.]
status: SUCCESS
 ||[1.63878331 5.06861517 4.01671094 2.82947445 2.42122295 4.39264783
 2.04684452 0.69279075 0.08893226 2.43047813 2.38457991 1.58487466
 1.57626696 2.00670272 2.63724537 5.94091311 1.26052538 6.27308666
 0.1950888  5.10594278 2.75008008 0.94883077 2.21933677 3.51279762
 3.00077151 1.32082246 1.69621987 5.54441775 2.006005   1.94160186
 0.25647466 6.90574559]
 ||$hadfield_euc_shape1_paramseed-17_sp-0213_p-16.txt$optimal function value: 48.13067508999998
optimal value: [1. 0. 0. 0. 0. 0. 1. 0. 0. 1. 0. 0. 0. 0. 0. 1.]
status: SUCCESS
 ||[2.63735334 5.06758734 3.05538445 1.8087018  2.40782076 4.43610256
 2.06446244 0.73061505 0.07153155 2.39891109 2.33053949 2.56944713
 1.59584568 1.95543028 3.64773663 5.9319273  1.26526947 6.27110368
 0.19520006 5.10570252 2.75150489 0.94769266 2.21728506 3.51232068
 3.00002185 1.31961289 1.69610885 5.54279161 2.00662376 1.94126324
 0.26030381 6.90399994]
 ||$hadfield_euc_shape2_paramseed-17_sp-0213_p-16.txt$optimal function value: 30.655645410000005
optimal value: [0. 0. 1. 0. 0. 1. 0. 0. 1. 0. 0. 0. 0. 0. 0. 1.]
status: SUCCESS
 ||[2.63547147 6.06964071 3.01845988 1.82107909 2.40691576 4.42425961
 2.07804542 0.68709225 0.0780481  2.41599039 3.33491972 1.55704456
 1.57883045 2.00269479 2.66509087 6.92357246 1.23178348 6.27318025
 0.19715191 5.10461731 2.74953573 0.94684191 2.21448724 3.5113236
 3.00106642 1.31933695 1.69419551 5.54566916 2.00472391 1.94343259
 0.25754396 5.90479174]
 ||$hadfield_euc_shape3_paramseed-17_sp-0213_p-16.txt$optimal function value: 32.53962615999998
optimal value: [0. 1. 0. 0. 0. 0. 1. 0. 1. 0. 0. 0. 0. 0. 0. 1.]
status: SUCCESS
 ||[1.63981134 5.06099932 3.02339098 1.819314   2.55792998 4.21218548
 2.07760134 0.69145651 0.08980127 2.42035833 2.3467566  1.58830504
 1.57667702 1.9928374  2.65662942 6.937633   1.26124334 7.27266649
 0.19581744 5.10565574 2.75070688 0.94883971 2.21712966 3.51173968
 3.00153544 1.32024209 1.69817161 5.54445021 2.00695117 1.93124015
 0.25826848 5.904704  ]
 ||$hadfield_neuc_shape2_paramseed-18_sp-0213_p-16.txt$optimal function value: 65.76070403
optimal value: [0. 0. 1. 0. 0. 1. 0. 0. 1. 0. 0. 0. 0. 0. 0. 1.]
status: SUCCESS
 ||[1.56941354 5.04552306 2.00939793 1.23112808 1.53209747 3.09773793
 1.49679929 3.87959253 0.83205319 1.59557744 2.17637043 2.03894587
 2.12891525 4.93744334 2.72858821 5.92343264 0.74865799 2.49913531
 3.31458653 3.62638507 0.64486148 4.25899865 2.9299377  5.0682008
 0.67540594 1.87486869 0.01747743 6.12646923 0.68910461 5.56513769
 1.68819083 3.72855951]
 ||$hadfield_neuc_shape3_paramseed-18_sp-0213_p-16.txt$optimal function value: 44.55872038000001
optimal value: [0. 1. 0. 0. 0. 0. 1. 0. 1. 0. 0. 0. 0. 0. 0. 1.]
status: SUCCESS
 ||[0.56937985 5.15579296 1.05092311 1.24368365 1.53781135 3.10451159
 1.50687528 2.87965051 0.83184664 1.59471199 2.17355059 2.03850754
 2.12000955 5.94602712 2.72042223 5.93149971 0.73686495 1.49163309
 2.30853912 3.61628566 0.63445468 4.25714706 2.74339069 6.25144716
 0.67899542 2.8783375  0.02095345 6.13026984 0.69259189 4.5684937
 1.68982418 4.728937  ]
 ||$hadfield_euc_shape1_paramseed-18_sp-0213_p-16.txt$optimal function value: 48.13067508999998
optimal value: [0. 0. 1. 0. 1. 0. 0. 0. 0. 1. 0. 0. 0. 0. 0. 1.]
status: SUCCESS
 ||[0.56928771 4.15867945 1.059932   2.24116523 1.53886415 3.10428598
 1.50712742 3.87910771 0.83224867 1.59484676 2.17385878 2.03761434
 2.12022094 4.94651373 2.72098686 5.9311815  0.73810095 1.4923455
 2.30835701 3.61724691 0.63460101 4.25682703 2.74201764 5.25277239
 0.6798843  1.87776356 1.0214517  6.13021307 1.6916701  4.56816546
 2.69082371 3.60421992]
 ||$hadfield_euc_shape2_paramseed-18_sp-0213_p-16.txt$optimal function value: 30.655645410000005
optimal value: [0. 0. 1. 0. 0. 1. 0. 0. 1. 0. 0. 0. 0. 0. 0. 1.]
status: SUCCESS
 ||[1.56849476 5.15326914 1.05085069 1.24428969 2.53772828 3.10444046
 1.5084935  2.87932766 0.83087657 1.59473149 2.17283201 2.03836946
 2.12431375 4.94061681 2.71974704 6.93208393 0.73707022 1.49141035
 2.30861919 3.616738   0.63393548 5.25869067 2.74086385 6.25029747
 0.68259053 1.87610251 0.0193442  6.12675289 0.69213981 4.66709025
 1.61400185 3.72817306]
 ||$hadfield_euc_shape3_paramseed-18_sp-0213_p-16.txt$optimal function value: 32.53962615999998
optimal value: [0. 1. 0. 0. 0. 0. 1. 0. 1. 0. 0. 0. 0. 0. 0. 1.]
status: SUCCESS
 ||[2.0426069  4.28615793 1.04893074 1.22986446 1.56542854 3.12912799
 1.5346696  2.90657259 0.85746962 1.62302143 2.19732537 2.06342076
 2.14226339 4.96715558 2.74472649 5.95845328 0.58884035 2.69942613
 3.30873135 3.61493477 0.6293708  4.25007935 2.73742634 5.24276003
 0.67211998 1.87294758 0.01297323 6.12435356 0.68114948 4.56748071
 1.68669806 3.72529322]
 ||$hadfield_neuc_shape2_paramseed-19_sp-0213_p-16.txt$optimal function value: 65.76070403
optimal value: [0. 0. 1. 0. 0. 1. 0. 0. 1. 0. 0. 0. 0. 0. 0. 1.]
status: SUCCESS
 ||[2.10800449 4.95357851 1.63416482 3.19992284 1.20977262 6.22594914
 0.90567919 1.29695941 0.78650687 1.6472076  1.06292831 1.69875336
 0.2195746  2.04282781 0.88847084 3.5808591  0.6369301  0.46342411
 0.63956165 3.40391127 1.18337463 4.59614589 2.49425817 2.66053947
 0.33226896 4.55609573 2.38719878 2.73168788 1.80127477 1.82206736
 2.89109715 6.30485431]
 ||$hadfield_neuc_shape3_paramseed-19_sp-0213_p-16.txt$optimal function value: 44.55872038000001
optimal value: [0. 1. 0. 0. 0. 0. 1. 0. 1. 0. 0. 0. 0. 0. 0. 1.]
status: SUCCESS
 ||[2.12746708 5.93405548 1.63534334 3.21432727 1.24013038 6.2641967
 1.89627223 0.93305544 0.81957713 1.63399624 1.04092828 1.68525486
 0.34107207 2.03851257 1.97417127 3.57960012 0.63403379 0.44346985
 0.63470627 3.40766264 1.21600216 4.60765067 2.52269652 2.60843759
 0.31123434 4.5725708  2.3724002  2.48778454 3.06741112 1.87868667
 2.87211283 5.24144292]
 ||$hadfield_euc_shape1_paramseed-19_sp-0213_p-16.txt$optimal function value: 48.13067508999998
optimal value: [1. 0. 0. 0. 0. 0. 1. 0. 0. 1. 0. 0. 0. 0. 0. 1.]
status: SUCCESS
 ||[3.12627503 5.94203419 1.63176556 3.21053403 1.23927706 6.26231016
 0.90751384 0.93298772 0.81861114 1.63288184 1.02734787 1.68657723
 0.33553306 2.04378266 0.98426346 3.57522083 0.63652183 1.44620159
 0.63313879 3.40847871 1.21922052 4.61331874 2.62279525 2.80408284
 0.27167977 4.53634558 2.33241421 2.45120929 2.02861391 1.83953064
 2.83557823 6.19954562]
 ||$hadfield_euc_shape2_paramseed-19_sp-0213_p-16.txt$optimal function value: 30.655645410000005
optimal value: [0. 0. 1. 0. 0. 1. 0. 0. 1. 0. 0. 0. 0. 0. 0. 1.]
status: SUCCESS
 ||[2.1238868  5.93183777 1.63615139 3.21191354 2.23674087 6.26502266
 0.91080848 0.93201722 0.82130271 1.64139021 1.02436868 2.65085475
 0.33399473 2.03172122 0.97785196 3.57761196 0.63334113 0.44480661
 0.63635407 3.40851544 1.22140197 4.60896127 2.52366681 2.604231
 0.3123445  4.57518208 2.37497209 2.49015022 2.0679167  1.87882065
 2.87423015 5.23939062]
 ||$hadfield_euc_shape3_paramseed-19_sp-0213_p-16.txt$optimal function value: 32.53962615999998
optimal value: [0. 1. 0. 0. 0. 0. 1. 0. 1. 0. 0. 0. 0. 0. 0. 1.]
status: SUCCESS
 ||[3.12159151 4.93395466 2.63069171 3.20636362 1.24338007 6.26477377
 0.90409052 0.93562429 0.82228781 1.63566615 1.26267483 1.68791696
 0.24537656 2.03840539 0.97200304 3.60787603 0.63457933 1.44203571
 0.66476402 3.40975307 1.22004947 4.60687332 2.52532319 2.60473615
 0.30839513 4.56905436 2.37469167 2.48994374 2.06811742 1.87918258
 2.87509508 5.23732716]
 ||$hadfield_neuc_shape2_paramseed-20_sp-0213_p-16.txt$optimal function value: 65.76070403
optimal value: [0. 0. 1. 0. 0. 1. 0. 0. 1. 0. 0. 0. 0. 0. 0. 1.]
status: SUCCESS
 ||[2.85060056 5.3077786  2.4078639  5.66910532 0.81301184 3.99351557
 4.07955319 6.47605484 1.79313078 1.06930555 2.29286426 6.24331696
 0.32367019 2.0105083  2.98500776 2.82184511 0.65544421 1.99123164
 2.8552494  2.10853848 1.34310711 3.94382537 2.53071715 3.09247352
 0.25618945 3.60231997 0.11035382 0.59283317 0.59945459 4.35685958
 0.89049548 4.46009427]
 ||$hadfield_neuc_shape3_paramseed-20_sp-0213_p-16.txt$optimal function value: 44.55872038000001
optimal value: [0. 1. 0. 0. 0. 0. 1. 0. 1. 0. 0. 0. 0. 0. 0. 1.]
status: SUCCESS
 ||[3.84616961 4.31136404 2.40459209 5.68538432 0.81591197 3.99248929
 2.84191896 5.48045519 1.80058809 2.06344915 1.29180811 6.24432875
 0.32345835 2.00410763 2.98147141 2.82299468 0.65537714 1.98777269
 2.85405896 2.10924323 1.33927405 3.94437747 2.52777444 3.09267867
 0.2558446  3.60229332 0.1110136  0.59428226 0.59703072 4.37924516
 0.76765479 4.33572344]
 ||$hadfield_euc_shape1_paramseed-20_sp-0213_p-16.txt$optimal function value: 48.13067508999998
optimal value: [0. 0. 1. 0. 1. 0. 0. 0. 0. 1. 0. 0. 0. 0. 0. 1.]
status: SUCCESS
 ||[2.84397551 5.31258578 2.40898339 5.68375113 0.82102561 3.9910602
 2.84135016 5.47495121 1.80017147 1.0641739  1.29128326 6.24923416
 0.33024052 2.00408699 2.98698341 2.82277833 0.65427822 1.98879267
 2.85200729 2.10842651 1.34121729 3.94306188 2.53135021 3.09059327
 0.25607063 4.60145378 0.11185347 1.5946816  0.59528424 4.35941078
 0.8906777  5.33695578]
 ||$hadfield_euc_shape2_paramseed-20_sp-0213_p-16.txt$optimal function value: 30.655645410000005
optimal value: [0. 0. 1. 0. 0. 1. 0. 0. 1. 0. 0. 0. 0. 0. 0. 1.]
status: SUCCESS
 ||[3.96118674 4.30780813 2.24306196 5.26310101 0.52675197 3.84319035
 2.6646152  5.43505959 1.50026969 0.87214436 1.1254671  5.9375127
 0.18011666 1.86365149 2.83345543 2.80842272 0.65426457 1.73232842
 2.81428189 1.9336295  1.16960978 3.70946907 2.36008011 2.94125806
 0.07198885 3.42931703 0.01343965 0.5499512  0.47810492 4.32019516
 1.92336892 4.33054237]
 ||$hadfield_euc_shape3_paramseed-20_sp-0213_p-16.txt$optimal function value: 32.53962615999998
optimal value: [0. 1. 0. 0. 1. 0. 0. 0. 0. 0. 1. 0. 0. 0. 0. 1.]
status: SUCCESS
 ||[2.84499689 5.31018455 2.40840366 5.68570956 1.81502218 3.9954661
 2.84370614 5.48074665 1.79829037 1.06512286 1.29296822 6.24365519
 0.32120317 2.00681723 2.98436018 2.82358793 0.65610037 1.99278054
 2.85393669 2.10548185 2.34221703 3.94649635 2.53014096 3.09137504
 0.25565596 4.6006565  0.10923383 0.59294875 0.59888104 4.35950495
 1.89128701 4.33692059]
 ||$hadfield_neuc_shape3_paramseed-1_sp-0213_p-17.txt$optimal function value: 44.55872038000001
optimal value: [0. 1. 0. 0. 0. 0. 1. 0. 1. 0. 0. 0. 0. 0. 0. 1.]
status: SUCCESS
 ||[0.42262574 6.32448698 2.39969463 1.60282837 2.55700565 2.82393188
 2.04672116 4.95606388 0.29433283 0.17817369 2.6253616  2.71905962
 2.39476344 0.01184218 1.39932037 4.53387808 0.71948191 5.93920133
 2.92608745 0.10946015 0.08005612 3.40125984 2.94935311 2.39463646
 0.6804786  2.65304023 0.09114892 1.39344132 1.37536833 3.11620655
 0.73259422 1.44966189 0.68808246 2.88756356]
 ||$hadfield_euc_shape3_paramseed-1_sp-0213_p-17.txt$optimal function value: 32.53962615999998
optimal value: [0. 1. 0. 0. 0. 0. 1. 0. 1. 0. 0. 0. 0. 0. 0. 1.]
status: SUCCESS
 ||[ 1.23429158  5.15800306  2.40261768  2.60259761  2.55408029  2.82242968
  2.04716322  4.95707135  0.29451021  0.17674202  2.62593417  2.73228722
  2.37912657 -0.00881675  1.40894213  4.57355886  0.65171912  5.93183769
  3.83188295  0.19228836  0.0797015   3.40159638  2.95177764  2.39568263
  0.67889758  2.65227713  0.09272665  1.39286702  1.37440361  3.11606007
  0.7326249   1.44859351  0.68574417  2.88962564]
 ||$hadfield_neuc_shape3_paramseed-2_sp-0213_p-17.txt$optimal function value: 44.55872038000001
optimal value: [0. 1. 0. 0. 0. 0. 1. 0. 1. 0. 0. 0. 0. 0. 0. 1.]
status: SUCCESS
 ||[3.98510041 5.91583224 0.13605591 1.9010223  2.61932229 5.94855543
 2.08959387 1.97167262 1.90951489 3.85015882 1.85063042 1.01432003
 1.34415568 2.4967463  2.28371089 6.26525016 2.98915685 3.4423333
 1.40752481 1.69437039 0.13836862 0.17802969 1.47806862 2.01102624
 1.20522005 5.61425515 1.67116449 3.54889291 0.74805179 0.17085489
 2.03862706 0.84414958 1.56088948 6.27131921]
 ||$hadfield_euc_shape3_paramseed-2_sp-0213_p-17.txt$optimal function value: 32.53962615999998
optimal value: [0. 1. 0. 0. 0. 0. 1. 0. 1. 0. 0. 0. 0. 0. 0. 1.]
status: SUCCESS
 ||[3.99794854 5.95195508 0.17879236 0.5322325  2.62788898 4.62217582
 2.10301275 1.93459969 2.90426066 3.81899384 1.79906276 0.99959332
 2.35627491 2.4322251  2.32095342 6.24400558 2.99668761 3.41986806
 1.39860468 1.6834482  0.11247128 0.17224379 2.46280542 1.99875507
 1.19430191 5.6038584  1.64980787 3.51894371 0.74359979 0.14776549
 1.02478317 0.8577124  1.60123838 6.14615391]
 ||$hadfield_euc_shape3_paramseed-3_sp-0213_p-17.txt$optimal function value: 32.53962615999998
optimal value: [0. 1. 0. 0. 0. 0. 1. 0. 1. 0. 0. 0. 0. 0. 0. 1.]
status: SUCCESS
 ||[1.74374574 4.4208252  1.1577825  3.79526538 1.96808083 0.4125626
 0.03968332 5.26243915 0.81496492 1.47420625 3.12674921 2.94858633
 2.62928331 2.9902245  3.00355975 1.94783705 1.99151077 5.45413087
 2.65198341 4.66168006 3.11584522 0.40898887 2.38233708 3.71376141
 0.95423054 0.18765298 2.71730981 3.96885698 2.25858534 5.52050768
 2.24319394 5.78637706 1.24164997 5.03266799]
 ||$hadfield_neuc_shape3_paramseed-4_sp-0213_p-17.txt$optimal function value: 44.55872038000001
optimal value: [0. 1. 0. 0. 0. 0. 1. 0. 1. 0. 0. 0. 0. 0. 0. 1.]
status: SUCCESS
 ||[1.74307249 1.64822037 1.27123017 0.97470005 0.20912549 2.5227508
 2.87742794 4.96995997 3.39592121 2.36935737 1.68538767 1.73755573
 0.54083334 0.66615486 0.67061987 5.8279716  2.60336882 5.06605235
 2.51348862 1.21372789 0.97280824 3.93797823 2.298544   5.36799644
 2.76303072 0.54338618 1.90199573 4.21881407 1.58853204 1.11572887
 2.48652845 0.56114234 2.93577724 5.4373003 ]
 ||$hadfield_euc_shape3_paramseed-4_sp-0213_p-17.txt$optimal function value: 32.53962615999998
optimal value: [0. 1. 0. 0. 0. 0. 1. 0. 1. 0. 0. 0. 0. 0. 0. 1.]
status: SUCCESS
 ||[1.7380554  1.76519959 2.26930598 1.94807154 0.22325971 2.52759517
 2.88149088 5.06126195 2.41037817 1.78181099 1.38218534 1.73286159
 0.53894835 0.67117483 0.66521074 5.82007764 3.60191249 5.06796934
 2.51299555 1.21352613 0.96902944 3.93631998 2.29452475 5.36570422
 2.76253461 0.54181455 1.89789954 4.21566675 1.58560955 1.11357803
 1.4822848  0.5595518  2.93275116 5.4351377 ]
 ||$hadfield_neuc_shape3_paramseed-5_sp-0213_p-17.txt$optimal function value: 44.55872038000001
optimal value: [0. 1. 0. 0. 0. 0. 1. 0. 1. 0. 0. 0. 0. 0. 0. 1.]
status: SUCCESS
 ||[ 3.00910756  5.80279307  2.42273543  5.62803359  2.00123601  5.5293839
 -0.07285561  2.67316335  2.73822834  3.8799402   2.65755043  0.60597373
  1.31159903  1.30059422  1.64599601  3.68919307 -0.13569741  1.36258612
  0.83085228  5.57222395  2.12631209  0.82606106  2.44116703  0.72408819
  1.84273524  0.55606888 -0.15213593  5.3796052   0.39722943  1.26292402
  3.00246011  5.22431864  0.89141965  6.03726219]
 ||$hadfield_euc_shape3_paramseed-5_sp-0213_p-17.txt$optimal function value: 32.53962615999998
optimal value: [0. 1. 0. 0. 0. 0. 1. 0. 1. 0. 0. 0. 0. 0. 0. 1.]
status: SUCCESS
 ||[2.88802465e+00 4.55668424e+00 2.50643962e+00 5.94282498e+00
 2.32596158e+00 5.79708061e+00 9.21148419e-02 2.91373847e+00
 2.94646716e+00 4.07754030e+00 2.82998645e+00 7.09323751e-01
 1.47249729e+00 1.54921385e+00 1.70854589e+00 3.60640532e+00
 4.45436042e-02 1.36174038e+00 8.78466395e-01 5.75797911e+00
 2.40612692e+00 1.00299182e+00 2.50474162e+00 8.73289076e-01
 1.93888101e+00 7.97050121e-01 5.07755070e-03 5.47532683e+00
 6.58368705e-01 1.35402760e+00 3.08656290e+00 5.48158700e+00
 9.09106305e-01 6.04124981e+00]
 ||$hadfield_neuc_shape3_paramseed-6_sp-0213_p-17.txt$optimal function value: 44.55872038000001
optimal value: [0. 1. 0. 0. 0. 0. 1. 0. 1. 0. 0. 0. 0. 0. 0. 1.]
status: SUCCESS
 ||[3.41488591e+00 4.92654197e+00 1.52124624e+00 1.64666440e+00
 1.82571521e-03 4.14146936e+00 1.49609302e+00 4.77828149e+00
 1.16260323e+00 5.83950606e+00 8.62809839e-01 5.03935051e+00
 2.29318828e+00 2.60019625e+00 1.69098027e+00 4.28526908e+00
 6.07862345e-01 3.47623179e+00 2.53306367e+00 1.66563880e+00
 2.52617990e+00 4.30811056e+00 2.65193018e+00 2.10736506e+00
 2.92335682e-01 5.02844555e+00 2.52951536e+00 2.79907958e+00
 2.95074980e-01 1.24161427e+00 1.99337373e+00 1.82994988e+00
 2.98964463e+00 3.69757881e+00]
 ||$hadfield_euc_shape3_paramseed-6_sp-0213_p-17.txt$optimal function value: 32.53962615999998
optimal value: [0. 1. 0. 0. 0. 0. 1. 0. 1. 0. 0. 0. 0. 0. 0. 1.]
status: SUCCESS
 ||[3.48037053 5.17070951 1.5159413  1.63582477 0.00933284 4.15375364
 1.49196049 4.74620061 1.1790091  4.83575483 1.85654306 5.03789307
 2.29316721 2.60124996 1.694929   4.28381684 1.61219923 3.47662398
 2.52680511 1.67068173 2.52228962 4.30780767 2.6522174  2.11028572
 0.29202653 5.02659827 2.52613085 2.79846734 0.29013247 1.23700528
 1.99466854 1.82785887 3.9886862  4.69831522]
 ||$hadfield_neuc_shape3_paramseed-7_sp-0213_p-17.txt$optimal function value: 44.55872038000001
optimal value: [0. 1. 0. 0. 1. 0. 0. 0. 0. 0. 1. 0. 0. 0. 0. 1.]
status: SUCCESS
 ||[1.0229589  0.94650381 2.0405646  0.40609187 1.67668291 2.3471861
 0.17793005 3.18695908 0.12495926 2.71520432 0.22132493 0.56456134
 1.3339104  5.18829923 0.38698181 1.40746744 1.97308924 5.95189934
 1.81332516 2.48898556 3.07715954 0.30034543 2.70257178 1.82257777
 0.45806454 0.74572386 0.98072283 6.12846513 0.56192459 3.66348085
 2.0072721  2.34192249 1.72750409 0.38770945]
 ||$hadfield_euc_shape3_paramseed-7_sp-0213_p-17.txt$optimal function value: 32.53962615999998
optimal value: [0. 1. 0. 0. 0. 0. 1. 0. 1. 0. 0. 0. 0. 0. 0. 1.]
status: SUCCESS
 ||[2.01865293 0.94656433 2.03974612 0.45992392 1.68529419 2.29606386
 0.18733796 3.1863549  1.24397002 2.80187836 0.08300315 0.62093354
 1.36877997 5.2913578  0.31179582 1.39983465 1.97626801 5.93896757
 1.80970019 2.49277343 3.06573812 0.29479801 2.69617384 1.82210414
 0.45221569 0.73879004 0.96867702 5.13045319 0.56558946 3.65633767
 2.0056893  2.34262474 1.71639427 0.39762423]
 ||$hadfield_neuc_shape3_paramseed-8_sp-0213_p-17.txt$optimal function value: 44.55872038000001
optimal value: [0. 1. 0. 0. 1. 0. 0. 0. 0. 0. 1. 0. 0. 0. 0. 1.]
status: SUCCESS
 ||[0.70900827 6.04846199 0.39871987 4.4265048  0.2677429  2.55514059
 3.13882504 1.31565475 2.01647887 2.88478454 1.42319916 3.10973151
 0.60100035 5.2192488  0.28286057 2.46927004 0.06279582 1.67614939
 1.28076751 5.66785073 1.19086996 0.71466968 0.81148102 6.23029346
 0.1981696  3.89666058 1.18536926 4.15253433 1.06299263 4.34345857
 1.56320774 4.08238574 2.83197742 3.65300155]
 ||$hadfield_euc_shape3_paramseed-8_sp-0213_p-17.txt$optimal function value: 32.53962615999998
optimal value: [0. 1. 0. 0. 0. 0. 1. 0. 1. 0. 0. 0. 0. 0. 0. 1.]
status: SUCCESS
 ||[1.71226975 6.04626373 0.39687217 4.42847409 0.26760975 1.55471959
 3.13881067 2.31570907 2.01648988 2.88481737 1.42359216 3.11013513
 0.6038894  5.21828486 0.28142705 1.47141708 0.062762   1.67606581
 2.28067863 5.66778225 2.1908411  0.71469925 0.81174705 6.23042284
 0.19823735 3.89665188 1.18503884 4.15225837 1.06324009 4.3435765
 1.56311002 4.08227976 3.83186411 3.65389816]
 ||$hadfield_neuc_shape3_paramseed-9_sp-0213_p-17.txt$optimal function value: 44.55872038000001
optimal value: [0. 1. 0. 0. 0. 0. 1. 0. 1. 0. 0. 0. 0. 0. 0. 1.]
status: SUCCESS
 ||[ 1.38520611  3.29225805  0.31641359  5.39604849 -0.00873585  3.09568826
  2.82192094  0.54455769  1.67310958  3.83878704  0.0824746   2.83802374
  2.11368453  3.06716787  2.50436203  0.77251449  0.70661857  0.4857108
  2.38019197  5.7880962   1.84893913  4.83426299  1.18096062  4.63975452
  0.31022777  1.79418737  2.1122769   4.54525766  1.31922113  0.52562599
  0.83211778  1.30536428  0.8483728   5.081558  ]
 ||$hadfield_euc_shape3_paramseed-9_sp-0213_p-17.txt$optimal function value: 32.53962615999998
optimal value: [0. 1. 0. 0. 1. 0. 0. 0. 0. 0. 1. 0. 0. 0. 0. 1.]
status: SUCCESS
 ||[2.45930955 2.3427506  0.43665903 6.38842915 0.02223502 4.14682241
 2.8229092  0.51726978 1.73852075 3.8534739  0.14329743 2.37585914
 2.20789175 2.8403643  2.27946357 0.98158001 0.74743572 0.69856449
 1.59020492 5.79986161 1.85681837 4.86621548 1.20764402 5.68948823
 0.31990634 1.83330142 2.11609731 4.5585204  1.32041838 0.55556839
 0.84458064 1.31882049 0.8762666  6.08766114]
 ||$hadfield_neuc_shape3_paramseed-10_sp-0213_p-17.txt$optimal function value: 44.55872038000001
optimal value: [0. 1. 0. 0. 0. 0. 1. 0. 1. 0. 0. 0. 0. 0. 0. 1.]
status: SUCCESS
 ||[2.38090327 2.98947076 1.81900803 1.27886464 3.54496757 5.1402376
 2.21655025 0.99585736 1.63991104 2.05936909 0.76888036 5.99820581
 2.93110178 1.28385996 2.69478073 3.78857696 1.18886334 1.78182918
 2.1097316  2.8180081  2.14375666 4.51188555 0.41499968 4.83265064
 3.41430569 6.08791647 1.91837386 0.26905569 0.01111227 0.83072131
 2.94200761 1.89651044 1.13424696 5.6513683 ]
 ||$hadfield_euc_shape3_paramseed-10_sp-0213_p-17.txt$optimal function value: 32.53962615999998
optimal value: [0. 1. 0. 0. 1. 0. 0. 0. 0. 0. 1. 0. 0. 0. 0. 1.]
status: SUCCESS
 ||[2.79143973 2.69711222 1.81238421 2.32893159 2.58065575 5.19944917
 2.02128806 1.00379935 1.63808702 3.05996648 0.78743382 5.97982026
 3.13824106 0.27092159 2.76301777 3.68095064 1.1948957  1.78438579
 2.10210047 2.86264637 2.14133014 4.16137814 0.59619522 4.99681834
 3.08818238 6.07188184 1.92728899 0.27351015 0.02606114 0.82756199
 2.97213298 1.90018693 1.14917836 5.64149918]
 ||$hadfield_neuc_shape3_paramseed-11_sp-0213_p-17.txt$optimal function value: 44.55872038000001
optimal value: [0. 1. 0. 0. 0. 0. 1. 0. 1. 0. 0. 0. 0. 0. 0. 1.]
status: SUCCESS
 ||[1.42116237 4.52058986 3.90365341 2.92782865 1.59529025 3.69042811
 1.57444526 4.21592882 1.98081411 5.98235027 0.29585886 1.89695453
 0.2937686  5.09346746 3.17923834 1.26230052 3.0853513  6.06212853
 2.05389601 3.86681281 0.49530222 0.09456477 1.65982121 0.37428482
 0.59703463 1.51943273 0.09466743 2.91494861 1.38436639 5.29283579
 1.63172486 4.02401488 2.56943752 5.16220331]
 ||$hadfield_euc_shape1_paramseed-11_sp-0213_p-17.txt$optimal function value: 48.13067508999998
optimal value: [0. 0. 1. 0. 1. 0. 0. 0. 0. 1. 0. 0. 0. 0. 0. 1.]
status: SUCCESS
 ||[1.41834558 3.49316914 2.90907169 3.90572414 1.56132914 3.64669086
 0.61225762 3.28107649 1.94305336 5.01669587 1.35240775 1.96948857
 0.28463491 5.09599527 2.18129699 0.27079017 3.08728468 6.05881059
 2.06011705 3.87336586 0.49301177 0.09003353 1.66624717 0.38531996
 0.59581862 1.52240047 0.09280517 2.9108148  1.38242031 5.30118107
 1.62563551 4.02524727 1.56813173 5.16449931]
 ||$hadfield_euc_shape2_paramseed-11_sp-0213_p-17.txt$optimal function value: 30.655645410000005
optimal value: [0. 0. 1. 0. 0. 1. 0. 0. 1. 0. 0. 0. 0. 0. 0. 1.]
status: SUCCESS
 ||[2.42094859 4.51684465 2.90318266 3.03192867 1.36946522 4.6908354
 0.58019407 3.21639755 1.97898381 4.97582753 0.29603071 1.9062446
 0.31260698 5.08951419 2.16958356 0.25485607 3.0854451  6.06150794
 2.05422261 3.86758265 0.49468861 0.09412679 1.65991765 0.37395817
 0.59750661 1.52012458 0.09445266 2.91479604 1.38414792 5.29304524
 1.63071723 4.02280613 1.56991634 4.16223403]
 ||$hadfield_euc_shape3_paramseed-11_sp-0213_p-17.txt$optimal function value: 32.53962615999998
optimal value: [0. 1. 0. 0. 0. 0. 1. 0. 1. 0. 0. 0. 0. 0. 0. 1.]
status: SUCCESS
 ||[1.47244222 3.52079988 2.88367775 2.94076543 1.5986007  3.67420426
 0.57967749 3.22770784 1.95262374 5.97656005 0.26688229 1.91590562
 0.24875332 5.09887957 2.40868081 0.32969257 3.07894635 6.05981326
 2.05246982 3.85570769 0.48948694 0.29907333 1.65674992 0.37105726
 0.58286055 1.50364419 0.08092802 2.90361031 1.51901002 5.27952312
 1.62764088 4.02307664 1.57022225 4.16156725]
 ||$hadfield_neuc_shape2_paramseed-12_sp-0213_p-17.txt$optimal function value: 65.76070403
optimal value: [0. 0. 1. 0. 0. 1. 0. 0. 1. 0. 0. 0. 0. 0. 0. 1.]
status: SUCCESS
 ||[2.48993229 5.13193286 2.09329998 0.89696575 0.02943421 2.33521049
 0.8611924  5.11343233 2.17241636 4.78435927 1.74359647 4.15667937
 0.45858234 2.76394929 0.50908168 5.69314953 0.18566568 5.14675095
 0.23621184 4.31787001 1.0593997  2.54234188 2.64730577 0.11898026
 0.19169082 5.75004189 2.59958106 0.57152667 3.10124906 5.94798111
 0.35329523 2.65901909 0.4263832  1.96434846]
 ||$hadfield_neuc_shape3_paramseed-12_sp-0213_p-17.txt$optimal function value: 44.55872038000001
optimal value: [0. 1. 0. 0. 0. 0. 1. 0. 1. 0. 0. 0. 0. 0. 0. 1.]
status: SUCCESS
 ||[2.43689598 4.01337979 2.06303005 0.88945203 0.26648979 2.35017869
 0.93678439 5.08459503 2.16888071 3.77757779 1.74832633 4.14765735
 0.45297817 2.76053327 0.5086384  5.69557853 0.179957   5.14479098
 0.23087327 4.3141401  1.04901859 2.5308686  2.63610259 0.10874323
 0.18650845 5.73792183 1.59665046 0.56915662 3.09393694 5.94714993
 0.35171742 2.65643631 0.41569095 1.96173507]
 ||$hadfield_euc_shape1_paramseed-12_sp-0213_p-17.txt$optimal function value: 48.13067508999998
optimal value: [0. 0. 1. 0. 1. 0. 0. 0. 0. 1. 0. 0. 0. 0. 0. 1.]
status: SUCCESS
 ||[2.4890038  5.13068708 3.09383953 0.89779084 0.02085586 2.35772963
 0.85389975 5.08883783 3.17518654 3.77817526 1.75226717 4.15496003
 1.45570691 2.76340404 0.50409116 5.69393261 0.18024566 5.1431531
 0.23047901 4.32269154 1.0567642  2.54545561 3.65010935 0.08217382
 0.1716347  5.74459893 1.83145894 0.65072745 3.10166438 5.94710111
 0.35260236 2.65872486 0.42340391 1.9638499 ]
 ||$hadfield_euc_shape2_paramseed-12_sp-0213_p-17.txt$optimal function value: 30.655645410000005
optimal value: [0. 0. 1. 0. 0. 1. 0. 0. 1. 0. 0. 0. 0. 0. 0. 1.]
status: SUCCESS
 ||[1.43874769 4.12058502 2.12584441 1.89378065 0.03769721 2.35558458
 0.8629053  6.09253014 3.16961283 3.78210394 1.75774336 4.15798168
 1.45576425 2.76322264 0.50858522 5.69280353 0.19693455 5.13856563
 0.23573901 4.31723871 1.06186971 2.54316645 2.64563407 0.11640503
 0.19326091 5.74786475 1.59855651 0.57295088 3.09943846 6.94815378
 0.35156557 2.66071809 0.42598015 1.96489252]
 ||$hadfield_euc_shape3_paramseed-12_sp-0213_p-17.txt$optimal function value: 32.53962615999998
optimal value: [0. 1. 0. 0. 0. 0. 1. 0. 1. 0. 0. 0. 0. 0. 0. 1.]
status: SUCCESS
 ||[1.4884165  4.14540752 2.0890618  0.90380333 0.02953895 2.35726685
 0.85406494 5.09435712 2.16080116 3.78001471 1.96864698 4.01055574
 0.45132099 2.76758727 0.51341597 5.69313071 0.19591691 5.14406285
 0.22418674 4.31539598 1.04701516 2.55704122 2.64024267 0.11379618
 0.18605731 5.74886197 1.5833337  0.58115553 3.10206372 5.94647159
 0.35006199 3.65757018 0.41684484 1.97067363]
 ||$hadfield_neuc_shape3_paramseed-13_sp-0213_p-17.txt$optimal function value: 44.55872038000001
optimal value: [0. 1. 0. 0. 0. 0. 1. 0. 1. 0. 0. 0. 0. 0. 0. 1.]
status: SUCCESS
 ||[0.81442807 4.25938594 2.18630295 6.33675492 1.58430861 1.44995828
 1.46243954 1.43045042 2.29556746 0.81847412 1.66933668 1.34401443
 0.92519881 2.71204085 2.63171457 3.82239764 0.04565076 1.73297709
 0.46150954 5.47503633 2.54397753 5.06425891 2.59614286 4.67973057
 2.98320134 4.98791877 0.80544306 6.34054072 1.52949315 4.74356461
 1.77198451 2.69887832 1.14434877 2.70041672]
 ||$hadfield_euc_shape1_paramseed-13_sp-0213_p-17.txt$optimal function value: 48.13067508999998
optimal value: [1. 0. 0. 0. 0. 0. 1. 0. 0. 1. 0. 0. 0. 0. 0. 1.]
status: SUCCESS
 ||[0.81371995 5.30555085 2.14739907 5.33751595 0.58151673 1.44840106
 0.46176773 1.4150001  2.30548773 0.81830958 1.67015999 1.3436577
 0.92546053 2.71077381 2.63207276 3.8225528  0.04485977 1.73369454
 0.46129143 5.47533433 2.54407342 5.06453884 3.59581012 4.67941663
 2.98260292 4.98834311 0.80622553 5.34082992 1.52932399 4.74397159
 1.77422457 2.70037982 1.14540328 3.69974974]
 ||$hadfield_euc_shape2_paramseed-13_sp-0213_p-17.txt$optimal function value: 30.655645410000005
optimal value: [0. 0. 1. 0. 0. 1. 0. 0. 1. 0. 0. 0. 0. 0. 0. 1.]
status: SUCCESS
 ||[1.80770034 5.29780577 2.16175972 5.34729333 0.58359482 1.44262086
 0.47228313 2.40411142 3.28663732 0.818881   1.43643725 2.33808096
 1.92204268 2.70296917 3.63475836 3.81566918 0.04475048 1.7400502
 0.45833291 5.47446643 2.5347932  5.067301   2.78079884 4.84336097
 2.97742288 4.97990745 0.80056269 5.33455851 1.52495555 4.7389914
 1.76688174 2.69403119 1.13906506 2.69617237]
 ||$hadfield_euc_shape3_paramseed-13_sp-0213_p-17.txt$optimal function value: 32.53962615999998
optimal value: [0. 1. 0. 0. 0. 0. 1. 0. 1. 0. 0. 0. 0. 0. 0. 1.]
status: SUCCESS
 ||[1.81067274 4.30568783 2.14905261 5.33672544 0.58357434 1.4466766
 0.46197749 1.41477359 2.30566592 0.81854912 1.6692323  1.34420125
 0.92556205 2.71039991 2.63124195 4.82427893 0.04511808 1.73307976
 0.46008679 5.47460754 2.54383554 5.06429994 2.59603302 4.67978454
 2.98000812 4.98700291 0.80712754 5.34094936 1.52973174 4.74425081
 1.77237948 2.6992127  1.14580082 3.69922277]
 ||$hadfield_neuc_shape2_paramseed-14_sp-0213_p-17.txt$optimal function value: 65.76070403
optimal value: [0. 0. 1. 0. 0. 1. 0. 0. 1. 0. 0. 0. 0. 0. 0. 1.]
status: SUCCESS
 ||[0.33181441 5.38570869 2.06364011 6.92402216 0.82719674 1.58727508
 2.31534513 4.11702661 0.91025824 5.30922872 1.19965235 4.8793587
 0.35795557 1.37786049 2.74616038 2.22509962 2.11637871 4.69658603
 2.01175211 0.96702697 1.76848956 4.20454505 0.55058523 4.1247168
 0.42096227 2.15079714 0.2939384  1.3161381  3.10122005 2.56836943
 3.14353184 2.78471602 1.93881732 6.5217637 ]
 ||$hadfield_neuc_shape3_paramseed-14_sp-0213_p-17.txt$optimal function value: 44.55872038000001
optimal value: [0. 1. 0. 0. 1. 0. 0. 0. 0. 0. 1. 0. 0. 0. 0. 1.]
status: SUCCESS
 ||[1.33767038 4.40398588 3.01271788 5.87322538 0.85380058 1.59471324
 2.3167891  5.1076298  1.02005478 4.39901942 1.15975959 4.92906787
 0.37472207 1.40662346 2.83358831 2.25169584 0.81505582 5.05317244
 1.98234327 0.94738508 1.73069718 4.17439208 0.51237234 4.09890689
 0.38572209 2.12307501 0.260965   1.28646578 3.07261724 2.53786736
 3.11372167 2.74644757 1.90503759 5.48195776]
 ||$hadfield_euc_shape1_paramseed-14_sp-0213_p-17.txt$optimal function value: 48.13067508999998
optimal value: [0. 0. 1. 0. 1. 0. 0. 0. 0. 1. 0. 0. 0. 0. 0. 1.]
status: SUCCESS
 ||[1.33566287 4.41472164 2.07517713 6.95641033 0.849383   1.59304114
 2.30439896 4.12517344 0.95760022 4.28672373 1.25317014 4.98318578
 0.27634825 1.40502923 2.82680508 2.26515981 0.69010747 5.05276583
 1.98354336 0.94042873 1.73011629 4.17291064 0.51728313 4.0941434
 0.38644756 2.11661807 0.26169861 1.28359203 3.07182099 2.5370297
 3.11174    2.75413007 1.90775199 5.48337216]
 ||$hadfield_euc_shape2_paramseed-14_sp-0213_p-17.txt$optimal function value: 30.655645410000005
optimal value: [0. 0. 1. 0. 0. 1. 0. 0. 1. 0. 0. 0. 0. 0. 0. 1.]
status: SUCCESS
 ||[0.34810915 4.41588271 2.04850839 6.90897903 0.85288951 1.60498319
 2.25455562 5.13756262 0.96350581 4.29094932 1.28999187 5.88726394
 0.37637241 1.40892162 2.8345321  3.25519063 0.82439971 5.04863163
 1.98740914 0.94307133 1.73325712 4.16584206 0.51841135 4.09666827
 0.38801908 2.11462825 0.26408727 1.28434458 3.0729098  2.534674
 3.10612955 3.75634179 1.89220381 5.48776518]
 ||$hadfield_euc_shape3_paramseed-14_sp-0213_p-17.txt$optimal function value: 32.53962615999998
optimal value: [0. 1. 0. 0. 0. 0. 1. 0. 1. 0. 0. 0. 0. 0. 0. 1.]
status: SUCCESS
 ||[0.33549521 3.91426479 2.04891415 6.90857284 1.85162141 1.60693219
 2.306558   4.13749452 0.95162586 5.29930653 1.2461974  4.88517757
 0.37186718 1.4026441  2.83210248 3.24914505 0.81801872 5.05347329
 1.98390589 1.94099905 1.7316758  4.17148858 0.51810737 4.09491315
 0.38652165 2.11738801 0.26123488 1.28474547 3.07287442 2.53631519
 3.11170898 2.75581356 1.90902125 5.48295853]
 ||$hadfield_neuc_shape3_paramseed-15_sp-0213_p-17.txt$optimal function value: 44.55872038000001
optimal value: [0. 1. 0. 0. 0. 0. 1. 0. 1. 0. 0. 0. 0. 0. 0. 1.]
status: SUCCESS
 ||[3.03409129 0.07313005 2.36656275 0.98792623 3.09277942 0.08705582
 2.7581381  4.32662659 2.68758077 6.27582744 0.75059127 2.11147762
 2.24673236 1.77062408 0.84813413 1.36861026 2.68619002 5.48694283
 3.49569697 1.40054208 2.90459055 3.21283165 0.72729983 2.86149644
 1.31779788 0.49457597 1.7751347  2.26117583 1.78903003 5.84505531
 2.02899301 2.54608331 2.71384131 6.25315561]
 ||$hadfield_euc_shape1_paramseed-15_sp-0213_p-17.txt$optimal function value: 48.13067508999998
optimal value: [0. 0. 1. 0. 1. 0. 0. 0. 0. 1. 0. 0. 0. 0. 0. 1.]
status: SUCCESS
 ||[4.03620035 0.07356341 2.31268664 0.99330641 3.09949396 0.10746912
 2.76319557 4.31007949 2.71374698 6.23056686 1.75354423 2.12492799
 2.22524579 1.75999633 0.82764897 1.43443887 2.69614743 5.4951499
 2.50575763 1.40393716 2.90615387 3.21311312 0.72698297 2.86267539
 1.3188191  0.49562655 1.77464011 2.26157629 1.79065947 5.84504427
 2.02854357 2.54558459 2.71330591 6.25305431]
 ||$hadfield_euc_shape2_paramseed-15_sp-0213_p-17.txt$optimal function value: 30.655645410000005
optimal value: [0. 0. 1. 0. 0. 1. 0. 0. 1. 0. 0. 0. 0. 0. 0. 1.]
status: SUCCESS
 ||[4.03263206 1.05539461 2.31501091 1.99107695 3.10223743 0.19943347
 2.76406498 4.2800182  2.6939865  6.28485968 0.75199329 2.13028067
 2.22041903 2.76174149 0.83221444 1.44445175 2.70221707 5.49442334
 2.50799133 1.40807693 2.84538434 3.16092148 0.72661518 3.86198148
 1.3175285  0.49495556 1.77307963 2.26106904 2.79043348 6.84627901
 2.02837803 3.54466608 2.71235293 6.25148772]
 ||$hadfield_euc_shape3_paramseed-15_sp-0213_p-17.txt$optimal function value: 32.53962615999998
optimal value: [0. 1. 0. 0. 0. 0. 1. 0. 1. 0. 0. 0. 0. 0. 0. 1.]
status: SUCCESS
 ||[3.03178648 1.07152274 3.30814761 0.99286932 3.10181279 0.10634027
 2.76334564 4.28482388 2.68875305 6.28141904 0.75048713 2.12662927
 2.22633887 1.76110575 0.82581959 1.43606066 2.69446519 5.49394975
 3.50575066 1.40438809 2.90486285 3.21343347 0.72825795 2.85885241
 1.31790666 0.49900088 1.77703716 2.25715987 1.78882564 5.84567281
 2.02923445 3.54359769 3.71480304 6.25483484]
 ||$hadfield_neuc_shape2_paramseed-16_sp-0213_p-17.txt$optimal function value: 65.76070403
optimal value: [0. 0. 1. 0. 0. 1. 0. 0. 1. 0. 0. 0. 0. 0. 0. 1.]
status: SUCCESS
 ||[1.13248115 4.02403056 1.30521022 2.79635081 2.30478823 4.13636777
 0.80632809 3.99175189 0.02610031 1.8920744  1.06008911 1.88810712
 2.35159147 1.94657342 2.54546894 5.91284133 0.79779813 5.61429536
 2.53465149 4.19573119 0.08654268 2.8723674  1.96937341 1.86243457
 0.70446522 1.94834059 0.81216959 4.95068006 1.08830879 2.66103064
 2.01772192 5.96057344 0.93421237 0.2638192 ]
 ||$hadfield_neuc_shape3_paramseed-16_sp-0213_p-17.txt$optimal function value: 44.55872038000001
optimal value: [0. 1. 0. 0. 0. 0. 1. 0. 1. 0. 0. 0. 0. 0. 0. 1.]
status: SUCCESS
 ||[2.1391828  4.01846992 1.30844983 2.80716217 1.286807   4.13193589
 0.81343424 3.99197382 0.02864417 1.89812194 1.05881064 0.89376296
 2.33334821 1.94623137 2.48612341 6.0051879  0.79539824 5.61395122
 2.53696034 4.19254791 0.08692582 2.86848261 1.96740836 1.86111532
 1.70464822 1.94676927 0.81199339 4.95014423 1.09338917 2.65948636
 3.01960676 5.95973984 0.91995485 0.27624865]
 ||$hadfield_euc_shape1_paramseed-16_sp-0213_p-17.txt$optimal function value: 48.13067508999998
optimal value: [1. 0. 0. 0. 0. 0. 1. 0. 0. 1. 0. 0. 0. 0. 0. 1.]
status: SUCCESS
 ||[ 1.11877447  4.02366685  1.20216354  2.78769943  1.06486309  4.02225525
  0.70292142  3.89028501 -0.12062067  1.82531583  1.0037582   0.81392999
  2.22941588  1.84281351  2.3631232   5.93372836  0.7342781   5.61428182
  2.48014296  4.12058596 -0.00781796  2.82621216  1.88100589  1.77249121
  0.66559631  1.91572935  0.80048687  4.86795845  1.05584697  2.59275184
  1.95889158  5.88283397  0.84861193  0.20832969]
 ||$hadfield_euc_shape2_paramseed-16_sp-0213_p-17.txt$optimal function value: 30.655645410000005
optimal value: [0. 0. 1. 0. 0. 1. 0. 0. 1. 0. 0. 0. 0. 0. 0. 1.]
status: SUCCESS
 ||[1.1355028  3.01948178 1.3099384  2.87515396 1.04561575 4.13258692
 1.81763057 3.98073755 0.02887974 1.90925821 1.05272951 0.89205579
 2.3357727  1.94846739 2.47951941 6.00811929 0.79652707 5.61434128
 2.53732708 4.19362645 0.08606461 2.87022543 1.96908247 1.8613698
 0.70481421 1.9465748  0.81135508 4.95013557 1.09270068 2.65868928
 2.02024863 5.95901292 0.92058937 0.27664197]
 ||$hadfield_euc_shape3_paramseed-16_sp-0213_p-17.txt$optimal function value: 32.53962615999998
optimal value: [0. 1. 0. 0. 0. 0. 1. 0. 1. 0. 0. 0. 0. 0. 0. 1.]
status: SUCCESS
 ||[2.13431201 3.02115686 2.30758628 2.8074912  1.28635625 4.1309826
 0.81402234 3.98954584 0.03120142 1.89884091 1.05303008 0.89139415
 2.34123935 2.14666697 2.376547   6.90627569 0.78802618 5.60896445
 2.53153875 4.18730901 0.07462619 2.86492559 1.96326468 1.8613916
 0.69976368 1.9407612  0.90713445 4.72375919 1.10661959 2.67257755
 2.03448273 5.97504773 0.93455219 1.28998487]
 ||$hadfield_neuc_shape3_paramseed-17_sp-0213_p-17.txt$optimal function value: 44.55872038000001
optimal value: [0. 1. 0. 0. 0. 0. 1. 0. 1. 0. 0. 0. 0. 0. 0. 1.]
status: SUCCESS
 ||[2.63935889 5.07262783 3.01702761 2.82040744 2.40921685 5.42344618
 2.07598219 1.68793692 0.08883632 2.41026031 2.34988317 1.58986366
 1.58535011 1.99027773 2.66564304 5.9473556  1.26552106 6.27594071
 1.19994701 5.1068793  2.75150362 0.94861601 2.21712838 3.51104961
 3.00405777 1.3189828  1.69724855 5.54569152 2.00589866 1.94415823
 0.25828774 5.90655527 1.48865528 6.26032007]
 ||$hadfield_euc_shape1_paramseed-17_sp-0213_p-17.txt$optimal function value: 48.13067508999998
optimal value: [0. 0. 1. 0. 1. 0. 0. 0. 0. 1. 0. 0. 0. 0. 0. 1.]
status: SUCCESS
 ||[2.63848726 6.06729558 3.0174517  1.81766434 2.40723435 5.42314001
 2.07736714 0.69101845 0.08513556 2.41244535 2.37667526 1.5859769
 1.56307024 2.05044656 2.5906196  5.93807879 1.25979741 6.23453658
 0.19376643 5.10554201 2.75035115 0.94746312 2.21576907 3.51235216
 3.0024626  1.40871903 1.60599722 5.54512138 2.00845738 1.94034313
 0.25893429 5.90568783 1.49093699 6.25892514]
 ||$hadfield_euc_shape2_paramseed-17_sp-0213_p-17.txt$optimal function value: 30.655645410000005
optimal value: [0. 0. 1. 0. 0. 1. 0. 0. 1. 0. 0. 0. 0. 0. 0. 1.]
status: SUCCESS
 ||[2.63921953 6.06755602 3.01254743 1.81579068 3.40393646 4.42457174
 3.07070349 0.69577669 0.07894868 2.41624715 2.3461574  2.58959567
 1.5797266  1.9924573  2.6586446  5.94610454 1.25473219 6.26959491
 0.19394546 5.09828155 3.75176277 0.95019661 2.21416878 3.51112946
 2.99814955 1.31862346 1.6911962  5.54842288 1.99955377 1.94605042
 0.24907852 5.90304323 1.62559272 6.46952867]
 ||$hadfield_euc_shape3_paramseed-17_sp-0213_p-17.txt$optimal function value: 32.53962615999998
optimal value: [0. 1. 0. 0. 0. 0. 1. 0. 1. 0. 0. 0. 0. 0. 0. 1.]
status: SUCCESS
 ||[2.64209464 5.97621436 2.78330378 1.79985928 2.41642112 4.42092021
 3.04623755 0.69075766 0.08311258 3.41257687 2.34354147 1.59169367
 1.57638    1.9943669  2.66244241 5.94227268 1.26397323 6.27354425
 0.19617842 5.10418984 3.7523084  0.95325137 2.21233702 3.51282674
 2.99991514 1.32094226 1.69632049 5.54508476 2.00579059 1.95266688
 0.24698512 5.90372765 1.48844796 6.26119154]
 ||$hadfield_neuc_shape2_paramseed-18_sp-0213_p-17.txt$optimal function value: 65.76070403
optimal value: [0. 0. 1. 0. 0. 1. 0. 0. 1. 0. 0. 0. 0. 0. 0. 1.]
status: SUCCESS
 ||[1.56624875 4.16574654 1.0565774  2.24233681 2.53811113 4.10417595
 1.50915466 3.37853159 0.8291387  1.59363091 2.17268673 2.03691935
 2.13589647 5.94820359 2.72174218 5.92952227 0.7367017  1.49381088
 3.30861214 3.61529732 0.63365109 4.25730635 2.74255629 5.25057243
 0.67900241 1.87899792 0.02189313 6.12904898 0.69310269 4.56816982
 1.69072978 3.72921987 1.65449427 5.18613042]
 ||$hadfield_neuc_shape3_paramseed-18_sp-0213_p-17.txt$optimal function value: 44.55872038000001
optimal value: [0. 1. 0. 0. 0. 0. 1. 0. 1. 0. 0. 0. 0. 0. 0. 1.]
status: SUCCESS
 ||[0.56969667 4.1172984  2.03733071 1.2399287  1.53185266 3.10787754
 2.51291098 3.07831512 1.00212646 1.59101213 2.16815907 1.99523068
 2.11533523 4.94365791 2.71850311 5.93282671 0.73551648 1.49118002
 2.30790056 3.6072394  0.63376293 4.25397703 2.74309697 5.24993167
 0.67699253 1.91660825 0.01502588 6.13012342 0.69008639 4.5636303
 1.68857259 3.72408573 1.64800663 5.18270712]
 ||$hadfield_euc_shape1_paramseed-18_sp-0213_p-17.txt$optimal function value: 48.13067508999998
optimal value: [0. 0. 1. 0. 1. 0. 0. 0. 0. 1. 0. 0. 0. 0. 0. 1.]
status: SUCCESS
 ||[1.57091683 5.15928522 2.05258544 1.23883733 1.53494969 3.10576692
 1.56285042 2.63418332 0.83122393 1.59431101 2.30501907 1.82312289
 3.12836872 4.90823389 2.90684273 5.85460296 0.7145883  1.29010517
 3.46098254 4.61596729 0.63409492 4.25783997 2.74727063 5.24756102
 0.67804596 1.87950221 0.02162217 6.12782187 0.69243937 4.56851507
 1.68930328 3.72810055 1.65558667 5.18419418]
 ||$hadfield_euc_shape2_paramseed-18_sp-0213_p-17.txt$optimal function value: 30.655645410000005
optimal value: [0. 0. 1. 0. 0. 1. 0. 0. 1. 0. 0. 0. 0. 0. 0. 1.]
status: SUCCESS
 ||[0.57182799 5.15244435 1.06578024 1.25625453 1.53788185 3.10079042
 1.50622957 2.87767258 0.82420164 1.59603919 2.16996308 2.0375887
 2.13841756 4.97893683 2.66911229 6.91953911 1.71127905 1.491515
 2.30675475 4.61910984 0.63565701 4.25572119 2.78076548 5.2967269
 0.67668364 1.87788896 0.01938546 6.12922897 0.69472834 4.56655937
 1.68857239 3.73150039 1.65620428 5.1894483 ]
 ||$hadfield_euc_shape3_paramseed-18_sp-0213_p-17.txt$optimal function value: 32.53962615999998
optimal value: [0. 1. 0. 0. 0. 0. 1. 0. 1. 0. 0. 0. 0. 0. 0. 1.]
status: SUCCESS
 ||[1.56824262 5.15943722 2.05237607 1.24864173 1.53796431 3.08054646
 1.50110662 2.89052272 0.71928963 1.6002543  2.17988923 2.04362043
 2.12036448 4.94624822 2.71166346 5.94308496 0.73801205 1.49049944
 2.30943388 3.61520034 0.63684225 4.25953695 2.74235798 5.25076167
 0.67791308 1.87789948 0.02243176 6.1289152  0.69152711 4.56959974
 1.68757057 3.73131491 1.65472119 5.18863372]
 ||$hadfield_neuc_shape2_paramseed-19_sp-0213_p-17.txt$optimal function value: 65.76070403
optimal value: [1. 0. 0. 0. 0. 1. 0. 0. 0. 0. 1. 0. 0. 0. 0. 1.]
status: SUCCESS
 ||[2.12712291 4.9310919  1.63558089 3.21407901 1.23742795 6.26315276
 0.90804225 0.93153936 0.82011173 1.63697634 1.02783407 1.68315366
 0.33813693 2.04510315 0.97716718 4.576581   0.63349972 0.4447695
 0.63623308 3.40826024 1.2206442  4.60863406 2.52287479 2.60405194
 0.31211089 5.574132   2.37403526 2.48858007 2.068077   1.87901197
 2.87422552 5.23897051 2.4880725  5.99365063]
 ||$hadfield_neuc_shape3_paramseed-19_sp-0213_p-17.txt$optimal function value: 44.55872038000001
optimal value: [0. 1. 0. 0. 0. 0. 1. 0. 1. 0. 0. 0. 0. 0. 0. 1.]
status: SUCCESS
 ||[2.145618   4.92878994 1.63782392 4.21772459 1.23783516 7.26368082
 0.91225657 0.92470631 1.81290309 1.62432464 1.03448964 1.68970733
 0.33283041 2.04511725 0.98399694 3.58881361 0.64072751 0.44503699
 1.62871001 3.41330992 1.24600574 4.6048925  2.52310098 2.6024586
 0.30752884 4.57272704 2.36789122 2.48684847 2.07306264 1.86764513
 3.88442096 5.24178743 2.47999401 5.99693164]
 ||$hadfield_euc_shape1_paramseed-19_sp-0213_p-17.txt$optimal function value: 48.13067508999998
optimal value: [1. 0. 0. 0. 0. 0. 1. 0. 0. 1. 0. 0. 0. 0. 0. 1.]
status: SUCCESS
 ||[2.12890863 4.94103707 1.64431144 3.21235182 1.23683455 6.27803091
 0.90644106 0.91728216 0.80075508 1.63410138 1.02778409 1.68125848
 0.33735122 2.04343447 0.97731472 3.57309351 0.63245229 0.44354999
 0.66521049 3.40722739 1.22124785 4.60745022 2.52349699 2.6027692
 0.31292769 4.57550278 2.37501112 2.48970224 2.06789922 1.87809014
 2.87381271 5.23788326 2.48792307 5.98838486]
 ||$hadfield_euc_shape2_paramseed-19_sp-0213_p-17.txt$optimal function value: 32.55298180999998
optimal value: [0. 0. 1. 0. 1. 0. 0. 0. 0. 1. 0. 0. 0. 0. 0. 1.]
status: SUCCESS
 ||[2.12362629 5.93181361 2.63503506 4.21605952 1.23840026 6.26414242
 0.90891918 0.93136185 0.82973694 1.65406919 1.02715541 1.68347605
 0.31568579 2.05145692 0.97334375 3.57477699 0.63464175 0.44169471
 0.63665809 3.40709217 1.2203341  4.60937921 2.52322622 2.60364113
 0.31176106 4.57424559 2.37344774 2.48863109 2.06839623 2.87655724
 2.87428859 5.23888306 2.48797527 5.99313365]
 ||$hadfield_euc_shape3_paramseed-19_sp-0213_p-17.txt$optimal function value: 32.53962615999998
optimal value: [0. 1. 0. 0. 0. 0. 1. 0. 1. 0. 0. 0. 0. 0. 0. 1.]
status: SUCCESS
 ||[2.11777178 4.91436706 1.65635177 3.20075828 1.22398632 6.25282859
 1.14400145 0.94028539 0.8118067  1.71383727 0.97936913 1.68179089
 0.34136051 2.03368672 0.97613424 3.57503196 0.60248873 0.37203606
 0.61359615 3.40726245 1.18483205 4.61101356 2.51760335 2.59355716
 0.32207343 4.57330547 2.33939709 2.49558618 3.07170686 1.87749026
 2.88159965 5.24545176 2.48066609 5.99110171]
 ||$hadfield_neuc_shape2_paramseed-20_sp-0213_p-17.txt$optimal function value: 65.76070403
optimal value: [1. 0. 0. 0. 0. 1. 0. 0. 0. 0. 1. 0. 0. 0. 0. 1.]
status: SUCCESS
 ||[2.74125297 4.4630552  2.69595001 5.94356682 0.9290217  4.22117474
 4.05325149 5.44675625 1.74816816 1.02543892 1.27805034 6.23970891
 0.25933872 1.97655706 2.90542213 2.79389671 0.65189044 1.98885711
 2.82777784 2.09533058 1.2982439  3.93963738 2.46710025 3.06570049
 0.22288261 3.54742209 0.04493717 0.531202   0.58176328 4.35212428
 0.84466888 4.74229823 0.43268253 0.65718524]
 ||$hadfield_neuc_shape3_paramseed-20_sp-0213_p-17.txt$optimal function value: 44.55872038000001
optimal value: [0. 1. 0. 0. 0. 0. 1. 0. 1. 0. 0. 0. 0. 0. 0. 1.]
status: SUCCESS
 ||[3.84775159 4.3429577  2.40762283 5.68498135 0.81219159 3.99728239
 2.83967574 5.47563417 1.80167951 1.0639192  2.29275283 6.24288643
 0.32426166 2.00253367 2.98989779 2.82140009 0.65079785 1.99173806
 2.85559504 2.10782407 1.34326747 3.94318935 2.53034412 3.08993686
 1.25795675 3.60114556 0.11066604 1.59214231 0.59814945 4.35697662
 0.89135237 4.3359615  0.51420186 0.73913857]
 ||$hadfield_euc_shape1_paramseed-20_sp-0213_p-17.txt$optimal function value: 48.13067508999998
optimal value: [1. 0. 0. 0. 0. 0. 1. 0. 0. 1. 0. 0. 0. 0. 0. 1.]
status: SUCCESS
 ||[3.66437449 5.25744375 2.34843882 5.66883105 0.8719231  3.88196549
 2.85638485 5.4936031  1.7912141  1.07839938 1.27675418 6.22231697
 0.33280834 2.01801059 3.13287255 2.63169715 1.69413927 2.01942681
 2.86465356 2.12177823 1.32402697 3.96002914 2.51438152 3.10961138
 0.28007496 3.60540647 0.13435054 0.58775616 0.60792869 4.32875167
 0.91727661 4.34756203 0.51693696 0.75960465]
 ||$hadfield_euc_shape2_paramseed-20_sp-0213_p-17.txt$optimal function value: 30.655645410000005
optimal value: [0. 0. 1. 0. 0. 1. 0. 0. 1. 0. 0. 0. 0. 0. 0. 1.]
status: SUCCESS
 ||[3.8540667  4.30920876 2.41702105 5.68976574 0.82085805 3.99137975
 2.84729213 5.47757191 2.79387427 1.06530519 1.29799064 6.24898513
 1.32277872 2.03627793 2.86609219 2.82291661 0.65321062 1.99104713
 2.84654412 2.10690372 1.34248745 3.94088726 2.53018114 3.0895506
 0.25514118 3.59744167 0.11006989 0.63797965 0.63567344 4.35780669
 0.8942484  4.33465116 0.51390252 0.73788814]
 ||$hadfield_euc_shape3_paramseed-20_sp-0213_p-17.txt$optimal function value: 32.53962615999998
optimal value: [0. 1. 0. 0. 1. 0. 0. 0. 0. 0. 1. 0. 0. 0. 0. 1.]
status: SUCCESS
 ||[2.87765883 4.30085744 2.38301083 6.00393173 0.64642754 4.98378552
 2.78090301 5.66754269 1.61358694 1.06587329 1.30933767 6.25076094
 1.32752128 2.00574859 2.97936887 2.56574006 0.65675937 1.99287069
 2.84967259 2.10437789 1.33977157 3.9385437  2.57928657 3.07353216
 0.26516858 3.5990668  0.10688787 0.58852845 0.58354342 4.37485383
 0.8836803  4.33523168 0.51460565 0.73435389]
 ||$hadfield_neuc_shape3_paramseed-1_sp-0213_p-18.txt$optimal function value: 44.55872038000001
optimal value: [0. 1. 0. 0. 0. 0. 1. 0. 1. 0. 0. 0. 0. 0. 0. 1.]
status: SUCCESS
 ||[1.42076285 5.34585758 2.40139129 1.64352977 1.55265763 2.8235074
 2.13550567 4.70241774 0.34695428 1.22854318 2.62430577 2.71923625
 2.39491979 0.01684694 1.40101223 4.53379156 1.71571605 5.9412904
 2.83022038 0.19233494 0.0797871  3.40161261 2.95003752 2.39582594
 0.6804858  2.65266963 0.09077217 1.39293933 1.37504784 3.11524817
 0.73164954 1.4502846  0.68680776 2.88829574 0.908894   0.13810565]
 ||$hadfield_euc_shape3_paramseed-1_sp-0213_p-18.txt$optimal function value: 32.53962615999998
optimal value: [0. 1. 0. 0. 1. 0. 0. 0. 0. 0. 1. 0. 0. 0. 0. 1.]
status: SUCCESS
 ||[ 0.42520531  5.32524695  2.30010425  1.59347356  2.51311061  2.87010395
  2.05663729  4.95567771  0.33444544 -0.28705103  2.60975119  3.68533022
  2.38563316 -0.01401891  1.38521503  4.54848074  1.69569142  5.95090898
  2.83878177  0.1661074   0.10806143  3.36830345  2.9511059   2.39475848
  0.69295388  2.57977067  1.07957272  1.18402202  0.99353866  3.19754377
  0.8186071   1.53337069  0.76975779  2.97087869  0.99360062  1.21418349]
 ||$hadfield_neuc_shape3_paramseed-2_sp-0213_p-18.txt$optimal function value: 44.55872038000001
optimal value: [0. 1. 0. 0. 0. 0. 1. 0. 1. 0. 0. 0. 0. 0. 0. 1.]
status: SUCCESS
 ||[3.00202095 5.95662775 1.19256281 0.53315859 2.63219398 4.62485949
 3.10563867 1.89174039 1.92238433 4.83896859 1.81570854 0.99554293
 1.37051186 2.46366631 2.46832787 6.08075069 2.98262267 4.41563423
 1.38861968 1.6851466  0.11277905 0.17161947 1.46102784 2.00069818
 1.19349722 5.603702   1.65188587 3.52217866 0.74281127 0.14917446
 1.02179738 0.8586762  1.60251293 6.27425198 2.11868037 1.14250507]
 ||$hadfield_euc_shape3_paramseed-2_sp-0213_p-18.txt$optimal function value: 32.53962615999998
optimal value: [0. 1. 0. 0. 0. 0. 1. 0. 1. 0. 0. 0. 0. 0. 0. 1.]
status: SUCCESS
 ||[4.00153744 6.95809717 0.17489221 0.49960429 2.60249771 4.66579644
 2.10777822 1.93522119 1.90367561 3.81332849 1.8249248  1.99655197
 1.35462394 3.4736013  2.27189094 6.2507097  2.98407994 3.42003472
 1.39810101 1.68589703 0.11298951 0.17185562 2.45955174 2.00056343
 1.19463435 5.6025654  1.65179803 3.52207112 0.74187601 0.14878089
 1.02146617 0.85892919 1.60227284 7.27472824 2.1150514  1.14097964]
 ||$hadfield_neuc_shape3_paramseed-3_sp-0213_p-18.txt$optimal function value: 44.55872038000001
optimal value: [0. 1. 0. 0. 0. 0. 1. 0. 1. 0. 0. 0. 0. 0. 0. 1.]
status: SUCCESS
 ||[1.74762499 3.41959669 1.16225438 3.79462183 2.96587271 0.41162626
 0.04135407 5.26193793 0.81505385 1.47248373 3.14864314 2.97055011
 2.62461331 2.98982579 2.00492129 0.94355793 1.98352208 5.46221516
 1.63994749 4.65413129 2.10546484 0.39852537 2.3782765  4.7101243
 0.94643373 0.19493109 2.71899587 2.96984384 2.25827749 5.52180761
 2.24388032 5.78760444 1.2410924  5.03236837 1.39702012 5.87862106]
 ||$hadfield_euc_shape3_paramseed-3_sp-0213_p-18.txt$optimal function value: 32.53962615999998
optimal value: [0. 1. 0. 0. 1. 0. 0. 0. 0. 0. 1. 0. 0. 0. 0. 1.]
status: SUCCESS
 ||[1.74858617 3.42242834 1.16644004 3.7876749  1.96767602 0.41619227
 0.0440213  5.26356184 0.81991183 1.47478673 3.12500392 2.95847623
 2.6289758  2.99384145 2.01278861 0.94355763 1.99484715 5.45178971
 1.64167159 4.65807286 2.10939187 0.40159575 2.38248872 3.71495489
 1.94997068 0.19418147 2.71921225 2.96753035 2.26065931 5.52248464
 2.24377742 5.7849788  1.24013612 5.0317664  1.39289505 5.87619157]
 ||$hadfield_neuc_shape3_paramseed-4_sp-0213_p-18.txt$optimal function value: 44.55872038000001
optimal value: [0. 1. 0. 0. 0. 0. 1. 0. 1. 0. 0. 0. 0. 0. 0. 1.]
status: SUCCESS
 ||[1.71726147 0.64291544 1.25530434 0.97029893 0.2090945  2.52052783
 2.99288531 4.94715885 2.42748714 1.27121274 1.68573286 1.73790879
 0.54156284 0.66640989 0.67161659 5.85487355 2.59071294 5.06189032
 2.51104603 1.21226045 0.9731266  3.93933719 2.29930929 5.37058583
 2.76441063 0.54658735 1.90241292 4.21945543 1.58941253 1.1175588
 1.48870252 0.56106064 2.9361482  5.43750304 1.7179435  1.88616818]
 ||$hadfield_euc_shape3_paramseed-4_sp-0213_p-18.txt$optimal function value: 32.53962615999998
optimal value: [0. 1. 0. 0. 0. 0. 1. 0. 1. 0. 0. 0. 0. 0. 0. 1.]
status: SUCCESS
 ||[0.73976865 1.64864365 1.28509044 0.99927257 0.19690094 2.51885755
 2.87120993 5.01093213 2.39182165 1.3818571  1.68461346 1.72571734
 1.54499107 0.67520609 0.80680928 5.77055292 2.60441042 5.06510831
 2.51670988 1.21905642 1.01115753 3.89078715 2.3024593  5.37263591
 2.75798305 0.55032614 1.90144856 4.22155465 1.58637061 1.11915484
 1.48907357 0.55979764 2.93476255 5.43967908 1.72282993 1.88701175]
 ||$hadfield_neuc_shape3_paramseed-5_sp-0213_p-18.txt$optimal function value: 44.55872038000001
optimal value: [0. 1. 0. 0. 0. 0. 1. 0. 1. 0. 0. 0. 0. 0. 0. 1.]
status: SUCCESS
 ||[2.95713174e+00 4.66226592e+00 3.49820563e+00 5.92192126e+00
 2.32615117e+00 5.79260812e+00 9.42467167e-02 2.92495948e+00
 2.96347917e+00 4.06800297e+00 2.82331787e+00 7.11843352e-01
 1.47294189e+00 2.54911909e+00 1.70646696e+00 3.55413200e+00
 4.79977550e-02 1.37313361e+00 9.20934614e-01 6.75768891e+00
 2.40603407e+00 1.00298723e+00 2.50493746e+00 8.72235495e-01
 1.93974640e+00 7.94350045e-01 5.89007294e-03 5.47506910e+00
 6.58344982e-01 1.35364972e+00 3.08695455e+00 5.48046192e+00
 8.12169196e-01 6.12094557e+00 1.69404095e+00 4.25940342e+00]
 ||$hadfield_euc_shape3_paramseed-5_sp-0213_p-18.txt$optimal function value: 32.53962615999998
optimal value: [0. 1. 0. 0. 0. 0. 1. 0. 1. 0. 0. 0. 0. 0. 0. 1.]
status: SUCCESS
 ||[2.95926078e+00 5.66545277e+00 2.48996282e+00 5.92183594e+00
 2.32098445e+00 5.78946008e+00 8.75836504e-02 2.92241123e+00
 2.96274390e+00 4.05876212e+00 2.81667939e+00 7.11002288e-01
 1.47152968e+00 1.60348442e+00 1.70843587e+00 3.60443636e+00
 3.90523592e-02 1.36141954e+00 8.80112829e-01 6.75969041e+00
 2.40615484e+00 1.00314709e+00 2.50435775e+00 8.70895862e-01
 2.94022312e+00 7.94345610e-01 2.21453899e-03 5.47147529e+00
 6.55916562e-01 1.34970382e+00 3.08562073e+00 5.48121318e+00
 9.01226651e-01 6.03830757e+00 1.69205296e+00 4.26022818e+00]
 ||$hadfield_neuc_shape3_paramseed-6_sp-0213_p-18.txt$optimal function value: 44.55872038000001
optimal value: [0. 1. 0. 0. 0. 0. 1. 0. 1. 0. 0. 0. 0. 0. 0. 1.]
status: SUCCESS
 ||[3.49232385 5.16455521 1.6102206  1.55366271 0.11721151 4.11730282
 1.47691452 4.77465566 1.17424838 4.83588668 0.85876634 5.07183479
 2.16851082 2.59888196 1.69300634 4.28351885 0.60965529 3.47772688
 2.52902696 1.66807256 2.52375933 4.30796533 2.65290533 2.10845304
 0.29319116 5.02659057 2.529255   2.79700746 0.29529878 1.23872434
 1.99451275 1.82999537 2.98855226 3.69742081 0.63132284 4.1178003 ]
 ||$hadfield_euc_shape3_paramseed-6_sp-0213_p-18.txt$optimal function value: 32.53962615999998
optimal value: [0. 1. 0. 0. 0. 0. 1. 0. 1. 0. 0. 0. 0. 0. 0. 1.]
status: SUCCESS
 ||[2.48811374e+00 6.16695863e+00 2.64627272e+00 1.63686080e+00
 2.64375801e-03 4.16290673e+00 1.51799497e+00 4.75770458e+00
 1.15271626e+00 4.83796550e+00 8.67618946e-01 6.07444806e+00
 2.29801815e+00 2.59778267e+00 1.70257611e+00 5.29714023e+00
 7.61444931e-01 3.26255865e+00 2.52936808e+00 1.66854991e+00
 3.52334591e+00 4.30690041e+00 2.65275253e+00 2.10760158e+00
 2.92173926e-01 5.02728006e+00 2.52846387e+00 2.79733977e+00
 2.95580862e-01 1.23916582e+00 1.99400393e+00 1.83161248e+00
 2.98639026e+00 3.69780754e+00 6.32027198e-01 4.11885751e+00]
 ||$hadfield_neuc_shape3_paramseed-7_sp-0213_p-18.txt$optimal function value: 44.55872038000001
optimal value: [0. 1. 0. 0. 0. 0. 1. 0. 1. 0. 0. 0. 0. 0. 0. 1.]
status: SUCCESS
 ||[1.01957665 0.96123372 2.05761766 1.45776221 2.68373894 2.29524099
 0.18150462 3.18631788 0.12196723 2.72444007 0.45380521 0.55966911
 1.32013931 5.20506233 0.41008911 1.45629731 1.92605005 5.93817396
 1.79624092 2.48057833 3.05637517 0.27867303 2.68123283 1.80588684
 0.43622265 0.72456547 0.95409577 5.07763506 0.55158025 3.63431648
 2.0009383  2.33451659 1.71506264 1.38991888 0.18534539 1.29426936]
 ||$hadfield_euc_shape3_paramseed-7_sp-0213_p-18.txt$optimal function value: 32.53962615999998
optimal value: [0. 1. 0. 0. 0. 0. 1. 0. 1. 0. 0. 0. 0. 0. 0. 1.]
status: SUCCESS
 ||[1.24055363 0.83212151 2.04401066 0.45177247 2.68411519 2.32269914
 0.22908154 3.1891227  0.11897704 2.69763117 0.20066637 0.56951881
 2.33706907 5.19413346 0.38782816 1.3996287  1.973933   5.95603509
 1.8131285  2.49238423 3.06671189 0.29203211 2.69713473 1.81886005
 0.45062348 0.74211444 0.96970927 5.12831522 0.56691858 3.65312411
 2.00705817 2.33879514 1.72099731 0.39262244 0.18561982 1.2955846 ]
 ||$hadfield_neuc_shape3_paramseed-8_sp-0213_p-18.txt$optimal function value: 44.55872038000001
optimal value: [0. 1. 0. 0. 0. 0. 1. 0. 1. 0. 0. 0. 0. 0. 0. 1.]
status: SUCCESS
 ||[0.72000987 5.80950828 0.3497318  4.40858123 1.27146778 2.16082593
 3.08556683 1.23619613 2.01129071 2.85311337 1.43399115 3.85449691
 0.79178907 5.42984085 0.50935323 1.71922527 0.2617638  1.89365134
 1.5390234  5.90739122 2.4494627  1.72471784 0.79683424 6.18260074
 0.14897772 3.8452063  1.09255813 4.13100888 1.0282133  4.28916468
 1.5244529  4.03744866 2.81361345 3.61666994 0.39110643 0.35933851]
 ||$hadfield_euc_shape3_paramseed-8_sp-0213_p-18.txt$optimal function value: 32.53962615999998
optimal value: [0. 1. 0. 0. 0. 0. 1. 0. 1. 0. 0. 0. 0. 0. 0. 1.]
status: SUCCESS
 ||[1.71286375 6.04566611 0.39901802 4.43615637 0.26961753 2.57083
 4.13462472 2.29024143 2.0195971  2.88348105 1.40944612 3.10114954
 0.60105009 5.2188067  0.27355367 1.48907116 0.06761973 1.66755325
 1.28028213 6.65903983 1.18655228 0.71519756 0.8111706  6.22957733
 0.19785426 3.89389872 1.18394891 4.15231291 1.06388964 4.34464042
 1.56535875 4.08150099 3.83054633 3.65865101 1.44625108 0.40171727]
 ||$hadfield_neuc_shape3_paramseed-9_sp-0213_p-18.txt$optimal function value: 44.55872038000001
optimal value: [0. 1. 0. 0. 0. 0. 1. 0. 1. 0. 0. 0. 0. 0. 0. 1.]
status: SUCCESS
 ||[1.44071559 2.35105863 0.42598157 5.43383985 1.01728738 3.14015597
 2.83539343 0.50414364 1.72615177 4.87861009 0.11384619 2.37846547
 2.19509768 2.85964551 2.29380033 1.00163147 0.73489706 0.67966678
 1.60698601 5.78724341 1.84801632 4.88173855 1.20554441 4.67590628
 0.29630032 1.82684986 3.14831148 4.52376575 1.2702534  0.55029036
 0.77283743 1.2823676  0.86722395 5.03011318 0.79222016 5.69946346]
 ||$hadfield_euc_shape3_paramseed-9_sp-0213_p-18.txt$optimal function value: 32.53962615999998
optimal value: [0. 1. 0. 0. 0. 0. 1. 0. 1. 0. 0. 0. 0. 0. 0. 1.]
status: SUCCESS
 ||[1.21632696 2.34641015 1.42503659 5.45365529 0.03027543 3.16771295
 2.83127021 0.51323858 1.75237598 4.88616047 0.12896384 2.37930381
 2.20632377 2.833565   2.26868724 0.9812737  0.74441197 0.69756913
 1.59442885 5.80138067 1.85804178 4.84902123 1.2073895  4.69224391
 0.33346919 1.84909923 2.11754017 4.5997393  1.35626014 0.54827699
 0.8352366  1.31064379 0.88017983 5.08529202 0.6259162  5.56390399]
 ||$hadfield_neuc_shape3_paramseed-10_sp-0213_p-18.txt$optimal function value: 44.55872038000001
optimal value: [0. 1. 0. 0. 0. 0. 1. 0. 1. 0. 0. 0. 0. 0. 0. 1.]
status: SUCCESS
 ||[2.79278752 3.69385554 1.81238261 1.29392364 3.55701654 5.17304755
 2.05241662 1.00081447 1.63667292 2.06056805 0.79266941 5.99590718
 3.12480884 0.28004906 2.71741856 3.78822516 1.21150124 1.75936151
 2.1196751  2.88990595 2.15521313 4.15968788 0.4229082  4.820609
 3.08687769 6.09302775 1.93041638 0.27834534 0.01403494 0.8396052
 2.95443074 1.90006199 1.14880056 5.64349127 0.98866664 3.45620218]
 ||$hadfield_euc_shape3_paramseed-10_sp-0213_p-18.txt$optimal function value: 32.53962615999998
optimal value: [0. 1. 0. 0. 0. 0. 1. 0. 1. 0. 0. 0. 0. 0. 0. 1.]
status: SUCCESS
 ||[1.56289992 2.69401276 1.81354283 1.29509104 3.5547375  5.17492308
 2.05285114 1.0068276  1.7286872  2.05944808 0.78548611 5.98685672
 3.13100751 0.28009239 2.70269724 3.78986372 1.19862325 1.78223522
 2.1205829  2.87021387 2.15486725 4.15849414 0.41795537 4.82457133
 3.08648822 6.09099431 1.92907537 0.27658119 0.01302048 0.84143677
 2.95645703 1.90305057 1.15036022 5.64371463 0.98813818 3.44872681]
 ||$hadfield_neuc_shape2_paramseed-11_sp-0213_p-18.txt$optimal function value: 65.76070403
optimal value: [0. 0. 1. 0. 0. 1. 0. 0. 1. 0. 0. 0. 0. 0. 0. 1.]
status: SUCCESS
 ||[1.15589037 3.50819864 2.50130045 2.94629512 1.61660694 3.71148566
 0.61251124 3.24165254 2.00128912 5.00848688 0.31565719 1.93653163
 0.30407866 5.11533561 2.19652471 0.27862552 3.11115902 6.09000299
 2.08731195 3.89878078 0.50338233 0.12490911 1.68272097 0.39872296
 0.61895166 1.53985884 0.10892233 2.92668117 1.40548606 5.30676054
 1.64752767 4.05066771 1.59510764 4.1912036  2.47133378 1.74645928]
 ||$hadfield_neuc_shape3_paramseed-11_sp-0213_p-18.txt$optimal function value: 44.55872038000001
optimal value: [0. 1. 0. 0. 1. 0. 0. 0. 0. 0. 1. 0. 0. 0. 0. 1.]
status: SUCCESS
 ||[2.6576079  3.5181567  3.90305969 2.92556258 1.59530082 3.6894919
 0.58201427 3.21716473 1.98057332 4.98262223 0.29731874 1.98291665
 0.28300425 5.08688079 2.18444388 0.2629991  3.08871995 6.06091477
 2.05296009 3.870677   0.48879765 0.09071693 1.66026086 0.37801071
 0.59702557 1.52066056 0.09473107 2.91584036 1.38678846 5.29297867
 1.62901345 4.02089558 1.56983315 4.16238987 1.43677488 1.74530129]
 ||$hadfield_euc_shape1_paramseed-11_sp-0213_p-18.txt$optimal function value: 48.13067508999998
optimal value: [0. 0. 1. 0. 1. 0. 0. 0. 0. 1. 0. 0. 0. 0. 0. 1.]
status: SUCCESS
 ||[1.41996164 3.51644492 2.90318923 2.9257925  1.59515644 3.85988806
 0.3958472  3.21536213 2.02732686 4.98137645 0.29320919 1.90596995
 0.2831491  6.08675176 2.17718702 1.26386927 2.96996142 6.06122997
 2.05404347 3.86739342 0.49436034 0.08497749 1.66038833 0.37565318
 0.5680918  1.51983807 0.09403928 2.91471742 1.38346678 5.29239578
 1.63119693 4.02271922 1.56993145 4.16927986 1.43348346 1.74709437]
 ||$hadfield_euc_shape2_paramseed-11_sp-0213_p-18.txt$optimal function value: 30.655645410000005
optimal value: [0. 0. 1. 0. 0. 1. 0. 0. 1. 0. 0. 0. 0. 0. 0. 1.]
status: SUCCESS
 ||[2.42114545 3.51676203 3.9036721  2.92564638 2.59559126 3.69002337
 0.58023479 3.21618227 1.97912109 4.98289826 0.29522142 1.90751793
 0.28391122 5.08727106 2.17838094 0.2639343  3.0857671  6.06237783
 2.05453015 3.8674822  0.49480775 0.09422113 1.65994638 0.37435419
 0.5972298  1.52045049 0.09492829 2.91422621 1.38209198 5.29266564
 1.63165204 4.023293   1.57034012 4.16211142 2.43587766 2.74781847]
 ||$hadfield_euc_shape3_paramseed-11_sp-0213_p-18.txt$optimal function value: 32.53962615999998
optimal value: [0. 1. 0. 0. 1. 0. 0. 0. 0. 0. 1. 0. 0. 0. 0. 1.]
status: SUCCESS
 ||[2.42087123 4.5623921  3.8601046  2.92710603 1.59393669 4.69114376
 1.57977218 3.22033503 1.97899144 4.97705945 0.28930855 1.90651214
 0.28769293 5.08713841 2.17794921 0.26065341 3.08466112 6.06151603
 2.05422602 3.86801911 0.49529241 0.09432664 1.65946473 1.37435613
 0.59722693 1.51979234 0.09495659 2.91502121 1.38340151 5.29337938
 2.63090564 5.02185621 1.5696559  4.161923   1.43615817 1.74666523]
 ||$hadfield_neuc_shape2_paramseed-12_sp-0213_p-18.txt$optimal function value: 65.76070403
optimal value: [0. 0. 1. 0. 0. 1. 0. 0. 1. 0. 0. 0. 0. 0. 0. 1.]
status: SUCCESS
 ||[2.49150375 4.13013068 2.09211464 0.89468163 0.03447039 1.86826766
 0.97614628 5.09324513 2.17016196 4.77866937 1.75328954 5.15537032
 0.45665489 3.7646126  0.50986717 5.69209661 0.18431961 5.14421031
 0.23443248 4.31556701 2.05863104 2.5421747  2.64626835 0.11629392
 0.18944215 5.74945349 1.59941623 0.57316491 3.10070631 5.94756617
 0.3525819  2.65867029 0.42265756 1.96411242 1.95375603 1.02751453]
 ||$hadfield_neuc_shape3_paramseed-12_sp-0213_p-18.txt$optimal function value: 44.55872038000001
optimal value: [0. 1. 0. 0. 0. 0. 1. 0. 1. 0. 0. 0. 0. 0. 0. 1.]
status: SUCCESS
 ||[2.49036431 5.13145949 2.09349654 0.89398155 0.03214216 2.35694549
 0.85576847 5.09388722 2.16716571 3.7796664  1.74231627 4.16157609
 0.45773565 2.76585389 0.51079405 5.69357533 0.18612148 5.14644559
 0.2345142  4.31832259 1.06016417 2.54249518 2.64743531 0.11878058
 0.19110812 5.74954372 1.59988567 0.57253574 3.10220827 5.9483541
 1.35355133 2.65990906 0.4245275  1.96498647 1.95160722 1.02646386]
 ||$hadfield_euc_shape1_paramseed-12_sp-0213_p-18.txt$optimal function value: 48.13067508999998
optimal value: [1. 0. 0. 0. 0. 0. 1. 0. 0. 1. 0. 0. 0. 0. 0. 1.]
status: SUCCESS
 ||[1.49326538 5.14449527 2.12134282 1.89458179 0.03319955 2.35323034
 0.86208123 5.08864597 2.16948335 3.77844886 1.75158956 4.15550163
 0.45648674 2.76462636 0.50784901 5.69236928 0.1841507  5.14451356
 0.23399965 4.3166954  1.05784545 2.54309749 2.64569532 0.11642702
 0.19042415 5.74916971 1.59828152 0.57155224 4.10187967 5.94856227
 0.35465305 2.65868109 0.42436737 1.96263034 1.95024715 1.02949928]
 ||$hadfield_euc_shape2_paramseed-12_sp-0213_p-18.txt$optimal function value: 30.655645410000005
optimal value: [0. 0. 1. 0. 0. 1. 0. 0. 1. 0. 0. 0. 0. 0. 0. 1.]
status: SUCCESS
 ||[1.49323847 5.12782167 2.09416804 0.89641027 0.03204329 2.35446011
 0.88052829 5.07139846 2.12628383 3.77539611 1.78048814 5.17978437
 0.45551072 2.76648737 0.5090644  5.69336542 0.17861782 5.14462469
 0.23646206 4.31277211 1.05842367 3.54479417 2.72711689 0.01907959
 0.1910763  5.74764058 1.60065057 0.57167533 3.10077255 5.94960271
 0.35481243 2.65829789 0.42201242 1.96618524 1.94821473 1.02872732]
 ||