$hadfield_neuc_shape3_paramseed-11_sp-0213_p-13.txt$optimal function value: 44.55872038000001
optimal value: [0. 1. 0. 0. 0. 0. 1. 0. 1. 0. 0. 0. 0. 0. 0. 1.]
status: SUCCESS
 ||[ 2.71193249e+00  3.51943923e+00  3.00522540e+00  2.78786944e+00
  1.56738619e+00  3.52008666e+00  6.35459201e-02  3.00404169e+00
  1.51013165e+00  4.68951175e+00 -9.74788418e-03  1.61172067e+00
  4.89934170e-03  5.02382102e+00  2.05414933e+00  6.52267485e-01
  3.38077812e+00  5.97890599e+00  1.88032840e+00  3.80510857e+00
  3.20334814e-01  3.14719211e-01  1.40998309e+00 -1.42915597e-02
  5.60736461e-01  1.72567526e+00]
 ||$hadfield_euc_shape1_paramseed-11_sp-0213_p-13.txt$optimal function value: 48.13067508999998
optimal value: [0. 0. 1. 0. 1. 0. 0. 0. 0. 1. 0. 0. 0. 0. 0. 1.]
status: SUCCESS
 ||[2.42333882 3.51520163 2.90303772 2.92447158 1.59302248 3.69330164
 0.582665   4.2149369  1.97414695 4.97853192 0.29478188 1.90583147
 0.28495839 5.08214243 2.18131215 0.26241175 3.08382922 7.06138069
 2.05608991 3.86596412 0.49571198 1.09396266 1.66076344 0.37483447
 0.59765719 2.52589963]
 ||$hadfield_euc_shape2_paramseed-11_sp-0213_p-13.txt$optimal function value: 30.655645410000005
optimal value: [0. 0. 1. 0. 0. 1. 0. 0. 1. 0. 0. 0. 0. 0. 0. 1.]
status: SUCCESS
 ||[2.42110465 4.51779855 2.99302896 2.83842488 1.59564362 3.69028447
 0.57893477 3.21748173 1.98014126 4.98485803 0.29589751 1.90612867
 0.28522734 5.08842036 2.1774279  0.26205732 3.08772516 6.06175591
 2.05081334 3.86789082 0.49292985 0.09415915 1.65905612 0.37398855
 0.59847313 1.51989621]
 ||$hadfield_euc_shape3_paramseed-11_sp-0213_p-13.txt$optimal function value: 32.53962615999998
optimal value: [0. 1. 0. 0. 0. 0. 1. 0. 1. 0. 0. 0. 0. 0. 0. 1.]
status: SUCCESS
 ||[2.42131362 4.51726265 2.9033938  2.99083502 1.48903425 3.69049281
 0.58030873 3.21663742 1.97864322 4.99289763 0.17181298 1.90626257
 0.28507565 5.08660638 2.17870893 0.26345779 3.08528238 6.0618252
 2.05409892 3.867556   0.49485789 0.0944206  1.66009408 0.37471434
 0.59795485 1.52022257]
 ||$hadfield_neuc_shape2_paramseed-12_sp-0213_p-13.txt$optimal function value: 65.76070403
optimal value: [0. 0. 1. 0. 0. 1. 0. 0. 1. 0. 0. 0. 0. 0. 0. 1.]
status: SUCCESS
 ||[1.49859973 4.13091644 2.09880917 1.89421578 0.03423259 2.35464948
 0.86124575 5.09259057 2.16758098 3.77706148 1.7499255  5.15556846
 1.45621745 2.76467957 0.50979005 5.69241975 0.18458809 5.14382655
 0.23454197 4.31598715 1.05873973 2.54195633 2.64642062 0.11701992
 0.19099775 5.74917405]
 ||$hadfield_neuc_shape3_paramseed-12_sp-0213_p-13.txt$optimal function value: 44.55872038000001
optimal value: [0. 1. 0. 0. 0. 0. 1. 0. 1. 0. 0. 0. 0. 0. 0. 1.]
status: SUCCESS
 ||[2.48971039 4.13233772 3.09440583 0.89640497 0.03333274 2.4173342
 0.61878078 6.09257492 2.16963522 3.77925625 1.75433246 4.1555679
 0.45685847 2.76553325 0.50932905 5.69251868 0.18447896 5.14436183
 0.2344956  4.31649914 1.05919434 2.54241178 2.64822722 0.11598946
 0.19100195 5.75084526]
 ||$hadfield_euc_shape1_paramseed-12_sp-0213_p-13.txt$optimal function value: 48.13067508999998
optimal value: [0. 0. 1. 0. 1. 0. 0. 0. 0. 1. 0. 0. 0. 0. 0. 1.]
status: SUCCESS
 ||[2.49012499 5.1296132  3.09340245 0.89667236 0.04117792 3.35317133
 0.86109875 5.092619   2.1208781  3.81801901 1.75917901 4.1435139
 1.45410164 2.76486211 1.50933354 5.69360497 0.18504174 5.1458366
 0.23492229 4.31678216 2.05879353 2.54116582 2.64638213 0.11762181
 0.18927699 6.75010589]
 ||$hadfield_euc_shape2_paramseed-12_sp-0213_p-13.txt$optimal function value: 30.655645410000005
optimal value: [0. 0. 1. 0. 0. 1. 0. 0. 1. 0. 0. 0. 0. 0. 0. 1.]
status: SUCCESS
 ||[2.48121749 5.12956941 2.09412612 0.89285601 0.1452488  2.28913896
 0.82861597 5.0791843  2.17222303 3.77423472 1.74830381 4.21179865
 0.35597086 2.76505451 0.50935927 5.69393919 0.18592832 5.14394696
 0.2321341  4.32027776 1.05634184 2.54070822 2.66085212 0.11800122
 0.19121171 5.74887898]
 ||$hadfield_euc_shape3_paramseed-12_sp-0213_p-13.txt$optimal function value: 34.11246652
optimal value: [0. 0. 1. 0. 0. 1. 0. 0. 1. 0. 0. 0. 0. 0. 0. 1.]
status: SUCCESS
 ||[2.48214356 4.13235275 2.08827239 0.89657949 0.04038836 2.36134406
 0.85743158 5.09051049 2.18405473 3.78282943 2.75024719 5.1535827
 1.46004081 2.76507781 0.50941056 5.69212453 0.18312659 6.26931329
 0.23485944 4.31555213 1.05871298 2.54097158 2.64617781 0.11792907
 0.18927431 5.75572717]
 ||$hadfield_neuc_shape3_paramseed-13_sp-0213_p-13.txt$optimal function value: 44.55872038000001
optimal value: [0. 1. 0. 0. 0. 0. 1. 0. 1. 0. 0. 0. 0. 0. 0. 1.]
status: SUCCESS
 ||[1.80417696 5.34274819 2.07904393 5.34014821 1.564666   1.45175179
 0.481867   1.41298185 2.25502854 0.81190306 2.76585934 1.27706832
 0.92525448 2.79090652 2.64231088 3.83610373 0.06929396 1.69046379
 0.50133865 5.40266302 2.55431199 5.07544581 3.62661701 4.69899314
 2.96461357 4.99917476]
 ||$hadfield_euc_shape1_paramseed-13_sp-0213_p-13.txt$optimal function value: 48.13067508999998
optimal value: [0. 0. 1. 0. 1. 0. 0. 0. 0. 1. 0. 0. 0. 0. 0. 1.]
status: SUCCESS
 ||[0.82392397 4.30784977 2.14914491 6.33453787 0.58233913 1.43067915
 0.44328169 1.38051079 2.3234944  0.77593547 1.64853869 1.59384816
 1.02753108 2.7111469  2.62567563 3.81830025 0.04406415 1.81599327
 0.45466562 5.47074268 2.54045727 5.06364906 2.5895542  4.58422922
 2.97744542 4.98112436]
 ||$hadfield_euc_shape2_paramseed-13_sp-0213_p-13.txt$optimal function value: 30.655645410000005
optimal value: [1. 0. 0. 0. 0. 1. 0. 0. 0. 0. 1. 0. 0. 0. 0. 1.]
status: SUCCESS
 ||[1.81447018 4.29004814 3.14121807 5.34288663 0.5839464  2.45254851
 0.4696086  1.39005335 2.33149287 0.81715553 1.66790823 1.33822498
 1.92540283 2.67389943 2.63088607 3.82311702 0.0453949  1.73085309
 0.46172149 5.47287533 2.54363707 5.06930287 2.59591089 4.6791257
 2.98312186 4.98623431]
 ||$hadfield_euc_shape3_paramseed-13_sp-0213_p-13.txt$optimal function value: 32.53962615999998
optimal value: [0. 1. 0. 0. 0. 0. 1. 0. 1. 0. 0. 0. 0. 0. 0. 1.]
status: SUCCESS
 ||[1.63793814 4.11087839 2.12074143 5.32652364 0.55506863 1.40360856
 1.4354646  1.36465771 2.29814443 0.73967611 1.68582052 1.27234353
 0.87354793 2.71256614 3.67602196 3.86725171 0.51645984 1.71713556
 0.45228637 5.4680348  2.5377996  5.04960503 2.57866704 5.68353766
 2.97905885 4.97930746]
 ||$hadfield_neuc_shape2_paramseed-14_sp-0213_p-13.txt$optimal function value: 65.76070403
optimal value: [0. 0. 1. 0. 0. 1. 0. 0. 1. 0. 0. 0. 0. 0. 0. 1.]
status: SUCCESS
 ||[1.33534935 4.41457699 2.05247883 6.90509076 1.85151455 1.60093471
 3.30801628 4.1383094  0.9516655  4.29951212 1.2459551  5.88452081
 0.37293858 1.40263429 3.83200521 3.24941684 0.81773849 5.05413953
 1.98389657 0.94029917 1.73192039 4.17132759 0.51975729 4.09563895
 0.38181888 3.12264339]
 ||$hadfield_neuc_shape3_paramseed-14_sp-0213_p-13.txt$optimal function value: 44.55872038000001
optimal value: [0. 1. 0. 0. 0. 0. 1. 0. 1. 0. 0. 0. 0. 0. 0. 1.]
status: SUCCESS
 ||[0.33496451 4.41704538 2.05025365 5.91487198 1.84569195 1.59518373
 2.30444551 4.14385689 1.12289192 5.47152149 1.24840138 4.88467582
 1.3727557  1.40353149 2.82945295 2.25118136 0.81750652 5.92855399
 1.9843396  0.93794018 1.72939413 4.17235143 0.51364796 4.09364418
 0.38024091 2.11670113]
 ||$hadfield_euc_shape1_paramseed-14_sp-0213_p-13.txt$optimal function value: 48.13067508999998
optimal value: [0. 0. 1. 0. 1. 0. 0. 0. 0. 1. 0. 0. 0. 0. 0. 1.]
status: SUCCESS
 ||[0.33384738 5.41878777 2.10618702 6.90779418 0.85389633 1.60509405
 3.30484478 4.13583814 0.95165435 4.297562   1.24645971 4.88458416
 0.37132728 1.40150353 2.836788   2.2422846  0.81448198 5.04402509
 3.0056067  0.9438804  1.71926678 4.16966308 0.51657197 4.09349722
 0.38597762 2.11468237]
 ||$hadfield_euc_shape2_paramseed-14_sp-0213_p-13.txt$optimal function value: 30.655645410000005
optimal value: [1. 0. 0. 0. 0. 1. 0. 0. 0. 0. 1. 0. 0. 0. 0. 1.]
status: SUCCESS
 ||[1.24004219 4.3607799  2.08104025 7.06960558 0.83802129 1.57015635
 2.41682149 4.13665981 1.3273893  5.08727504 1.24588313 5.89451778
 0.34152242 1.40748764 3.83803253 2.21682929 0.79254407 5.01982865
 1.94752413 0.90490935 1.70429261 4.12740051 0.46104024 4.05101295
 0.3603569  2.10470288]
 ||$hadfield_euc_shape3_paramseed-14_sp-0213_p-13.txt$optimal function value: 32.53962615999998
optimal value: [0. 1. 0. 0. 0. 0. 1. 0. 1. 0. 0. 0. 0. 0. 0. 1.]
status: SUCCESS
 ||[1.33311081 5.42107582 2.07173163 5.88998635 0.86645451 2.62708496
 2.30649988 4.09185777 0.95416496 4.30209643 2.20171131 5.8868743
 1.37635413 1.4049759  2.83071538 2.2509988  0.81957252 5.05481288
 1.98672333 0.93911789 1.73352277 4.17268255 0.5169544  5.0970734
 0.3868976  3.11649905]
 ||$hadfield_neuc_shape3_paramseed-15_sp-0213_p-13.txt$optimal function value: 44.55872038000001
optimal value: [0. 1. 0. 0. 0. 0. 1. 0. 1. 0. 0. 0. 0. 0. 0. 1.]
status: SUCCESS
 ||[4.03111953 0.07365949 3.40637998 0.99251742 3.09890033 0.10612247
 2.84618403 4.28105973 2.6934016  6.28204929 0.7531559  2.12269465
 2.22487597 1.76298309 0.82733523 1.43654218 2.69487844 5.49694004
 2.50334053 1.40389268 2.90531664 3.21305257 0.7271007  2.86239632
 1.31907769 0.4962667 ]
 ||$hadfield_euc_shape1_paramseed-15_sp-0213_p-13.txt$optimal function value: 48.13067508999998
optimal value: [1. 0. 0. 0. 0. 0. 1. 0. 0. 1. 0. 0. 0. 0. 0. 1.]
status: SUCCESS
 ||[3.09220095 0.11011    2.33896452 2.08494073 3.06040918 1.45076542
 2.75141265 4.25145367 4.03249799 6.42375881 0.91550833 2.12755611
 2.26343597 1.69350614 1.78103045 1.42529469 2.6683008  5.48193562
 2.49190838 1.35967269 2.87426385 3.2021598  0.68229113 2.82422657
 2.30269479 0.48440092]
 ||$hadfield_euc_shape2_paramseed-15_sp-0213_p-13.txt$optimal function value: 30.655645410000005
optimal value: [0. 0. 1. 0. 0. 1. 0. 0. 1. 0. 0. 0. 0. 0. 0. 1.]
status: SUCCESS
 ||[3.03547728 0.06462173 2.20286823 0.9669443  3.1129784  0.11482888
 2.79017774 4.2882836  2.68055393 6.291564   0.98570101 2.01616534
 2.20927868 1.75220357 1.81960803 1.43673188 2.69571666 5.49559085
 2.50658527 1.40437262 2.90614647 3.21339846 0.72737504 2.8633008
 1.319633   0.49688654]
 ||$hadfield_euc_shape3_paramseed-15_sp-0213_p-13.txt$optimal function value: 32.53962615999998
optimal value: [0. 1. 0. 0. 0. 0. 1. 0. 1. 0. 0. 0. 0. 0. 0. 1.]
status: SUCCESS
 ||[ 4.06523452 -0.10768898  2.28131061  0.86071507  3.14741391  0.10792409
  2.77292379  4.3560577   3.12390457  6.04209856  0.76210156  2.11885711
  2.22366342  1.77854316  0.83480797  1.44406503  2.70033412  6.514486
  2.48262624  1.37833621  2.88257339  3.17287608  0.72679933  2.86200194
  1.30222768  0.48460602]
 ||$hadfield_neuc_shape2_paramseed-16_sp-0213_p-13.txt$optimal function value: 65.76070403
optimal value: [0. 0. 1. 0. 0. 1. 0. 0. 1. 0. 0. 0. 0. 0. 0. 1.]
status: SUCCESS
 ||[2.1369645  3.01774034 1.30805819 2.8097266  2.28698937 4.13885083
 0.80519247 3.9938788  0.02181425 1.99379216 1.00662735 0.97096031
 2.23494949 1.94649696 2.47848387 6.00823786 0.7947264  5.61653052
 2.53943378 4.19405538 0.08548097 2.86778688 1.97182047 1.86092451
 0.70430882 1.94677884]
 ||$hadfield_neuc_shape3_paramseed-16_sp-0213_p-13.txt$optimal function value: 44.55872038000001
optimal value: [0. 1. 0. 0. 0. 0. 1. 0. 1. 0. 0. 0. 0. 0. 0. 1.]
status: SUCCESS
 ||[2.13861355 4.02204586 2.30761778 2.80720607 1.27585473 4.13109691
 0.84628691 3.86697754 0.03856568 1.89942021 1.05143669 0.89131599
 2.33291349 1.94859152 2.47817587 6.0105528  0.80071094 5.60339436
 2.54228948 4.17577091 0.09193829 2.84637935 1.96871587 1.86056828
 0.70308341 1.94615667]
 ||$hadfield_euc_shape1_paramseed-16_sp-0213_p-13.txt$optimal function value: 48.13067508999998
optimal value: [0. 0. 1. 0. 1. 0. 0. 0. 0. 1. 0. 0. 0. 0. 0. 1.]
status: SUCCESS
 ||[1.89084547 3.01758571 1.29457017 2.79601372 1.27842186 4.11869869
 0.80200501 3.97861859 0.02402888 1.87306672 0.94829682 0.89059819
 2.40787501 1.94857285 2.47281582 6.00098337 0.77120124 5.60322862
 2.5253076  4.1925227  0.07953711 2.86026898 1.96147257 1.85032479
 0.69809801 1.93455555]
 ||$hadfield_euc_shape2_paramseed-16_sp-0213_p-13.txt$optimal function value: 30.655645410000005
optimal value: [0. 0. 1. 0. 0. 1. 0. 0. 1. 0. 0. 0. 0. 0. 0. 1.]
status: SUCCESS
 ||[2.15620167 3.01916933 2.3098133  3.80032978 1.28144074 4.07437396
 0.81068684 4.00830828 0.01962931 1.87855893 1.05210146 0.89121653
 2.33361552 1.94909464 2.47956456 6.00762694 0.79546332 5.61445569
 2.53623338 4.19241184 0.08550263 2.86969641 1.96849962 1.86125003
 0.70440613 1.94552603]
 ||$hadfield_euc_shape3_paramseed-16_sp-0213_p-13.txt$optimal function value: 32.53962615999998
optimal value: [0. 1. 0. 0. 0. 0. 1. 0. 1. 0. 0. 0. 0. 0. 0. 1.]
status: SUCCESS
 ||[2.1355945  3.01906219 1.30988765 3.80702106 1.28638313 4.1324851
 0.81331337 3.98984682 0.03147262 1.92345878 0.93005938 0.89332003
 2.33407205 1.94847958 2.47964147 6.00815652 0.79634037 5.61459353
 2.53785733 4.19357239 0.08584092 2.86996163 1.96942007 1.86125639
 0.70486919 1.94634985]
 ||$hadfield_neuc_shape3_paramseed-17_sp-0213_p-13.txt$optimal function value: 44.55872038000001
optimal value: [0. 1. 0. 0. 0. 0. 1. 0. 1. 0. 0. 0. 0. 0. 0. 1.]
status: SUCCESS
 ||[1.63388946 5.05424262 3.01625252 1.81755357 2.41002599 5.42181786
 2.03726084 0.70576272 0.19242384 2.33648163 2.34955715 1.59295395
 1.56675517 1.99541481 2.65426275 5.9334256  1.25958449 6.27400991
 0.18818032 5.10220396 2.76671787 0.93821709 2.21835515 3.50905634
 3.0055516  1.32377506]
 ||$hadfield_euc_shape1_paramseed-17_sp-0213_p-13.txt$optimal function value: 48.13067508999998
optimal value: [0. 0. 1. 0. 1. 0. 0. 0. 0. 1. 0. 0. 0. 0. 0. 1.]
status: SUCCESS
 ||[1.64454499 5.07315526 4.01456352 1.81704029 2.41031736 4.4280054
 2.07554762 0.69253105 0.08403735 2.40992492 2.34597355 1.5846474
 1.57621827 1.98126059 3.67454748 6.95182436 1.27765703 6.27307781
 0.18999296 5.10232901 2.74791935 0.94846183 2.21498109 3.51324969
 3.99930504 1.33765131]
 ||$hadfield_euc_shape2_paramseed-17_sp-0213_p-13.txt$optimal function value: 30.655645410000005
optimal value: [0. 0. 1. 0. 0. 1. 0. 0. 1. 0. 0. 0. 0. 0. 0. 1.]
status: SUCCESS
 ||[2.64113826 5.07304508 3.01633974 2.33138932 3.4115801  4.42537543
 2.07851266 0.69425683 0.08978412 2.39495628 3.37064757 1.54519211
 1.53506197 1.95333996 2.64460516 5.90295165 1.22041579 6.23910686
 0.18923882 5.06242884 2.71611447 1.91264191 2.20974528 3.51125837
 3.00001713 1.31560798]
 ||$hadfield_euc_shape3_paramseed-17_sp-0213_p-13.txt$optimal function value: 32.53962615999998
optimal value: [0. 1. 0. 0. 1. 0. 0. 0. 0. 0. 1. 0. 0. 0. 0. 1.]
status: SUCCESS
 ||[1.63947227 6.06863799 3.01786226 1.82006151 2.405424   4.42488332
 2.0748352  0.69101036 0.08439991 2.41315896 2.34392792 1.58559861
 1.57592372 1.9945045  2.65930629 5.9395419  2.26128027 6.27309697
 0.19543096 5.10577829 2.74990664 0.94802462 2.21668956 3.51346007
 3.00072295 2.31843369]
 ||$hadfield_neuc_shape2_paramseed-18_sp-0213_p-13.txt$optimal function value: 65.76070403
optimal value: [0. 0. 1. 0. 0. 1. 0. 0. 1. 0. 0. 0. 0. 0. 0. 1.]
status: SUCCESS
 ||[1.52258183 5.15591718 1.02338828 1.29162385 1.53443883 3.10324172
 1.49500779 2.92151163 1.84096315 1.54412265 2.15427065 2.03599551
 2.11506148 4.94598537 3.72002607 5.96940279 0.7370113  1.49186624
 3.3090725  3.61547913 0.63319524 4.25629457 2.7424862  5.25082997
 0.67816817 1.87789025]
 ||$hadfield_neuc_shape3_paramseed-18_sp-0213_p-13.txt$optimal function value: 44.55872038000001
optimal value: [0. 1. 0. 0. 0. 0. 1. 0. 1. 0. 0. 0. 0. 0. 0. 1.]
status: SUCCESS
 ||[0.34808004 4.15556394 1.05188104 2.22876388 2.55253481 3.08749858
 1.52231894 2.87991918 1.83079145 1.59488109 2.28920412 2.04029103
 2.11976532 4.94515073 2.72023177 5.93161168 0.73785123 1.49104057
 2.30857838 3.61526658 0.63658143 4.2554531  2.74435039 5.25118845
 0.67903722 1.87826066]
 ||$hadfield_euc_shape1_paramseed-18_sp-0213_p-13.txt$optimal function value: 48.13067508999998
optimal value: [1. 0. 0. 0. 0. 0. 1. 0. 0. 1. 0. 0. 0. 0. 0. 1.]
status: SUCCESS
 ||[0.60229648 4.03743991 1.19322324 1.24417141 1.50731626 3.09145135
 1.50066754 2.88457022 0.83172065 1.68827398 2.06215204 2.0376993
 2.11805183 4.94505828 2.72216022 5.93017274 0.73524939 1.49116367
 2.30646908 3.61603897 0.6345242  4.25728536 2.74330569 5.24974692
 0.67765968 1.87857661]
 ||$hadfield_euc_shape2_paramseed-18_sp-0213_p-13.txt$optimal function value: 30.655645410000005
optimal value: [1. 0. 0. 0. 0. 1. 0. 0. 0. 0. 1. 0. 0. 0. 0. 1.]
status: SUCCESS
 ||[1.56376763 5.15194555 1.04607882 1.24446668 1.5287208  3.10768926
 1.51385264 2.88192623 0.82129178 1.59504311 2.17039288 2.04200961
 2.13130709 4.9464539  3.72148782 5.93246919 0.74040918 1.49041004
 2.30692124 3.61612873 0.63350491 4.25684043 2.74284663 5.37345238
 0.45913054 2.87582309]
 ||$hadfield_euc_shape3_paramseed-18_sp-0213_p-13.txt$optimal function value: 34.11246652
optimal value: [0. 0. 1. 0. 0. 1. 0. 0. 1. 0. 0. 0. 0. 0. 0. 1.]
status: SUCCESS
 ||[0.328617   5.15584538 1.05132575 1.2426005  1.53684339 3.1707824
 1.50531883 2.87986592 0.83119883 1.59448779 2.17627732 2.04024968
 2.11997605 4.94609915 2.72044272 5.93108838 0.73677699 1.49147875
 2.30862976 3.6161931  0.6340907  4.25744054 2.74335874 5.25135668
 0.67906237 1.87823723]
 ||$hadfield_neuc_shape3_paramseed-19_sp-0213_p-13.txt$optimal function value: 44.55872038000001
optimal value: [0. 1. 0. 0. 0. 0. 1. 0. 1. 0. 0. 0. 0. 0. 0. 1.]
status: SUCCESS
 ||[3.12786898 5.93109197 1.63354516 3.21152312 1.2338276  6.27938758
 0.8964948  0.93065125 0.82069976 1.61555947 1.03566293 1.68328315
 0.33817706 2.04507599 1.97723781 3.57717601 0.63323939 0.44527823
 0.63606409 3.40787449 1.22150914 4.60878521 2.5236774  2.60404147
 0.31391932 4.58853373]
 ||$hadfield_euc_shape1_paramseed-19_sp-0213_p-13.txt$optimal function value: 48.697738310000005
optimal value: [0. 0. 1. 0. 0. 1. 0. 0. 1. 0. 0. 0. 0. 0. 0. 1.]
status: SUCCESS
 ||[2.1314462  4.93832729 1.63431657 3.71204591 1.23132213 6.26210645
 0.90278137 0.96566055 0.81395966 1.63651436 1.02793631 2.65125739
 1.33257918 2.03276993 0.95484406 3.56509228 0.64712592 0.41204943
 0.65806579 3.40573017 1.22514223 4.60653474 2.5136541  2.59620145
 0.31015397 4.57731018]
 ||$hadfield_euc_shape2_paramseed-19_sp-0213_p-13.txt$optimal function value: 30.655645410000005
optimal value: [0. 0. 1. 0. 0. 1. 0. 0. 1. 0. 0. 0. 0. 0. 0. 1.]
status: SUCCESS
 ||[3.12600099 5.93331599 1.63637157 3.20964734 1.24124052 6.26280378
 1.90692399 0.9302801  0.81883024 1.6396658  2.02617544 2.68520073
 0.33760769 2.0453686  1.9778466  3.5739656  0.63686292 0.44292563
 0.63549814 3.4069128  1.21839636 4.60911802 2.52118339 2.60373587
 0.31212791 4.57376973]
 ||$hadfield_euc_shape3_paramseed-19_sp-0213_p-13.txt$optimal function value: 32.53962615999998
optimal value: [0. 1. 0. 0. 0. 0. 1. 0. 1. 0. 0. 0. 0. 0. 0. 1.]
status: SUCCESS
 ||[3.09073328 4.9200179  2.64700628 3.24287334 2.22641004 6.24617407
 0.92199959 0.9361784  0.81444848 1.63085879 1.08257993 1.68549941
 0.3300718  2.04531481 0.98189576 3.5705268  1.63630409 0.44342099
 0.88838197 3.40307502 1.2164291  4.60368929 2.52292633 2.60351292
 0.30976419 4.57130597]
 ||$hadfield_neuc_shape2_paramseed-20_sp-0213_p-13.txt$optimal function value: 65.76070403
optimal value: [0. 0. 1. 0. 0. 1. 0. 0. 1. 0. 0. 0. 0. 0. 0. 1.]
status: SUCCESS
 ||[2.91621944 4.1922522  2.35207819 5.7516845  1.08412725 5.44015859
 3.22337131 6.37993193 2.80214072 1.01643313 1.27953765 6.23269755
 1.33003567 2.00515974 3.98580569 2.82358217 0.60760552 1.98726186
 2.81115287 2.07380248 1.31501709 3.9215369  2.51910124 4.09246848
 0.22869463 3.57784443]
 ||$hadfield_neuc_shape3_paramseed-20_sp-0213_p-13.txt$optimal function value: 44.55872038000001
optimal value: [0. 1. 0. 0. 0. 0. 1. 0. 1. 0. 0. 0. 0. 0. 0. 1.]
status: SUCCESS
 ||[2.8458029  5.31239473 2.40729126 5.68439053 0.81552111 3.99467822
 2.84411443 5.48073233 1.80121687 1.06101162 2.29563924 6.24474178
 0.32466561 2.00625394 2.98409648 2.82149999 0.65549952 1.99190667
 2.85360757 2.10857852 1.34288206 3.94261517 2.53112764 3.09218988
 0.25516851 3.60178153]
 ||$hadfield_euc_shape1_paramseed-20_sp-0213_p-13.txt$optimal function value: 48.13067508999998
optimal value: [0. 0. 1. 0. 1. 0. 0. 0. 0. 1. 0. 0. 0. 0. 0. 1.]
status: SUCCESS
 ||[3.88299721 4.35123228 2.61215323 6.91020223 0.74550661 3.95399893
 2.85000635 5.64903144 1.67372052 2.08325247 0.99679396 6.21135699
 0.3741399  1.94894257 2.95098753 2.92428763 0.61806163 2.05040686
 2.96911794 1.95207165 1.33331205 3.9387492  2.53124025 3.0762402
 0.25794782 3.59846224]
 ||$hadfield_euc_shape2_paramseed-20_sp-0213_p-13.txt$optimal function value: 30.655645410000005
optimal value: [0. 0. 1. 0. 0. 1. 0. 0. 1. 0. 0. 0. 0. 0. 0. 1.]
status: SUCCESS
 ||[2.84662891 4.30965704 2.41074099 5.68531183 0.81534588 4.99439565
 2.84293117 5.47913641 1.79867754 1.06445833 1.29253579 6.24397408
 0.3246993  2.00737248 2.98468452 2.82472381 0.65634034 1.990416
 2.85561391 2.10906483 1.34353816 3.94426173 2.52848573 3.09166185
 0.25884358 3.60418487]
 ||$hadfield_euc_shape3_paramseed-20_sp-0213_p-13.txt$optimal function value: 32.53962615999998
optimal value: [0. 1. 0. 0. 1. 0. 0. 0. 0. 0. 1. 0. 0. 0. 0. 1.]
status: SUCCESS
 ||[2.84520217 5.31215863 3.40724403 5.67663784 1.81596717 3.9962745
 2.84220126 5.47909024 2.7995823  1.06846876 1.29270975 6.24449981
 0.32050977 2.00523236 2.98422063 2.82356514 1.65527294 1.99078011
 2.85470546 2.10810634 1.34303596 3.94321442 2.53121578 4.09258016
 0.25461323 3.60053178]
 ||$hadfield_neuc_shape3_paramseed-1_sp-0213_p-14.txt$optimal function value: 44.55872038000001
optimal value: [0. 1. 0. 0. 0. 0. 1. 0. 1. 0. 0. 0. 0. 0. 0. 1.]
status: SUCCESS
 ||[0.33861284 5.26817931 2.30107584 1.5377175  1.4786858  2.73928178
 1.98325575 4.92127874 0.23622946 0.08396225 2.59064163 2.56915934
 2.40656468 0.40986799 1.33442652 4.45895633 1.60776427 5.93270517
 2.82998798 0.2331007  0.00746573 3.47253205 3.92404327 2.44886793
 0.68245342 3.6526787  0.08749252 1.39639205]
 ||$hadfield_euc_shape3_paramseed-1_sp-0213_p-14.txt$optimal function value: 32.53962615999998
optimal value: [0. 1. 0. 0. 0. 0. 1. 0. 1. 0. 0. 0. 0. 0. 0. 1.]
status: SUCCESS
 ||[ 1.4088728   5.33479936  2.40417705  1.58971017  2.75357537  3.81142473
  2.09940027  5.94940823  0.28013087  0.28392421  2.6368773   2.71141846
  2.41669809 -0.00843844  1.3959403   4.48712587  0.501701    5.98137505
  2.85703755  0.1717971   0.11959404  4.43462331  2.95967881  2.39679167
  0.68872179  2.64691947  1.07239679  1.38519431]
 ||$hadfield_euc_shape3_paramseed-2_sp-0213_p-14.txt$optimal function value: 32.53962615999998
optimal value: [0. 1. 0. 0. 0. 0. 1. 0. 1. 0. 0. 0. 0. 0. 0. 1.]
status: SUCCESS
 ||[2.9958226  5.95838966 0.17365567 0.53301509 2.61601638 4.62256945
 2.10519628 1.92761337 1.90078263 3.82515651 1.83669126 0.98425336
 1.34377015 3.46194854 2.27135439 6.24083201 2.97352616 3.41496377
 1.38803108 1.6685741  0.14659641 0.20732258 1.458927   1.99384443
 1.18498856 5.59792115 1.64292632 3.51607599]
 ||$hadfield_euc_shape3_paramseed-3_sp-0213_p-14.txt$optimal function value: 32.53962615999998
optimal value: [0. 1. 0. 0. 1. 0. 0. 0. 0. 0. 1. 0. 0. 0. 0. 1.]
status: SUCCESS
 ||[1.74648263 3.41995012 1.16185043 4.80177887 1.97048327 0.40259375
 0.03232075 5.27098074 0.85396079 1.51843687 3.11376271 2.95912384
 2.61360238 2.99950128 1.99360754 0.95040545 1.99720694 5.44763268
 1.65285469 4.66119699 1.90371131 0.49011818 3.4772838  3.70812001
 1.05735513 0.21682261 2.70236436 2.96646984]
 ||$hadfield_neuc_shape3_paramseed-4_sp-0213_p-14.txt$optimal function value: 44.55872038000001
optimal value: [0. 1. 0. 0. 0. 0. 1. 0. 1. 0. 0. 0. 0. 0. 0. 1.]
status: SUCCESS
 ||[0.74159498 1.64819724 1.24426176 0.97387404 0.20875605 2.52318315
 2.88415635 5.02869668 2.40342147 1.39433496 1.68581256 1.73877062
 1.54220306 0.66691013 0.67363672 6.82718852 2.60362105 5.06794045
 2.51437392 1.21515949 0.97379501 3.93850129 2.29934137 5.37029242
 2.76563519 0.54424557 1.90309966 4.22002441]
 ||$hadfield_euc_shape3_paramseed-4_sp-0213_p-14.txt$optimal function value: 32.53962615999998
optimal value: [0. 1. 0. 0. 0. 0. 1. 0. 1. 0. 0. 0. 0. 0. 0. 1.]
status: SUCCESS
 ||[1.73906136 0.65263414 1.19120117 0.99007091 0.23065025 2.50866438
 2.89326944 5.03035873 3.40779512 1.39835235 1.68279177 1.97554278
 0.42146472 0.66969614 0.67250754 6.82600664 2.60271717 5.06753518
 2.51427741 1.21640917 0.97572893 3.93670401 2.30063893 5.36915282
 2.76515769 0.54462332 1.9032891  4.21995477]
 ||$hadfield_neuc_shape3_paramseed-5_sp-0213_p-14.txt$optimal function value: 44.55872038000001
optimal value: [0. 1. 0. 0. 0. 0. 1. 0. 1. 0. 0. 0. 0. 0. 0. 1.]
status: SUCCESS
 ||[1.9317924  4.63489917 2.51315481 6.92020542 2.35312593 5.80117498
 0.10603732 2.93677366 2.97535949 4.07811329 2.84445976 0.72308292
 2.48366768 1.55097128 1.71110934 3.60634815 1.0389086  1.36439499
 0.8874028  5.77403171 2.41754728 1.01961216 2.52242804 0.88891912
 1.96181948 0.80777616 0.01402161 6.47198055]
 ||$hadfield_euc_shape3_paramseed-5_sp-0213_p-14.txt$optimal function value: 32.53962615999998
optimal value: [0. 1. 0. 0. 0. 0. 1. 0. 1. 0. 0. 0. 0. 0. 0. 1.]
status: SUCCESS
 ||[2.95711471e+00 5.66138821e+00 3.49869445e+00 5.92318862e+00
 2.32588501e+00 5.79447358e+00 9.08977236e-02 2.92528772e+00
 2.96241873e+00 5.07781521e+00 2.82802443e+00 7.10469899e-01
 2.47364016e+00 1.55117554e+00 1.70909522e+00 4.60551820e+00
 4.08653829e-02 1.36248263e+00 8.77638340e-01 6.75831468e+00
 2.40524662e+00 1.00271637e+00 2.50531431e+00 8.71045589e-01
 1.94021781e+00 1.79651918e+00 5.32758556e-03 6.60014629e+00]
 ||$hadfield_euc_shape3_paramseed-6_sp-0213_p-14.txt$optimal function value: 32.53962615999998
optimal value: [0. 1. 0. 0. 0. 0. 1. 0. 1. 0. 0. 0. 0. 0. 0. 1.]
status: SUCCESS
 ||[2.4802083  6.16558565 1.52136592 1.65071925 1.00112662 4.16105404
 1.47606406 4.77427842 1.17572855 5.83092449 0.85939627 5.03169741
 2.29294404 2.59920213 1.68760544 4.28423191 0.60581084 3.48013474
 2.52731588 1.67030784 2.52607871 4.30768532 2.65315908 2.10600967
 1.29439266 6.02759085 2.53062114 2.7960626 ]
 ||$hadfield_neuc_shape3_paramseed-7_sp-0213_p-14.txt$optimal function value: 44.55872038000001
optimal value: [0. 1. 0. 0. 0. 0. 1. 0. 1. 0. 0. 0. 0. 0. 0. 1.]
status: SUCCESS
 ||[0.99035874 0.92891174 2.06154487 0.44935297 2.64421247 2.3241861
 0.14079734 3.18678362 0.11795056 2.73080361 0.21707452 0.65828367
 1.34939573 5.13854091 0.39641725 2.41842523 1.9538108  6.23350195
 2.82656696 2.48345513 3.04979772 0.30254243 2.68533081 1.83828172
 0.43392059 0.73850647 0.95444687 5.11623593]
 ||$hadfield_euc_shape3_paramseed-7_sp-0213_p-14.txt$optimal function value: 32.53962615999998
optimal value: [0. 1. 0. 0. 0. 0. 1. 0. 1. 0. 0. 0. 0. 0. 0. 1.]
status: SUCCESS
 ||[1.04793863 1.90764957 2.08577519 1.46889074 1.63673636 3.30694151
 0.18751079 3.24076455 0.15493321 2.72307106 0.20780831 0.56377407
 1.3278914  5.20438779 0.38529765 1.39824823 1.96539513 5.95405794
 1.81745182 2.52927043 3.0843731  0.33305496 2.70695254 1.81413287
 0.69157749 0.72513171 0.94425609 5.11697459]
 ||$hadfield_neuc_shape3_paramseed-8_sp-0213_p-14.txt$optimal function value: 44.55872038000001
optimal value: [0. 1. 0. 0. 0. 0. 1. 0. 1. 0. 0. 0. 0. 0. 0. 1.]
status: SUCCESS
 ||[1.70581604 6.01572317 0.4201897  5.40271283 0.26428287 1.57319882
 3.12474254 1.33671407 1.95193934 3.07555932 1.42375556 3.0782687
 0.58192138 5.19125497 0.26234656 1.49701599 0.02574923 1.70093286
 1.25361632 5.70571541 1.40060054 0.524464   0.82057762 6.23584939
 0.16730798 4.87189833 1.17796226 4.1658085 ]
 ||$hadfield_euc_shape3_paramseed-8_sp-0213_p-14.txt$optimal function value: 32.53962615999998
optimal value: [0. 1. 0. 0. 1. 0. 0. 0. 0. 0. 1. 0. 0. 0. 0. 1.]
status: SUCCESS
 ||[1.71162423 7.04661393 0.39642735 4.42888192 0.26845837 1.55450511
 3.13988758 1.31660794 2.01700639 2.88547286 1.42425404 3.11122492
 0.60419259 5.2187445  0.28194349 1.4715654  0.06084536 1.67737273
 2.28334902 5.66735215 1.19027721 0.71446904 0.8115416  6.23031152
 0.19807383 3.89633062 1.18524128 4.15259626]
 ||$hadfield_neuc_shape3_paramseed-9_sp-0213_p-14.txt$optimal function value: 44.55872038000001
optimal value: [0. 1. 0. 0. 0. 0. 1. 0. 1. 0. 0. 0. 0. 0. 0. 1.]
status: SUCCESS
 ||[2.44959359 2.39687639 0.42698665 5.44707031 0.00690598 3.14545815
 2.83305605 0.49296156 2.73608794 3.9133936  0.124395   2.27610793
 2.20783144 2.84255154 2.27622989 0.98790581 0.7474257  0.69764446
 1.59132426 5.80447369 1.85342975 4.86658016 1.20496782 4.68850224
 0.31863483 1.82981609 2.11820846 4.5606064 ]
 ||$hadfield_euc_shape3_paramseed-9_sp-0213_p-14.txt$optimal function value: 32.53962615999998
optimal value: [0. 1. 0. 0. 0. 0. 1. 0. 1. 0. 0. 0. 0. 0. 0. 1.]
status: SUCCESS
 ||[2.41246409 2.11956317 0.50771263 6.44493689 0.11985311 3.09676747
 2.82199971 0.50972764 1.74455504 3.87403158 1.13401267 2.3788272
 2.21219611 2.84344418 2.28093916 0.98840581 0.74905961 0.69687134
 1.59102439 5.80604527 1.85316452 4.86561329 1.20559762 4.69022404
 0.31809236 1.83037858 2.1187057  4.55969791]
 ||$hadfield_neuc_shape3_paramseed-10_sp-0213_p-14.txt$optimal function value: 44.55872038000001
optimal value: [0. 1. 0. 0. 0. 0. 1. 0. 1. 0. 0. 0. 0. 0. 0. 1.]
status: SUCCESS
 ||[1.79417134 3.69480977 2.81605988 1.29530819 2.55493316 5.17456334
 2.05252803 1.00694613 1.63607289 2.05940257 0.78486834 5.9872763
 3.12996133 0.2802246  2.70162597 4.79046372 1.19829207 1.78243206
 2.12071608 2.86991321 2.1549242  4.15899662 0.41811231 4.8243685
 3.08644035 7.09068288 1.92751759 0.28002685]
 ||$hadfield_euc_shape3_paramseed-10_sp-0213_p-14.txt$optimal function value: 32.53962615999998
optimal value: [0. 1. 0. 0. 0. 0. 1. 0. 1. 0. 0. 0. 0. 0. 0. 1.]
status: SUCCESS
 ||[2.8142002  3.65080042 2.21223877 1.58735952 2.52936374 5.1637941
 2.04364786 0.99910248 1.63171929 2.04427025 0.77241777 5.97674011
 4.13240422 0.26776667 2.70223129 3.78398223 1.18816375 1.76867286
 2.10989498 2.86389475 2.13137846 4.14867314 0.39454341 4.80639536
 3.05878286 6.08177019 1.92578164 1.27943041]
 ||$hadfield_neuc_shape3_paramseed-11_sp-0213_p-14.txt$optimal function value: 44.55872038000001
optimal value: [0. 1. 0. 0. 1. 0. 0. 0. 0. 0. 1. 0. 0. 0. 0. 1.]
status: SUCCESS
 ||[2.42215111 3.5186046  3.90052221 2.92696681 1.6059251  3.69249875
 0.58798363 3.22276691 2.98821147 4.97917952 0.29861433 1.90772572
 1.27215524 5.07787365 2.17621848 0.26281872 3.08327908 6.06172132
 2.05266499 3.86752898 0.49386896 0.09412378 1.66064889 0.37305241
 0.59841695 1.51980608 0.09747108 2.9142583 ]
 ||$hadfield_euc_shape1_paramseed-11_sp-0213_p-14.txt$optimal function value: 48.13067508999998
optimal value: [1. 0. 0. 0. 0. 0. 1. 0. 0. 1. 0. 0. 0. 0. 0. 1.]
status: SUCCESS
 ||[2.42374156 4.54379251 2.91617333 3.89621224 1.57381369 5.1487859
 0.54932113 3.40114807 2.00152322 5.00410087 0.30831392 1.93014667
 0.27008037 5.11120393 2.19543751 0.27439945 3.05724486 6.06843568
 2.06267372 3.88167635 0.50639198 0.11562399 1.68135264 1.38938525
 1.59904515 1.50837428 1.09574742 2.90093491]
 ||$hadfield_euc_shape2_paramseed-11_sp-0213_p-14.txt$optimal function value: 30.655645410000005
optimal value: [0. 0. 1. 0. 0. 1. 0. 0. 1. 0. 0. 0. 0. 0. 0. 1.]
status: SUCCESS
 ||[ 1.55350696  4.65762979  2.69139622  2.91622237  1.54789606  3.36031041
  0.21961407  2.89170109  1.58817262  4.6956319   0.17152067  1.52867861
 -0.24421157  4.71818778  2.22313608 -0.01060152  2.74729857  5.93177976
  1.52362326  3.60457144  0.30686845 -0.14745527  1.60893188  1.05690484
  0.33243045  1.42792352 -0.12159118  2.55356556]
 ||$hadfield_euc_shape3_paramseed-11_sp-0213_p-14.txt$optimal function value: 32.53962615999998
optimal value: [0. 1. 0. 0. 0. 0. 1. 0. 1. 0. 0. 0. 0. 0. 0. 1.]
status: SUCCESS
 ||[1.46092502 3.60588698 2.87884596 2.91291664 1.51299477 4.69284385
 0.55451751 3.1517051  1.93246393 5.03592481 0.23213135 1.89192961
 1.34230897 4.99167091 2.17882123 0.23354912 2.99402924 5.94213006
 2.03044311 4.86585849 0.46928005 0.03680238 1.69859852 1.40480277
 0.5373386  1.39512228 0.00752186 2.89177887]
 ||$hadfield_neuc_shape2_paramseed-12_sp-0213_p-14.txt$optimal function value: 84.11755562999997
optimal value: [0. 1. 0. 0. 0. 0. 1. 0. 1. 0. 0. 0. 0. 0. 0. 1.]
status: SUCCESS
 ||[1.50748621 5.15266038 2.09398433 0.93428229 0.03031393 2.35913593
 0.85336436 5.11871519 2.17401545 3.78477339 1.80774407 4.43596101
 0.34964267 2.78641029 0.22219668 5.61652234 0.54920143 5.06728899
 0.15509023 4.24133279 0.98784646 3.46622357 2.62218922 0.11081386
 0.16074647 5.72608468 1.54846569 0.58163765]
 ||$hadfield_neuc_shape3_paramseed-12_sp-0213_p-14.txt$optimal function value: 44.55872038000001
optimal value: [0. 1. 0. 0. 0. 0. 1. 0. 1. 0. 0. 0. 0. 0. 0. 1.]
status: SUCCESS
 ||[2.49178511 5.12867461 3.09337019 0.89500197 0.03338539 2.35553108
 0.86162879 5.08892635 3.172523   3.95228726 1.57535871 4.15115315
 1.45722058 2.76551524 0.51001218 5.69331498 0.18500913 5.14515973
 0.23549348 4.31650311 1.05892128 2.54226359 2.6467502  0.11730537
 0.19134548 5.7490603  1.59886607 0.57106619]
 ||$hadfield_euc_shape1_paramseed-12_sp-0213_p-14.txt$optimal function value: 48.13067508999998
optimal value: [1. 0. 0. 0. 0. 0. 1. 0. 0. 1. 0. 0. 0. 0. 0. 1.]
status: SUCCESS
 ||[1.48910446 4.13224389 2.09372279 0.89878672 0.03121609 2.3571308
 0.858385   5.09140148 2.17057681 3.77948975 1.75450801 4.15243203
 0.462358   2.76413256 0.51008984 6.69228832 0.1862951  5.14533461
 1.23324482 4.31568228 1.05798342 2.54223016 2.64690301 0.11540876
 0.19138596 5.74949013 2.59825048 0.57244793]
 ||$hadfield_euc_shape2_paramseed-12_sp-0213_p-14.txt$optimal function value: 30.655645410000005
optimal value: [1. 0. 0. 0. 0. 1. 0. 0. 0. 0. 1. 0. 0. 0. 0. 1.]
status: SUCCESS
 ||[2.49116623 5.13194469 2.09520958 0.90264737 1.05968647 2.37276534
 0.85534949 5.09263609 3.17291901 3.77524167 1.75395026 4.15708369
 0.45702308 2.76642793 0.50854382 5.66313151 0.19124945 5.13866003
 0.23504708 4.3164557  1.05958865 2.54300485 2.6436011  0.11935404
 0.19117937 5.74883423 1.60044418 0.5693585 ]
 ||$hadfield_euc_shape3_paramseed-12_sp-0213_p-14.txt$optimal function value: 32.53962615999998
optimal value: [0. 1. 0. 0. 0. 0. 1. 0. 1. 0. 0. 0. 0. 0. 0. 1.]
status: SUCCESS
 ||[1.46619543 5.05466037 2.03714323 0.86237581 0.03059178 2.70321183
 1.2759918  6.10368611 2.14183469 3.74702754 1.72496835 5.15554095
 0.45045542 2.76417268 0.511498   5.69114297 0.16426468 5.1241266
 0.23133662 4.31192589 1.04884385 2.53437987 2.62759989 0.09419263
 0.20636532 5.72872705 1.56902419 0.5645428 ]
 ||$hadfield_neuc_shape3_paramseed-13_sp-0213_p-14.txt$optimal function value: 44.55872038000001
optimal value: [0. 1. 0. 0. 0. 0. 1. 0. 1. 0. 0. 0. 0. 0. 0. 1.]
status: SUCCESS
 ||[ 1.51238574  4.57543735  3.06456862  6.34838808  0.5053518   1.40612841
  1.41057886  1.38133022  2.24192325  0.8162527   1.60546416  2.36131496
  0.88399543  2.66919457  2.63167718  3.80525121 -0.03554955  1.61124341
  0.30373362  5.39655642  2.44352201  4.9282922   2.54212718  4.67320749
  2.97851369  6.00604479  0.77636911  6.34792316]
 ||$hadfield_euc_shape1_paramseed-13_sp-0213_p-14.txt$optimal function value: 48.13067508999998
optimal value: [0. 0. 1. 0. 1. 0. 0. 0. 0. 1. 0. 0. 0. 0. 0. 1.]
status: SUCCESS
 ||[ 1.90626621  4.2762764   2.14328718  5.30542503  1.68383882  1.35695271
  0.35639322  1.32906785  2.13147093  0.79020268  1.4739068   1.23296274
  0.81387271  2.68509897  2.63159897  3.79712338 -0.07360771  1.6782587
  0.34735783  5.35966487  2.49119774  4.93860811  2.5422879   4.62294726
  2.85540523  4.865834    0.72992056  5.29156126]
 ||$hadfield_euc_shape2_paramseed-13_sp-0213_p-14.txt$optimal function value: 30.655645410000005
optimal value: [0. 0. 1. 0. 0. 1. 0. 0. 1. 0. 0. 0. 0. 0. 0. 1.]
status: SUCCESS
 ||[0.84029347 4.15150492 2.1506272  5.38775979 0.43846542 1.44992616
 0.46619445 1.42426483 2.29825792 0.82115897 1.67114611 1.34696574
 0.92933043 2.68225816 2.63157062 3.82311729 0.04576213 1.73297053
 0.46077272 5.47415771 2.54377207 5.0643826  2.59595532 4.6792936
 2.9823569  4.9872733  0.80594606 5.34040936]
 ||$hadfield_euc_shape3_paramseed-13_sp-0213_p-14.txt$optimal function value: 32.53962615999998
optimal value: [0. 1. 0. 0. 0. 0. 1. 0. 1. 0. 0. 0. 0. 0. 0. 1.]
status: SUCCESS
 ||[1.80791841 5.30643771 2.14755317 6.33518269 0.58260513 1.4527846
 0.45397309 1.42329346 2.30884373 0.81777409 1.66968149 1.3366437
 0.93158852 2.71811614 2.62489952 3.82155612 0.04564977 1.7315013
 0.46175449 5.47345771 3.54494088 5.06306683 2.59833169 4.67799454
 2.98207533 4.98363325 0.80843195 6.33600664]
 ||$hadfield_neuc_shape2_paramseed-14_sp-0213_p-14.txt$optimal function value: 65.76070403
optimal value: [0. 0. 1. 0. 0. 1. 0. 0. 1. 0. 0. 0. 0. 0. 0. 1.]
status: SUCCESS
 ||[1.34379807 5.41293807 2.04747685 5.90463077 0.84721125 1.60873286
 2.31932748 4.14238539 0.95142198 4.30332257 1.25056175 4.88208943
 0.37556321 1.40668571 2.83170595 3.24718105 0.81798025 5.05540937
 1.9828871  0.93876685 1.73187189 4.17217786 0.5173596  4.09797395
 0.3876998  2.12080257 1.2617307  1.1577616 ]
 ||$hadfield_neuc_shape3_paramseed-14_sp-0213_p-14.txt$optimal function value: 44.55872038000001
optimal value: [0. 1. 0. 0. 0. 0. 1. 0. 1. 0. 0. 0. 0. 0. 0. 1.]
status: SUCCESS
 ||[1.3341763  4.40382602 2.0613875  5.91530827 1.87724838 1.60653455
 3.4275017  4.14199499 0.95299404 4.31044832 1.23249948 4.91068713
 0.46935219 1.28810665 2.83299263 2.24913723 0.81840225 5.05371999
 1.98530861 0.94211542 1.73237322 4.17237086 0.51797529 4.09459472
 0.38598733 2.11776092 0.26238151 1.28659729]
 ||$hadfield_euc_shape1_paramseed-14_sp-0213_p-14.txt$optimal function value: 48.13067508999998
optimal value: [0. 0. 1. 0. 1. 0. 0. 0. 0. 1. 0. 0. 0. 0. 0. 1.]
status: SUCCESS
 ||[0.33536998 4.41388015 2.0472578  5.90945139 0.85041384 1.60673623
 3.30541149 4.13429746 0.95195677 4.29664844 1.24998239 5.89086973
 0.37209084 1.40000286 2.83205312 2.24538899 0.8161747  5.05213187
 1.98383932 0.94058808 1.73094996 4.17171539 0.51856637 4.09456644
 0.387125   2.11638142 0.2609356  1.28296898]
 ||$hadfield_euc_shape2_paramseed-14_sp-0213_p-14.txt$optimal function value: 30.655645410000005
optimal value: [0. 0. 1. 0. 0. 1. 0. 0. 1. 0. 0. 0. 0. 0. 0. 1.]
status: SUCCESS
 ||[1.45709225 4.41681474 3.05329241 5.91143309 0.85567321 1.60089572
 2.30654415 5.14593671 0.9482753  5.28776912 1.25192082 4.88652101
 0.37248491 1.39254963 2.83203695 3.25764111 0.81488326 5.04260036
 1.97250548 0.94235627 1.72449861 4.16555171 0.53101229 4.07227951
 0.40250931 2.12072235 0.24904055 1.27324861]
 ||$hadfield_euc_shape3_paramseed-14_sp-0213_p-14.txt$optimal function value: 32.53962615999998
optimal value: [0. 1. 0. 0. 0. 0. 1. 0. 1. 0. 0. 0. 0. 0. 0. 1.]
status: SUCCESS
 ||[0.37501594 5.47874535 2.05194276 5.80442653 1.84989993 1.73931852
 2.70154899 4.97767657 0.94938709 4.2424683  1.3832394  4.69567722
 0.67337189 1.12761798 2.93729864 2.17457634 0.81689231 5.01945336
 1.91587785 0.97638296 1.7478468  4.13263597 0.36978406 4.07635337
 0.37607839 2.11763617 0.33889346 2.36339527]
 ||$hadfield_neuc_shape3_paramseed-15_sp-0213_p-14.txt$optimal function value: 44.55872038000001
optimal value: [0. 1. 0. 0. 0. 0. 1. 0. 1. 0. 0. 0. 0. 0. 0. 1.]
status: SUCCESS
 ||[3.03138486 0.07150492 2.32236561 1.00743253 3.08723638 0.08579647
 2.76246521 4.28015864 2.69240025 6.28239764 0.74875924 2.12297386
 2.22374349 1.7623068  0.82674774 1.43583739 2.69242904 5.49402604
 2.50802373 1.40593043 2.90118845 3.21053382 0.72516076 2.86332719
 1.31863429 0.49639458 1.77327052 2.26225264]
 ||$hadfield_euc_shape1_paramseed-15_sp-0213_p-14.txt$optimal function value: 48.13067508999998
optimal value: [0. 0. 1. 0. 1. 0. 0. 0. 0. 1. 0. 0. 0. 0. 0. 1.]
status: SUCCESS
 ||[3.0324303  0.073616   2.31212868 0.99270871 3.09850444 1.10595457
 2.76307905 4.28178058 2.69470554 6.28184402 0.75182634 2.12439647
 2.22500503 1.76287961 0.82722905 1.43652657 2.69503876 5.4947579
 2.50580954 1.40367565 2.90544979 3.21305082 0.72680075 2.86222509
 1.31917086 0.49600388 1.77391555 2.26173413]
 ||$hadfield_euc_shape2_paramseed-15_sp-0213_p-14.txt$optimal function value: 30.655645410000005
optimal value: [0. 0. 1. 0. 0. 1. 0. 0. 1. 0. 0. 0. 0. 0. 0. 1.]
status: SUCCESS
 ||[3.54109073 0.11622068 2.30675759 1.967315   3.10293293 0.05023352
 2.70934822 4.28856692 2.67109211 6.24962438 0.74986245 2.14507918
 3.25996363 1.72554858 0.8210368  1.41912356 2.67953683 5.46039339
 2.48839774 1.39219382 2.89427837 3.20843462 0.71994123 2.86541588
 1.31709995 0.46308187 1.76371473 2.25638159]
 ||$hadfield_euc_shape3_paramseed-15_sp-0213_p-14.txt$optimal function value: 32.53962615999998
optimal value: [0. 1. 0. 0. 1. 0. 0. 0. 0. 0. 1. 0. 0. 0. 0. 1.]
status: SUCCESS
 ||[4.03404273 1.07378181 2.32913868 0.99559215 3.09581499 0.1078176
 2.76089583 4.27796196 2.69538099 6.30600626 1.74508016 3.10031208
 2.21038555 1.76109409 0.82880134 1.43795166 2.69473378 5.49745088
 2.50501517 1.40412772 2.90500698 3.21360189 0.72798107 2.86339818
 1.31817687 0.49538969 1.77013935 2.26070268]
 ||$hadfield_neuc_shape2_paramseed-16_sp-0213_p-14.txt$optimal function value: 65.76070403
optimal value: [0. 0. 1. 0. 0. 1. 0. 0. 1. 0. 0. 0. 0. 0. 0. 1.]
status: SUCCESS
 ||[2.13577166 3.01907512 1.3100356  2.80715135 1.28709449 4.13112456
 0.81201531 3.98947738 1.15638672 1.89765014 1.05220616 0.90032125
 2.33745052 1.94805047 2.47944419 6.00802952 0.79657578 5.61335083
 2.53731334 4.19351219 0.08537836 2.87049882 1.96830772 1.85985009
 0.70492908 1.94641453 0.81127351 4.94976321]
 ||$hadfield_neuc_shape3_paramseed-16_sp-0213_p-14.txt$optimal function value: 44.55872038000001
optimal value: [0. 1. 0. 0. 0. 0. 1. 0. 1. 0. 0. 0. 0. 0. 0. 1.]
status: SUCCESS
 ||[2.10982032 3.02084746 1.31317407 2.80502832 1.28732461 4.13293943
 1.81467648 3.98459716 0.03206499 1.89653516 1.05093755 0.90656052
 2.35411577 1.94871425 2.47766255 6.00885781 0.79586745 5.61378023
 2.53612133 4.19322811 0.0852335  2.87005481 1.96827795 1.86065546
 0.70397697 1.94614849 0.81036527 4.95011475]
 ||$hadfield_euc_shape1_paramseed-16_sp-0213_p-14.txt$optimal function value: 48.13067508999998
optimal value: [0. 0. 1. 0. 1. 0. 0. 0. 0. 1. 0. 0. 0. 0. 0. 1.]
status: SUCCESS
 ||[2.06818873 4.07447532 1.30468643 3.60517137 2.25697946 4.11481269
 1.83340808 3.95090959 1.03666563 2.90069458 1.02413718 0.86236283
 2.31174636 1.91598524 2.48091618 5.99040015 0.77602069 6.61420031
 2.50867262 4.17862902 0.07303893 2.84255697 1.95592713 1.8441102
 0.68711961 1.92911707 0.79261929 4.93175552]
 ||$hadfield_euc_shape2_paramseed-16_sp-0213_p-14.txt$optimal function value: 30.655645410000005
optimal value: [0. 0. 1. 0. 0. 1. 0. 0. 1. 0. 0. 0. 0. 0. 0. 1.]
status: SUCCESS
 ||[2.13583755 3.03825746 1.31708529 2.82873488 1.2853462  4.13345478
 1.81399796 4.98931244 0.02718659 1.89689937 1.05250985 0.88904194
 2.33522634 1.94688733 2.47631229 6.00811025 0.79667738 5.61263388
 2.53864885 4.19414524 0.08473836 2.87473072 1.96647099 1.86362336
 1.70668136 1.94446244 0.8090799  4.946768  ]
 ||$hadfield_euc_shape3_paramseed-16_sp-0213_p-14.txt$optimal function value: 32.53962615999998
optimal value: [0. 1. 0. 0. 0. 0. 1. 0. 1. 0. 0. 0. 0. 0. 0. 1.]
status: SUCCESS
 ||[2.04012799 2.93848587 1.31041882 2.80782939 1.28712097 4.13448485
 0.81338958 3.98424137 0.0310931  1.89798667 1.05333901 0.89196556
 2.33559072 1.9449149  2.47901296 6.00777709 0.7962463  5.61426183
 2.53704825 4.19348301 0.08574525 2.8698482  1.96885137 1.86301065
 0.70771857 1.94666299 0.81143969 4.95034865]
 ||$hadfield_neuc_shape3_paramseed-17_sp-0213_p-14.txt$optimal function value: 44.55872038000001
optimal value: [0. 1. 0. 0. 0. 0. 1. 0. 1. 0. 0. 0. 0. 0. 0. 1.]
status: SUCCESS
 ||[2.68651702 6.06087855 3.13691909 2.30281986 3.41507954 4.41240352
 2.07675145 0.69329947 0.06503341 2.17276067 2.3315067  1.66782295
 2.58382042 1.9710273  2.6576435  5.93681976 1.25492225 6.25250306
 0.17490234 5.10383838 2.82255487 0.92895129 2.29890847 3.52076844
 2.98391855 1.3041285  1.70218135 5.30607368]
 ||$hadfield_euc_shape1_paramseed-17_sp-0213_p-14.txt$optimal function value: 48.13067508999998
optimal value: [0. 0. 1. 0. 1. 0. 0. 0. 0. 1. 0. 0. 0. 0. 0. 1.]
status: SUCCESS
 ||[1.67086581 6.0677791  3.01766315 2.79971028 2.4064599  4.43813149
 2.06040153 0.65861539 0.08315417 2.41827602 2.34907355 1.58608374
 1.57526564 1.99301705 2.65880081 5.93868186 1.26136781 6.27306695
 0.19509688 5.10517712 2.75134357 0.94717119 2.21590707 3.51135913
 2.9999562  1.3197327  1.69481917 5.54351073]
 ||$hadfield_euc_shape2_paramseed-17_sp-0213_p-14.txt$optimal function value: 30.655645410000005
optimal value: [0. 0. 1. 0. 0. 1. 0. 0. 1. 0. 0. 0. 0. 0. 0. 1.]
status: SUCCESS
 ||[1.8496272  6.21975341 4.00145688 2.31598829 2.41314052 4.4229569
 2.06838618 0.67165397 0.08257005 2.41265471 2.33771977 1.57195265
 1.5695511  1.98896552 2.65880915 6.94115686 1.25072203 6.26179717
 0.18427969 5.09315458 2.73647875 0.93716904 2.21230125 3.50715189
 2.99692154 1.31634856 1.69240417 5.53895567]
 ||$hadfield_euc_shape3_paramseed-17_sp-0213_p-14.txt$optimal function value: 32.53962615999998
optimal value: [0. 1. 0. 0. 0. 0. 1. 0. 1. 0. 0. 0. 0. 0. 0. 1.]
status: SUCCESS
 ||[1.64044583 6.07182911 3.02799246 1.84785224 2.36694156 5.5433631
 2.06894934 0.68217465 0.09271952 2.37126139 2.22065554 1.59852306
 1.57575916 1.99393823 2.65743604 5.93792272 1.26187335 6.27335748
 0.19645171 5.10697737 2.74964755 0.94629028 2.21877608 3.51189898
 3.00194687 1.32044737 1.69905169 5.54491232]
 ||$hadfield_neuc_shape2_paramseed-18_sp-0213_p-14.txt$optimal function value: 65.76070403
optimal value: [0. 0. 1. 0. 0. 1. 0. 0. 1. 0. 0. 0. 0. 0. 0. 1.]
status: SUCCESS
 ||[1.58933734e+00 4.17174982e+00 2.07795009e+00 1.28125930e+00
 2.47976199e+00 3.10140344e+00 1.94129629e+00 2.85759994e+00
 8.07041548e-01 1.45707634e+00 2.15507770e+00 2.08982828e+00
 2.16812437e+00 4.87952361e+00 2.68024624e+00 5.89816197e+00
 7.24157637e-01 1.49362896e+00 2.20470398e+00 3.66674589e+00
 6.54622723e-01 4.31723728e+00 2.70397992e+00 5.21321140e+00
 6.42676883e-01 1.84001862e+00 4.59187537e-03 7.10105873e+00]
 ||$hadfield_neuc_shape3_paramseed-18_sp-0213_p-14.txt$optimal function value: 44.55872038000001
optimal value: [0. 1. 0. 0. 0. 0. 1. 0. 1. 0. 0. 0. 0. 0. 0. 1.]
status: SUCCESS
 ||[1.57964229 4.15645052 1.04988599 1.25091844 1.53626627 3.13051472
 1.49463096 2.87920523 0.83080772 1.59642101 2.16887273 2.04138341
 2.11613022 4.94647571 2.72121563 6.93059363 0.73677844 1.49185051
 2.30822675 3.61544664 0.63238799 4.26003091 2.74250085 5.25116713
 0.67723026 1.87819971 0.02887305 6.136979  ]
 ||$hadfield_euc_shape1_paramseed-18_sp-0213_p-14.txt$optimal function value: 48.13067508999998
optimal value: [0. 0. 1. 0. 1. 0. 0. 0. 0. 1. 0. 0. 0. 0. 0. 1.]
status: SUCCESS
 ||[0.58379301 5.16429657 1.02175641 1.18492826 1.45634171 3.1081772
 1.48516687 2.90613412 0.92192636 1.59349115 2.43775624 2.03231564
 2.11855558 4.94479375 2.7202409  5.92506639 0.73116118 1.48902215
 2.30026062 3.60948239 0.62678594 4.24979942 2.74016445 5.2462898
 0.67345011 1.87113557 0.01864188 6.12745668]
 ||$hadfield_euc_shape2_paramseed-18_sp-0213_p-14.txt$optimal function value: 30.655645410000005
optimal value: [0. 0. 1. 0. 0. 1. 0. 0. 1. 0. 0. 0. 0. 0. 0. 1.]
status: SUCCESS
 ||[0.66620613 4.22944175 1.98366698 2.21096242 1.4798187  3.4155265
 2.28769387 3.19217917 1.17929752 1.37510849 2.08707288 3.36094649
 2.03441142 5.88201366 2.72054198 6.78454049 1.74741271 1.44991035
 2.69365858 3.36172813 0.80228268 4.22247524 2.68042282 5.19839373
 0.6301736  1.8587069  0.01213093 6.11716774]
 ||$hadfield_euc_shape3_paramseed-18_sp-0213_p-14.txt$optimal function value: 32.53962615999998
optimal value: [0. 1. 0. 0. 0. 0. 1. 0. 1. 0. 0. 0. 0. 0. 0. 1.]
status: SUCCESS
 ||[1.57036461 5.15580894 1.05200176 1.26106788 1.51616171 3.10494519
 1.50726215 2.8699295  0.84217199 1.59428214 2.17404416 2.03718597
 2.12050947 4.94603456 2.72047899 5.93146417 1.73693701 1.4923217
 2.30853373 3.61629124 0.6341083  4.25743353 2.74411289 5.25150843
 0.67884421 1.87838699 0.02126009 6.13091353]
 ||$hadfield_neuc_shape3_paramseed-19_sp-0213_p-14.txt$optimal function value: 44.55872038000001
optimal value: [0. 1. 0. 0. 0. 0. 1. 0. 1. 0. 0. 0. 0. 0. 0. 1.]
status: SUCCESS
 ||[3.1274608  5.93408141 1.63571316 4.21733368 1.23791894 6.26156883
 0.91332154 0.928658   0.82489933 1.6405218  1.0287871  1.68528503
 0.33713538 2.04560221 0.97683069 3.57852833 0.63226258 0.44573915
 0.63843727 4.40724939 1.22027545 4.60807342 2.52243733 2.59399051
 0.30120642 4.57646466 2.3780051  2.48887306]
 ||$hadfield_euc_shape1_paramseed-19_sp-0213_p-14.txt$optimal function value: 48.13067508999998
optimal value: [0. 0. 1. 0. 1. 0. 0. 0. 0. 1. 0. 0. 0. 0. 0. 1.]
status: SUCCESS
 ||[2.12842615 5.93005395 1.6365235  3.21797169 1.23631839 6.26239615
 0.90780187 0.93271725 0.81989039 1.63695912 1.03247851 1.68401043
 0.33562832 2.04439558 0.94138394 3.62675826 0.62910632 0.44008197
 0.63644618 3.40394804 1.21829867 5.60774366 2.52194054 2.60579393
 0.31166389 4.57568457 2.37366682 2.49040119]
 ||$hadfield_euc_shape2_paramseed-19_sp-0213_p-14.txt$optimal function value: 32.55298180999998
optimal value: [0. 0. 1. 0. 1. 0. 0. 0. 0. 1. 0. 0. 0. 0. 0. 1.]
status: SUCCESS
 ||[3.1285097  5.93097474 1.63711991 4.21208784 2.2333878  7.2653836
 0.91158979 0.9323173  0.81971812 1.63608728 1.02692932 1.68310748
 0.33803829 2.04685892 0.97747006 3.57686379 0.63307817 0.53161935
 0.54675982 3.4094283  1.22012567 4.6093353  2.523094   2.60357337
 0.31336521 4.57294184 2.37445138 2.48818743]
 ||$hadfield_euc_shape3_paramseed-19_sp-0213_p-14.txt$optimal function value: 32.53962615999998
optimal value: [0. 1. 0. 0. 0. 0. 1. 0. 1. 0. 0. 0. 0. 0. 0. 1.]
status: SUCCESS
 ||[3.12755101 4.93261673 1.63673427 4.21345689 2.23664284 6.26246219
 1.91039887 0.93132508 0.82042395 1.63546387 1.02898586 1.68300295
 0.33906884 2.04690097 0.79989332 4.75372355 0.63393018 0.4466815
 0.63667357 3.40609858 1.22295895 4.60850072 2.52288425 2.60460827
 0.31312625 4.57231106 2.3767314  2.48773746]
 ||$hadfield_neuc_shape2_paramseed-20_sp-0213_p-14.txt$optimal function value: 65.76070403
optimal value: [0. 0. 1. 0. 0. 1. 0. 0. 1. 0. 0. 0. 0. 0. 0. 1.]
status: SUCCESS
 ||[2.84937921 4.3050751  2.40885753 5.68463546 0.81598794 3.99507075
 2.84425691 5.47536216 1.80005637 1.06358801 1.2941164  6.24186156
 0.32819006 2.00269043 2.98479769 2.82261464 0.6561544  1.99189456
 2.85561688 2.10851253 1.34328986 3.94530751 3.53133949 3.0916596
 0.25594606 3.60263062 0.10955793 0.59370405]
 ||$hadfield_neuc_shape3_paramseed-20_sp-0213_p-14.txt$optimal function value: 44.55872038000001
optimal value: [0. 1. 0. 0. 0. 0. 1. 0. 1. 0. 0. 0. 0. 0. 0. 1.]
status: SUCCESS
 ||[2.84462112 5.31876025 2.40966913 5.6858846  0.81650787 3.99436677
 2.84305466 5.4795206  2.80000835 1.06410208 1.29540752 6.24528753
 0.3129197  2.01539614 2.9839555  2.82391468 0.6563483  1.990794
 2.85465512 2.10899003 1.34530963 3.94122157 2.53101678 3.09145338
 0.25487141 3.60201998 0.10972842 0.59441713]
 ||$hadfield_euc_shape1_paramseed-20_sp-0213_p-14.txt$optimal function value: 48.13067508999998
optimal value: [0. 0. 1. 0. 1. 0. 0. 0. 0. 1. 0. 0. 0. 0. 0. 1.]
status: SUCCESS
 ||[2.60481318 5.3155206  2.47537264 5.69757528 0.79241473 3.99384622
 2.84326308 5.49910312 1.80372179 1.06323031 1.29292946 6.22815213
 0.32708109 2.0062529  2.98616378 2.82525287 0.65663069 1.99065884
 2.85415524 2.10911787 1.34307852 3.94285317 2.53154554 3.0917026
 0.25540385 3.60173405 0.10910771 0.5936687 ]
 ||$hadfield_euc_shape2_paramseed-20_sp-0213_p-14.txt$optimal function value: 30.655645410000005
optimal value: [0. 0. 1. 0. 0. 1. 0. 0. 1. 0. 0. 0. 0. 0. 0. 1.]
status: SUCCESS
 ||[3.83316838 4.30355562 2.42847637 5.73079608 0.81624378 3.9766303
 2.86929346 5.47506305 1.80593432 1.0339812  1.28013498 6.23582783
 0.32065094 2.00654777 2.9846523  2.81734417 0.63348605 1.98296164
 2.84916084 2.10751051 1.34647987 3.94889333 2.54116507 3.09293501
 0.22677175 3.57876256 0.10890302 0.58998836]
 ||$hadfield_euc_shape3_paramseed-20_sp-0213_p-14.txt$optimal function value: 32.53962615999998
optimal value: [0. 1. 0. 0. 1. 0. 0. 0. 0. 0. 1. 0. 0. 0. 0. 1.]
status: SUCCESS
 ||[2.80510256 4.52132505 3.38699677 5.67964354 0.83324355 3.99268479
 2.84331147 5.47664527 1.79842172 1.06322548 1.28921374 6.24353052
 0.32000852 2.00545017 2.98595213 2.8223671  0.65556423 1.99055499
 2.85411923 2.10933134 1.3409317  3.94405909 2.52933316 3.09265788
 0.25658779 3.59985878 0.11074237 0.59370881]
 ||$hadfield_neuc_shape3_paramseed-1_sp-0213_p-15.txt$optimal function value: 44.55872038000001
optimal value: [0. 1. 0. 0. 1. 0. 0. 0. 0. 0. 1. 0. 0. 0. 0. 1.]
status: SUCCESS
 ||[1.38602104 5.28196364 2.32378679 1.61163838 2.40036476 2.81700965
 1.8484741  4.97781645 0.24215926 0.234759   2.53892275 2.94481845
 2.81061184 0.0068221  1.3962844  4.53353877 0.7057114  5.92322985
 3.83304106 0.1881602  0.06386517 3.39301787 2.93402186 2.37667023
 0.67115737 2.64017885 0.07445306 1.3724409  1.37038511 3.10813868]
 ||$hadfield_euc_shape3_paramseed-1_sp-0213_p-15.txt$optimal function value: 32.53962615999998
optimal value: [0. 1. 0. 0. 0. 0. 1. 0. 1. 0. 0. 0. 0. 0. 0. 1.]
status: SUCCESS
 ||[0.17942623 5.38456297 2.3995652  1.60269153 1.52960583 2.8401735
 2.04707573 4.95576437 0.29603891 0.17812241 2.62559593 2.71909187
 2.39464944 0.01322794 2.39927815 4.53356819 0.71867765 5.93912696
 2.83172662 0.19206664 0.07975787 3.40158368 2.95023676 2.39476738
 0.68006211 2.65202043 0.09102983 1.39282075 1.37558484 3.11550825]
 ||$hadfield_euc_shape3_paramseed-2_sp-0213_p-15.txt$optimal function value: 32.53962615999998
optimal value: [0. 1. 0. 0. 0. 0. 1. 0. 1. 0. 0. 0. 0. 0. 0. 1.]
status: SUCCESS
 ||[3.00342866 6.95532806 0.1777422  1.53311617 2.62474997 4.62446574
 2.10410093 1.9362949  1.90352485 3.81253446 1.82596674 0.99516868
 1.35286169 2.47263216 2.27147747 6.25066078 2.98248947 4.41919454
 1.3977238  1.68521005 0.19852364 0.08140167 1.46032249 2.00101487
 1.19389071 5.60305133 1.65175552 3.52186568 0.74178869 0.14998974]
 ||$hadfield_euc_shape3_paramseed-3_sp-0213_p-15.txt$optimal function value: 32.53962615999998
optimal value: [0. 1. 0. 0. 0. 0. 1. 0. 1. 0. 0. 0. 0. 0. 0. 1.]
status: SUCCESS
 ||[1.74132377 3.41811929 1.16782749 3.78450569 1.97357902 0.41315914
 0.04661811 5.27137576 0.8026932  1.4730833  3.12936237 2.95964875
 2.62862502 2.9959053  2.00840064 0.94800556 1.99672215 5.45401189
 2.64479362 4.65704117 2.1098863  0.40138219 2.38104513 3.71470397
 0.9441497  0.19723252 2.71758492 2.97064495 2.25715874 5.64675982]
 ||$hadfield_neuc_shape3_paramseed-4_sp-0213_p-15.txt$optimal function value: 44.55872038000001
optimal value: [0. 1. 0. 0. 0. 0. 1. 0. 1. 0. 0. 0. 0. 0. 0. 1.]
status: SUCCESS
 ||[0.74310526 0.65092595 1.2433735  0.9738952  0.28976414 2.42888562
 2.88341748 5.02921174 2.40393051 1.39532356 1.68467036 1.73645574
 0.54449574 0.65570804 0.68318978 5.82536171 2.60398377 5.06802956
 2.51472457 1.21505794 0.97334579 3.93865456 2.2995755  5.36986001
 2.76443827 0.54435385 1.90354285 4.22064938 1.58927642 1.1167498 ]
 ||$hadfield_euc_shape3_paramseed-4_sp-0213_p-15.txt$optimal function value: 32.53962615999998
optimal value: [0. 1. 0. 0. 0. 0. 1. 0. 1. 0. 0. 0. 0. 0. 0. 1.]
status: SUCCESS
 ||[1.74157851 0.64829995 1.24415731 0.97357778 0.20894998 2.52317905
 4.00284176 5.02938836 2.44209191 1.47106599 1.58695708 1.7379522
 0.54298642 0.66703155 0.67153212 5.82861929 2.6042278  5.06814215
 2.51458652 1.21527457 0.97342611 3.93933767 2.29921027 5.37025151
 2.76478873 0.5447933  1.90335378 4.22028046 1.58957313 1.11710958]
 ||$hadfield_neuc_shape3_paramseed-5_sp-0213_p-15.txt$optimal function value: 44.55872038000001
optimal value: [0. 1. 0. 0. 1. 0. 0. 0. 0. 0. 1. 0. 0. 0. 0. 1.]
status: SUCCESS
 ||[2.96020382e+00 4.67740200e+00 2.50021151e+00 5.92231228e+00
 2.32395246e+00 6.79621974e+00 9.40537269e-02 2.92626918e+00
 2.96264624e+00 4.07910246e+00 2.82688488e+00 7.11190447e-01
 1.45809182e+00 1.57067491e+00 1.70840698e+00 3.60615021e+00
 4.19581921e-02 1.35931434e+00 8.76196220e-01 5.75746561e+00
 2.40229452e+00 1.00291298e+00 2.50421502e+00 1.87383296e+00
 1.93950841e+00 7.96198643e-01 4.30838885e-03 5.47667369e+00
 1.65800012e+00 1.35353379e+00]
 ||$hadfield_euc_shape3_paramseed-5_sp-0213_p-15.txt$optimal function value: 32.53962615999998
optimal value: [0. 1. 0. 0. 0. 0. 1. 0. 1. 0. 0. 0. 0. 0. 0. 1.]
status: SUCCESS
 ||[2.9547253  5.66008014 2.49586765 5.92020852 2.32575877 6.79449192
 0.09323573 2.92264872 2.95742722 4.07579873 2.83378284 0.70932421
 1.47009512 1.54671148 1.71130395 3.60400014 1.03642348 1.3616719
 0.87941701 5.75272458 2.40763768 1.00304963 2.50518661 0.87135234
 1.93915129 0.79545604 1.00571595 5.47516811 0.65717152 1.35092664]
 ||$hadfield_euc_shape3_paramseed-6_sp-0213_p-15.txt$optimal function value: 32.53962615999998
optimal value: [0. 1. 0. 0. 0. 0. 1. 0. 1. 0. 0. 0. 0. 0. 0. 1.]
status: SUCCESS
 ||[ 2.48844529e+00  6.16812126e+00  1.52550260e+00  1.63088687e+00
 -1.31991857e-04  4.17896968e+00  1.47622157e+00  4.77705752e+00
  1.17350677e+00  4.83519062e+00  8.60518206e-01  5.03652807e+00
  2.29382479e+00  2.60097735e+00  1.68949893e+00  4.28404569e+00
  6.06212336e-01  3.47909550e+00  2.52392009e+00  1.67421218e+00
  2.52155451e+00  4.30750546e+00  2.75283352e+00  1.89465633e+00
  3.51354306e-01  6.08538139e+00  2.52563583e+00  2.79544498e+00
  1.29179735e+00  1.23639937e+00]
 ||$hadfield_neuc_shape3_paramseed-7_sp-0213_p-15.txt$optimal function value: 44.55872038000001
optimal value: [0. 1. 0. 0. 0. 0. 1. 0. 1. 0. 0. 0. 0. 0. 0. 1.]
status: SUCCESS
 ||[1.03972789 0.937209   3.35920121 0.51290835 1.738776   2.27656558
 0.16507381 2.85286327 0.16880124 2.78231164 0.27457776 0.62357724
 1.38842884 5.24506279 0.44165677 1.46153487 2.02287158 7.01395172
 2.81542036 2.48473126 3.05795679 0.29176713 3.70258227 1.8119163
 0.4434844  0.72128923 0.95674454 5.12563143 0.55208941 3.6466522 ]
 ||$hadfield_euc_shape3_paramseed-7_sp-0213_p-15.txt$optimal function value: 32.53962615999998
optimal value: [0. 1. 0. 0. 0. 0. 1. 0. 1. 0. 0. 0. 0. 0. 0. 1.]
status: SUCCESS
 ||[2.01842501 1.94166951 3.03954538 1.45225102 1.68185214 2.29459922
 0.18519432 3.1907794  0.11586434 2.72285365 0.21958842 0.56859746
 1.44530658 5.13928728 0.38916206 1.40226263 2.08385659 5.90074988
 1.80633863 2.49779533 3.07020345 0.29250482 2.69146977 1.81888795
 0.45263623 0.73916048 0.97059437 5.14144778 0.565717   3.64923186]
 ||$hadfield_neuc_shape3_paramseed-8_sp-0213_p-15.txt$optimal function value: 44.55872038000001
optimal value: [0. 1. 0. 0. 0. 0. 1. 0. 1. 0. 0. 0. 0. 0. 0. 1.]
status: SUCCESS
 ||[1.71170367 7.04661009 0.39829114 4.42918618 1.26715797 1.55420293
 3.13885762 1.31357036 2.01653168 2.88748148 1.2973037  3.11142971
 0.6037931  5.21828424 0.2818818  1.47157121 0.06290055 1.67609065
 1.28001103 5.66742462 1.19131418 0.71519508 0.81238    6.2292304
 0.1985661  3.89619626 1.18546596 4.1519996  1.06332053 4.3435852 ]
 ||$hadfield_euc_shape3_paramseed-8_sp-0213_p-15.txt$optimal function value: 32.53962615999998
optimal value: [0. 1. 0. 0. 1. 0. 0. 0. 0. 0. 1. 0. 0. 0. 0. 1.]
status: SUCCESS
 ||[0.72774738 7.07555179 0.39080635 4.90703774 0.25901497 2.56534991
 3.10199287 2.28701794 2.00323069 3.04428651 1.2356596  3.00302382
 0.60118235 5.19519152 0.10158479 1.50413465 0.04834528 1.66156699
 1.26709523 5.62981131 1.17929636 0.69722882 0.79573716 6.21570075
 0.18569776 3.8947419  1.18505896 4.32637334 1.08585558 5.37720944]
 ||$hadfield_neuc_shape3_paramseed-9_sp-0213_p-15.txt$optimal function value: 44.55872038000001
optimal value: [0. 1. 0. 0. 0. 0. 1. 0. 1. 0. 0. 0. 0. 0. 0. 1.]
status: SUCCESS
 ||[1.45320655 3.32922429 1.48780724 5.44278774 0.01966609 4.18776582
 2.82397992 0.50539213 1.74160988 3.87367192 0.12854713 2.37825553
 2.21100627 2.95379147 2.23333444 0.98840965 0.74768293 0.69534323
 1.59035037 5.80575926 1.85261452 4.86485963 1.20608986 4.68686856
 0.31961083 1.82940126 2.11868371 4.56039321 1.3255781  0.55095163]
 ||$hadfield_euc_shape3_paramseed-9_sp-0213_p-15.txt$optimal function value: 32.53962615999998
optimal value: [0. 1. 0. 0. 0. 0. 1. 0. 1. 0. 0. 0. 0. 0. 0. 1.]
status: SUCCESS
 ||[2.44649372 2.35075571 1.42825577 5.44201807 0.0205109  3.11640032
 2.8507561  0.53016743 1.73053846 4.893585   0.14136938 3.61373597
 2.21181985 2.83986416 3.27683011 0.89524434 0.83795247 0.69976701
 1.58591917 5.80460347 1.94095608 4.7724859  1.20180253 4.69012949
 0.31771939 1.82585208 2.11526505 4.5571255  1.32643012 0.55723289]
 ||$hadfield_neuc_shape3_paramseed-10_sp-0213_p-15.txt$optimal function value: 44.55872038000001
optimal value: [0. 1. 0. 0. 0. 0. 1. 0. 1. 0. 0. 0. 0. 0. 0. 1.]
status: SUCCESS
 ||[1.80120528e+00 2.71507217e+00 1.80892390e+00 8.04134141e-01
 3.46619127e+00 5.14100042e+00 2.02246615e+00 9.93456412e-01
 1.79823849e+00 2.03911786e+00 1.25492345e+00 5.98571537e+00
 3.12387077e+00 2.79203866e-01 3.70362434e+00 3.79000226e+00
 1.19700022e+00 1.77801542e+00 3.12130723e+00 2.86829215e+00
 2.15240285e+00 4.15783648e+00 4.11686050e-01 4.82008264e+00
 3.08212014e+00 6.08480824e+00 2.93047431e+00 2.68392263e-01
 4.30574562e-03 8.31650222e-01]
 ||$hadfield_euc_shape3_paramseed-10_sp-0213_p-15.txt$optimal function value: 32.53962615999998
optimal value: [0. 1. 0. 0. 0. 0. 1. 0. 1. 0. 0. 0. 0. 0. 0. 1.]
status: SUCCESS
 ||[2.82358422 3.69284535 1.81615437 1.29532636 3.55300947 5.17558992
 2.05402607 1.00701022 1.63121852 2.05792955 1.78645614 5.98753041
 4.13132234 0.27906724 3.69923052 3.79069754 1.20398399 1.78780204
 2.11843384 2.87298903 2.14828608 4.16280726 0.48879982 4.72753142
 3.075255   6.08805699 1.93845652 0.27747777 0.00858285 0.84036465]
 ||$hadfield_neuc_shape3_paramseed-11_sp-0213_p-15.txt$optimal function value: 44.55872038000001
optimal value: [0. 1. 0. 0. 0. 0. 1. 0. 1. 0. 0. 0. 0. 0. 0. 1.]
status: SUCCESS
 ||[2.44739058 3.4987281  3.90259092 2.92511484 1.59494832 4.68901957
 0.57906903 4.21515077 2.98985444 4.98029987 0.30107925 1.90755367
 0.27796336 5.09023456 2.17342049 0.26283444 2.96747148 6.06262795
 2.0624995  3.87414952 0.49395781 0.09502908 1.65799087 0.37239509
 0.59888087 1.52080076 0.09194262 2.93056081 1.37566685 5.2940534 ]
 ||$hadfield_euc_shape1_paramseed-11_sp-0213_p-15.txt$optimal function value: 48.13067508999998
optimal value: [0. 0. 1. 0. 1. 0. 0. 0. 0. 1. 0. 0. 0. 0. 0. 1.]
status: SUCCESS
 ||[2.50392747 4.42817964 3.90259273 3.92466511 2.37280552 4.57961904
 0.60586392 3.19988478 1.98600601 4.97399688 0.29706286 1.89751814
 0.2762384  5.07817465 2.16976626 0.25405466 3.07771615 6.0532332
 2.04542466 3.85905387 0.48634331 0.08596151 2.65122461 0.37565048
 0.59732999 1.52192563 0.09377782 2.91458396 1.38505186 5.29192587]
 ||$hadfield_euc_shape2_paramseed-11_sp-0213_p-15.txt$optimal function value: 30.655645410000005
optimal value: [0. 0. 1. 0. 0. 1. 0. 0. 1. 0. 0. 0. 0. 0. 0. 1.]
status: SUCCESS
 ||[ 1.50837775  4.54173141  4.01852472  3.85527256  1.52737002  4.77057091
  0.47660708  3.15735032  2.0411084   4.94141212  0.26266297  1.82642148
  0.24242991  4.98447163  2.56840329  0.1816914   2.97561786  6.49539792
  1.9279543   3.76678524  0.39138719 -0.18756735  1.57271328  0.33250462
  1.51567514  1.52542317  0.07826706  2.88445996  2.38337975  5.24829548]
 ||$hadfield_euc_shape3_paramseed-11_sp-0213_p-15.txt$optimal function value: 32.53962615999998
optimal value: [0. 1. 0. 0. 0. 0. 1. 0. 1. 0. 0. 0. 0. 0. 0. 1.]
status: SUCCESS
 ||[2.396077   3.49890569 2.87801435 3.01270614 2.58030855 3.61697424
 0.51407151 3.37117296 2.42815776 4.96991542 1.29429083 2.90404027
 0.27477055 5.04049358 2.15988097 0.26316124 3.1403294  6.02274018
 2.02289064 3.85315342 0.48300631 0.08465167 1.63602235 0.40058175
 0.5808802  1.46363253 0.05175001 2.96805004 1.36765798 5.31066878]
 ||$hadfield_neuc_shape2_paramseed-12_sp-0213_p-15.txt$optimal function value: 65.76070403
optimal value: [0. 0. 1. 0. 0. 1. 0. 0. 1. 0. 0. 0. 0. 0. 0. 1.]
status: SUCCESS
 ||[1.51008771 5.14448259 2.09729144 0.87796925 0.02287993 3.34675615
 1.84116507 5.15661058 2.15506896 3.56252551 1.7703735  4.16905145
 0.4388179  3.76515827 0.50925331 5.69335968 0.18052344 5.14348483
 0.23869629 4.30122005 1.06077912 2.52890881 3.6497609  0.10914189
 0.18647154 5.74643955 1.59533566 0.56830621 3.13561468 5.96932186]
 ||$hadfield_neuc_shape3_paramseed-12_sp-0213_p-15.txt$optimal function value: 44.55872038000001
optimal value: [0. 1. 0. 0. 0. 0. 1. 0. 1. 0. 0. 0. 0. 0. 0. 1.]
status: SUCCESS
 ||[1.48855122 5.12759421 2.09535566 0.89539875 0.03793795 2.37202977
 0.83707304 5.09372896 2.16877756 4.77818936 1.7546237  4.17200721
 0.44630455 2.75637772 0.50976351 5.69169894 0.18526489 5.14480975
 0.23364894 4.31603683 1.05978579 2.54307405 2.64647928 0.11733425
 0.19232068 5.74962128 1.59892835 0.57233486 3.10241734 5.94644047]
 ||$hadfield_euc_shape1_paramseed-12_sp-0213_p-15.txt$optimal function value: 48.13067508999998
optimal value: [0. 0. 1. 0. 1. 0. 0. 0. 0. 1. 0. 0. 0. 0. 0. 1.]
status: SUCCESS
 ||[2.49082963 4.12895934 2.0932492  1.89000595 0.03361784 2.35519638
 0.8563163  5.09313062 2.17114954 3.78016018 1.75348212 4.15436854
 0.45551736 2.75879661 0.50802552 5.69200971 0.18577175 5.14508977
 0.23383515 4.31564477 1.05869589 2.54264519 2.64604024 0.11693514
 0.19014079 5.74809277 1.60101416 0.57506686 3.09875203 5.9449145 ]
 ||$hadfield_euc_shape2_paramseed-12_sp-0213_p-15.txt$optimal function value: 30.655645410000005
optimal value: [0. 0. 1. 0. 0. 1. 0. 0. 1. 0. 0. 0. 0. 0. 0. 1.]
status: SUCCESS
 ||[2.42142716 4.19067742 2.08534677 0.83441743 0.01164612 2.28142832
 0.84003713 5.00451468 2.2129954  3.89932528 1.50104076 4.19153172
 1.73744453 2.65571318 0.47364942 5.68837409 0.61153099 5.12720255
 0.22731502 4.3072205  1.04948532 2.52769348 2.61267512 0.09896234
 0.171388   5.72930654 2.59991062 0.31953101 3.08952892 5.94464517]
 ||$hadfield_euc_shape3_paramseed-12_sp-0213_p-15.txt$optimal function value: 32.53962615999998
optimal value: [0. 1. 0. 0. 0. 0. 1. 0. 1. 0. 0. 0. 0. 0. 0. 1.]
status: SUCCESS
 ||[2.7313945  4.13033674 2.09486456 0.8912189  0.03174749 2.35605127
 1.86071504 5.0906616  3.16951247 3.77997801 1.75257944 4.15761868
 0.45772506 2.83194401 0.50715522 5.6928809  0.18529928 5.14393984
 0.23351307 4.31589044 1.05831748 2.54414065 2.64683176 0.1153956
 0.19049583 5.74937151 1.5985098  0.57019567 3.10335601 5.94914223]
 ||$hadfield_neuc_shape3_paramseed-13_sp-0213_p-15.txt$optimal function value: 44.55872038000001
optimal value: [0. 1. 0. 0. 0. 0. 1. 0. 1. 0. 0. 0. 0. 0. 0. 1.]
status: SUCCESS
 ||[0.80191561 4.36860492 3.17198498 6.34594718 1.51681376 1.41766077
 1.48284391 1.35047703 2.26418473 0.81273353 1.6937349  1.84675906
 1.95698891 2.52562079 2.61741183 3.81425613 0.03173234 1.72183497
 0.44631131 5.45929392 2.5778977  5.0629614  2.57712452 4.66173386
 3.15050502 4.96126765 0.78871987 5.33865622 1.54233314 5.74707475]
 ||$hadfield_euc_shape1_paramseed-13_sp-0213_p-15.txt$optimal function value: 48.13067508999998
optimal value: [0. 0. 1. 0. 1. 0. 0. 0. 0. 1. 0. 0. 0. 0. 0. 1.]
status: SUCCESS
 ||[0.77790673 5.30143691 2.14950121 6.33466116 1.53543375 1.44913839
 1.46222373 1.41538358 2.28788029 1.81818187 1.66867978 2.34548695
 0.92196041 2.71095172 2.63163323 3.82068265 0.04565903 1.73358165
 0.46332215 5.47475544 2.54337179 5.06428829 2.59888247 4.67757034
 2.98230125 5.98807735 0.80644057 5.34225796 1.5328721  4.73893787]
 ||$hadfield_euc_shape2_paramseed-13_sp-0213_p-15.txt$optimal function value: 30.655645410000005
optimal value: [0. 0. 1. 0. 0. 1. 0. 0. 1. 0. 0. 0. 0. 0. 0. 1.]
status: SUCCESS
 ||[ 1.30238523  4.2390487   2.04429856  5.33068087  0.54707598  2.45791905
  0.4543622   2.42320689  2.26955008  1.83670678  2.69695823  1.2037094
  1.9970738   2.44809474  2.48687046  3.83389984 -0.21488655  1.56851224
  0.12214008  5.26937373  2.42570265  4.89604601  2.40790528  4.56788459
  2.75324213  4.56836174  0.69693619  5.13279624  1.41455533  4.64129888]
 ||$hadfield_euc_shape3_paramseed-13_sp-0213_p-15.txt$optimal function value: 32.53962615999998
optimal value: [0. 1. 0. 0. 0. 0. 1. 0. 1. 0. 0. 0. 0. 0. 0. 1.]
status: SUCCESS
 ||[1.80276747 4.34073173 2.12310639 5.31316071 0.553564   1.42331108
 0.43376091 1.40008008 2.30781685 0.75370136 1.63031929 1.29107635
 0.88090777 2.68328731 3.57773786 3.82446133 0.02516268 1.72495908
 0.44711868 6.45455101 2.52845644 5.06382501 2.59059951 4.67860422
 2.97229427 4.99077126 0.79743032 5.3373478  1.50958797 4.74539515]
 ||$hadfield_neuc_shape2_paramseed-14_sp-0213_p-15.txt$optimal function value: 65.76070403
optimal value: [0. 0. 1. 0. 0. 1. 0. 0. 1. 0. 0. 0. 0. 0. 0. 1.]
status: SUCCESS
 ||[0.33258564 4.41782727 2.05010048 5.90628575 0.8520231  2.60655706
 2.30637032 4.13705642 0.9517893  4.29962373 1.24601454 4.88508269
 0.37204003 1.40231609 2.83220055 2.24953031 0.81842984 5.05374341
 1.98453313 0.940455   1.73172394 4.1722876  0.51757655 4.0942202
 1.38653986 2.11774388 0.26065865 1.2837914  3.07310391 3.53647805]
 ||$hadfield_neuc_shape3_paramseed-14_sp-0213_p-15.txt$optimal function value: 44.55872038000001
optimal value: [0. 1. 0. 0. 1. 0. 0. 0. 0. 0. 1. 0. 0. 0. 0. 1.]
status: SUCCESS
 ||[0.57261811 4.5251001  1.93595493 5.75931551 1.79169193 1.28641051
 2.31083316 5.09608438 0.81745633 4.16845759 1.1160272  4.94558003
 0.1674737  1.31871254 2.70867619 2.36218497 0.78750745 5.80058994
 2.16757879 1.12721767 1.91027401 4.37020019 0.68995508 4.24670025
 0.59332571 2.62547188 0.76401292 1.50194998 4.3370543  2.45228901]
 ||$hadfield_euc_shape1_paramseed-14_sp-0213_p-15.txt$optimal function value: 48.13067508999998
optimal value: [0. 0. 1. 0. 1. 0. 0. 0. 0. 1. 0. 0. 0. 0. 0. 1.]
status: SUCCESS
 ||[1.33876912 5.41857312 2.04956159 5.90698958 0.85265109 1.70315239
 2.07353325 4.13664875 0.952034   5.29921655 1.24507002 4.88563247
 0.37218485 2.40283964 2.83004883 2.24957144 0.81787506 5.05307645
 1.98455265 0.94073585 1.73156508 4.17208    0.51907261 4.09470015
 0.3864848  2.11784366 0.2625011  1.28404746 3.07238862 2.52204528]
 ||$hadfield_euc_shape2_paramseed-14_sp-0213_p-15.txt$optimal function value: 30.655645410000005
optimal value: [0. 0. 1. 0. 0. 1. 0. 0. 1. 0. 0. 0. 0. 0. 0. 1.]
status: SUCCESS
 ||[0.33611758 4.41301791 3.04777505 6.90835862 0.84707181 1.60926108
 2.30554214 4.13095325 0.95768112 4.30210369 1.24814681 4.88611719
 1.37238783 1.41330506 2.83399735 2.24936502 0.817679   5.05395416
 1.98534802 0.94102084 2.73150179 4.17325065 0.51811585 4.09592522
 0.3876345  2.11958255 0.26074577 1.28729679 3.07512785 2.4105798 ]
 ||$hadfield_euc_shape3_paramseed-14_sp-0213_p-15.txt$optimal function value: 32.53962615999998
optimal value: [0. 1. 0. 0. 1. 0. 0. 0. 0. 0. 1. 0. 0. 0. 0. 1.]
status: SUCCESS
 ||[0.33470658 4.41282899 2.04850685 5.90876146 0.85117539 1.60641962
 2.30174134 4.12770944 0.97763344 4.30353767 1.25326852 4.85646857
 0.36327633 1.39982199 2.83332815 2.24929217 0.81719275 5.05539148
 1.9827561  0.94110261 1.73217878 4.17223543 0.51760697 4.09486707
 0.38635188 2.11752856 0.26138393 1.28400412 3.07130664 2.53644398]
 ||$hadfield_neuc_shape3_paramseed-15_sp-0213_p-15.txt$optimal function value: 44.55872038000001
optimal value: [0. 1. 0. 0. 0. 0. 1. 0. 1. 0. 0. 0. 0. 0. 0. 1.]
status: SUCCESS
 ||[4.03059744 0.07166042 2.31155839 1.17176118 2.92147341 1.10738258
 2.7633583  4.28090614 2.6947475  6.28488537 0.75271674 2.12462197
 2.22500437 1.76249882 0.82683307 1.43523328 2.69415244 5.49515427
 2.50604151 1.40387781 2.90597557 3.21280064 0.72751729 2.8625669
 1.31932897 0.495879   1.77496481 2.26151781 1.79059286 5.84398507]
 ||$hadfield_euc_shape1_paramseed-15_sp-0213_p-15.txt$optimal function value: 48.13067508999998
optimal value: [0. 0. 1. 0. 1. 0. 0. 0. 0. 1. 0. 0. 0. 0. 0. 1.]
status: SUCCESS
 ||[4.03233758 0.07382452 3.31389056 0.99264853 4.09842928 0.10695305
 2.76329992 4.28127551 2.69316501 6.28156893 0.7536007  2.12382242
 2.22373787 1.76420255 0.82749868 1.43682608 2.69492413 5.49564925
 2.50686092 2.40396717 3.90526494 3.21436642 0.72669341 2.86243935
 1.31934678 0.49474132 1.7741631  2.26045912 1.7899187  5.8436105 ]
 ||$hadfield_euc_shape2_paramseed-15_sp-0213_p-15.txt$optimal function value: 30.655645410000005
optimal value: [0. 0. 1. 0. 0. 1. 0. 0. 1. 0. 0. 0. 0. 0. 0. 1.]
status: SUCCESS
 ||[4.03061635 0.07291894 2.45655496 0.99346341 4.30382965 1.10552199
 3.76107651 4.28226373 2.69199156 6.2820683  0.75225991 2.12421153
 2.2244988  1.76167068 0.82705892 1.43594349 2.69519635 5.49481021
 2.50570201 1.40278075 2.90475165 3.21282581 0.72542143 2.86252562
 1.31779993 0.49415657 1.77513625 2.2632753  1.78893156 5.84479277]
 ||$hadfield_euc_shape3_paramseed-15_sp-0213_p-15.txt$optimal function value: 32.53962615999998
optimal value: [0. 1. 0. 0. 0. 0. 1. 0. 1. 0. 0. 0. 0. 0. 0. 1.]
status: SUCCESS
 ||[3.0321522  1.07302932 3.31245074 0.99352079 3.10049762 0.04341026
 2.76220969 4.28272896 2.69495522 6.28183297 0.7873281  3.15195603
 2.27205256 1.8873061  0.63898036 1.43629442 2.69179147 6.49497172
 2.50607441 2.40422837 2.9053088  3.21371839 0.72643808 2.86162005
 1.31894996 0.49664055 1.77467962 2.26131203 1.78912499 5.84505925]
 ||$hadfield_neuc_shape2_paramseed-16_sp-0213_p-15.txt$optimal function value: 65.76070403
optimal value: [0. 0. 1. 0. 0. 1. 0. 0. 1. 0. 0. 0. 0. 0. 0. 1.]
status: SUCCESS
 ||[1.13153322 4.03016814 2.34155378 2.77520323 1.29640099 4.09447026
 0.80745247 5.00136013 0.01331546 2.02836882 1.22110687 0.88419942
 2.321189   1.93670532 2.41805049 6.00826131 0.79428672 5.59299384
 2.40143991 4.25390572 0.06846672 2.86360983 2.00189145 1.83544182
 0.64539844 2.90358514 0.82676177 4.9576298  1.10311016 2.65468907]
 ||$hadfield_neuc_shape3_paramseed-16_sp-0213_p-15.txt$optimal function value: 44.55872038000001
optimal value: [0. 1. 0. 0. 0. 0. 1. 0. 1. 0. 0. 0. 0. 0. 0. 1.]
status: SUCCESS
 ||[2.13665136 3.01847302 1.33033213 2.80393484 1.2827149  4.13331949
 0.81030731 4.98185079 0.02859065 1.89756326 1.05330185 0.891323
 2.33149157 1.93894055 2.48203384 6.01374886 0.80615756 5.60325967
 2.53788963 4.19722966 0.08114802 2.86552244 1.96447337 1.86746785
 0.70172787 2.94766475 0.81410606 4.95161455 1.09639477 2.65749992]
 ||$hadfield_euc_shape1_paramseed-16_sp-0213_p-15.txt$optimal function value: 48.13067508999998
optimal value: [0. 0. 1. 0. 1. 0. 0. 0. 0. 1. 0. 0. 0. 0. 0. 1.]
status: SUCCESS
 ||[2.14852124 3.02327519 1.29808637 2.78775712 1.30252309 4.11304755
 0.79252275 3.99113677 0.02233134 1.89912104 1.01929001 0.87111211
 2.33196507 2.08652772 2.69826494 6.00540369 0.79560703 5.61243539
 2.53759492 4.19072761 0.08233652 2.86954647 1.96730526 1.85898019
 0.70304442 1.95029756 0.80855318 4.94906724 1.09038227 2.6587642 ]
 ||$hadfield_euc_shape2_paramseed-16_sp-0213_p-15.txt$optimal function value: 30.655645410000005
optimal value: [0. 0. 1. 0. 0. 1. 0. 0. 1. 0. 0. 0. 0. 0. 0. 1.]
status: SUCCESS
 ||[2.16462613 3.0076056  1.33508507 3.78287008 2.53523747 4.18067328
 0.79785936 3.95474218 0.10690805 1.84741729 0.99113762 0.88128916
 2.26571512 2.19719657 2.89053691 6.00780872 0.79425567 6.61850024
 2.53223063 4.18450306 0.07781942 2.8527006  1.96414233 1.84702755
 0.69027715 1.94223881 0.80909138 4.93464554 1.08552442 2.64601933]
 ||$hadfield_euc_shape3_paramseed-16_sp-0213_p-15.txt$optimal function value: 32.53962615999998
optimal value: [0. 1. 0. 0. 0. 0. 1. 0. 1. 0. 0. 0. 0. 0. 0. 1.]
status: SUCCESS
 ||[ 2.81464885  2.9902441   1.28242399  3.72084382  1.33326776  5.20245699
  0.70890204  3.79212932 -0.22703436  2.00917138  0.9075237   0.98306917
  1.99402369  1.71324416  2.37706426  5.95748688  0.45006232  5.25827362
  2.26833966  4.09177908 -0.19420858  3.85834674  1.73364393  1.63930069
  0.49338461  1.85989298  0.69744958  4.73215948  0.86731735  2.59079495]
 ||$hadfield_neuc_shape3_paramseed-17_sp-0213_p-15.txt$optimal function value: 44.55872038000001
optimal value: [0. 1. 0. 0. 0. 0. 1. 0. 1. 0. 0. 0. 0. 0. 0. 1.]
status: SUCCESS
 ||[2.63978092 5.06786871 4.01070227 1.81306352 2.45887802 4.42390824
 2.08375394 0.69275745 0.08516816 2.41620505 2.3458186  1.58287351
 1.53395858 1.9948256  2.65872923 5.87732914 1.26024291 7.27171684
 0.19486789 6.10523118 2.74935602 0.9485656  2.21809543 3.51024986
 2.99944568 1.31933842 1.69858413 5.5464357  2.0031762  1.93950807]
 ||$hadfield_euc_shape1_paramseed-17_sp-0213_p-15.txt$optimal function value: 48.13067508999998
optimal value: [0. 0. 1. 0. 1. 0. 0. 0. 0. 1. 0. 0. 0. 0. 0. 1.]
status: SUCCESS
 ||[1.66324972 6.33708167 3.03981447 2.87297002 2.45153495 4.84074849
 1.90314721 0.5499398  0.95160618 2.4134896  2.32751677 1.57015916
 1.56048348 1.98657269 2.65512972 5.93882412 1.2598728  6.27240551
 0.19336877 5.0984685  2.7414916  0.93932384 2.20882086 3.49800344
 2.98649715 1.30828252 1.68316773 5.52930443 1.99185741 1.94005696]
 ||$hadfield_euc_shape2_paramseed-17_sp-0213_p-15.txt$optimal function value: 30.655645410000005
optimal value: [0. 0. 1. 0. 0. 1. 0. 0. 1. 0. 0. 0. 0. 0. 0. 1.]
status: SUCCESS
 ||[1.63993375 6.06896026 3.01835504 1.81958593 2.40039552 4.42767847
 2.07810132 0.69179066 0.08519944 3.41790697 2.347732   1.5837577
 1.66941287 1.91646815 2.65955123 5.93874344 1.26134924 6.27294752
 0.19043865 5.10698331 2.74943661 0.94858416 2.21650449 3.5116791
 3.00071756 1.31929617 1.69641217 5.54492301 2.006881   1.94267206]
 ||$hadfield_euc_shape3_paramseed-17_sp-0213_p-15.txt$optimal function value: 32.53962615999998
optimal value: [0. 1. 0. 0. 0. 0. 1. 0. 1. 0. 0. 0. 0. 0. 0. 1.]
status: SUCCESS
 ||[2.85954934 5.17919816 3.02402187 1.81841983 2.43142552 4.46645593
 2.07429819 0.67457016 0.07620187 2.39966721 3.33538676 1.59131401
 1.56740389 1.98680122 2.64984357 5.95238018 1.51647617 6.27276648
 0.19185914 5.10596125 2.74850016 0.94923295 2.2173354  3.51399096
 2.99768572 1.31700513 1.71689715 5.52251924 2.00301035 1.94026269]
 ||$hadfield_neuc_shape2_paramseed-18_sp-0213_p-15.txt$optimal function value: 65.76070403
optimal value: [0. 0. 1. 0. 0. 1. 0. 0. 1. 0. 0. 0. 0. 0. 0. 1.]
status: SUCCESS
 ||[1.45458034 5.37673604 1.26319326 1.11138668 1.53929166 3.10347337
 1.50759059 2.87740954 0.83286449 1.59185088 3.1577687  2.03720955
 2.11985345 4.94703681 2.721914   5.93061331 1.73667919 1.49129869
 2.30887632 3.61613731 0.63495094 4.25792899 2.74372985 5.25085466
 0.67940719 1.87763695 0.02088424 6.13017357 0.69327117 4.59555194]
 ||$hadfield_neuc_shape3_paramseed-18_sp-0213_p-15.txt$optimal function value: 44.55872038000001
optimal value: [0. 1. 0. 0. 0. 0. 1. 0. 1. 0. 0. 0. 0. 0. 0. 1.]
status: SUCCESS
 ||[5.79947656e-01 4.08863244e+00 2.12318084e+00 1.15867371e+00
 1.49325115e+00 4.14193134e+00 1.35687106e+00 2.74695094e+00
 7.41138468e-01 1.48594193e+00 2.08819123e+00 1.88235495e+00
 2.06873546e+00 4.83980476e+00 2.63421818e+00 5.93045106e+00
 1.15900881e+00 1.34956527e+00 2.26150010e+00 3.69372373e+00
 1.63600906e+00 4.02167450e+00 2.52682576e+00 5.23948433e+00
 6.60542348e-01 1.85644652e+00 1.74417744e-03 5.99502613e+00
 8.83617073e-01 4.55475309e+00]
 ||$hadfield_euc_shape1_paramseed-18_sp-0213_p-15.txt$optimal function value: 48.13067508999998
optimal value: [0. 0. 1. 0. 1. 0. 0. 0. 0. 1. 0. 0. 0. 0. 0. 1.]
status: SUCCESS
 ||[0.5695159  4.15379308 1.05376249 2.24456842 2.54260124 3.10519927
 2.50753606 2.88129851 0.83392223 1.59941831 2.17644019 2.0390995
 2.12259611 5.94921022 2.72116745 5.93164745 1.8583288  1.49187196
 2.32199815 3.61709322 0.63444643 4.2559473  2.74584387 5.25008751
 0.67885313 1.8798077  0.02104119 6.13243857 0.69076797 4.56770511]
 ||$hadfield_euc_shape2_paramseed-18_sp-0213_p-15.txt$optimal function value: 30.655645410000005
optimal value: [0. 0. 1. 0. 0. 1. 0. 0. 1. 0. 0. 0. 0. 0. 0. 1.]
status: SUCCESS
 ||[1.56867488 4.14942086 1.05425029 1.24304462 1.53890861 4.10142139
 2.50143992 3.87267892 0.83045536 1.59315514 2.17208727 2.0383736
 2.12051778 4.94578323 2.72173539 5.75603233 0.91634604 2.48785032
 2.11149759 3.56299379 0.71943288 4.3409065  2.74130054 5.2496068
 0.67697363 1.87737546 1.10440407 6.12602962 1.69269336 4.56843837]
 ||$hadfield_euc_shape3_paramseed-18_sp-0213_p-15.txt$optimal function value: 32.53962615999998
optimal value: [0. 1. 0. 0. 0. 0. 1. 0. 1. 0. 0. 0. 0. 0. 0. 1.]
status: SUCCESS
 ||[1.5568892  5.19152588 1.06001169 1.2752757  1.49841098 3.09260137
 1.52037436 2.80764737 0.80913221 1.57474697 2.11862741 2.01554257
 2.12533628 5.30301014 3.29709408 5.41957857 1.22406922 1.48793769
 3.30826005 3.61521204 1.63552361 4.23653425 2.72302495 5.23609857
 0.6549312  1.855115   0.00782591 6.12352028 0.68213135 5.57032454]
 ||$hadfield_neuc_shape3_paramseed-19_sp-0213_p-15.txt$optimal function value: 44.55872038000001
optimal value: [0. 1. 0. 0. 0. 0. 1. 0. 1. 0. 0. 0. 0. 0. 0. 1.]
status: SUCCESS
 ||[3.0844062  5.93010321 1.63431044 3.21372374 2.23737981 7.26424344
 1.88793214 0.97069165 1.81963785 1.63582776 1.01589456 1.68318598
 0.33703227 2.04322851 0.97446649 3.57636636 0.63245152 0.44396998
 0.63462769 3.40681946 1.21895139 4.60829742 2.52238911 3.60513883
 0.31153532 4.57329764 2.37350048 3.48838388 2.06692042 1.87805323]
 ||$hadfield_euc_shape1_paramseed-19_sp-0213_p-15.txt$optimal function value: 48.13067508999998
optimal value: [0. 0. 1. 0. 1. 0. 0. 0. 0. 1. 0. 0. 0. 0. 0. 1.]
status: SUCCESS
 ||[3.12733105 5.93194972 1.63899356 3.21524135 1.23583048 6.2630258
 0.9213356  0.92607082 0.81771153 1.63539148 1.02716153 1.68282164
 0.33789814 2.04803701 0.96638251 3.5769322  0.63300683 1.44692379
 0.63620726 3.40815293 1.22059003 4.60773894 2.52263685 2.66779905
 0.2055382  4.57429708 2.37373131 2.48837416 2.0681544  1.87898594]
 ||$hadfield_euc_shape2_paramseed-19_sp-0213_p-15.txt$optimal function value: 30.655645410000005
optimal value: [0. 0. 1. 0. 0. 1. 0. 0. 1. 0. 0. 0. 0. 0. 0. 1.]
status: SUCCESS
 ||[3.1323704  4.93697982 1.64338664 4.20914739 2.23257993 7.24865913
 0.91132149 0.91548934 0.81512431 1.65717624 1.0321415  1.68095017
 0.32764302 2.0439298  1.01300915 3.35965485 1.80843908 0.44319113
 0.63358313 3.40626549 1.22159716 4.60773036 2.52198066 2.60038428
 0.31033522 4.57103566 2.3727152  2.48985801 2.06504752 1.88015755]
 ||$hadfield_euc_shape3_paramseed-19_sp-0213_p-15.txt$optimal function value: 32.53962615999998
optimal value: [0. 1. 0. 0. 0. 0. 1. 0. 1. 0. 0. 0. 0. 0. 0. 1.]
status: SUCCESS
 ||[2.31980759 4.77210028 1.63599387 3.20822457 1.22377406 6.26309656
 0.90900791 0.93593161 0.82665244 1.67518595 2.02388521 1.62428645
 1.35021839 2.04660351 0.9778712  3.57663636 1.6328918  0.44500609
 0.63711109 3.40926397 1.22072082 4.60814124 2.52345916 2.60361444
 0.31265015 4.57424095 2.37410309 2.48913038 2.068538   1.87950466]
 ||$hadfield_neuc_shape2_paramseed-20_sp-0213_p-15.txt$optimal function value: 65.76070403
optimal value: [0. 0. 1. 0. 0. 1. 0. 0. 1. 0. 0. 0. 0. 0. 0. 1.]
status: SUCCESS
 ||[3.85909441 4.31919235 2.40480499 5.6869074  0.83873809 3.98178739
 2.84849886 5.4832939  1.79370689 1.06531803 1.29862469 6.24378404
 1.31961508 1.98859597 2.96889778 2.82522905 0.62000324 2.00680729
 2.83233499 2.09574618 1.36291403 3.92408662 2.52661557 3.11090953
 0.21782331 3.59490891 0.36594922 0.68360066 0.59669319 4.3563202 ]
 ||$hadfield_neuc_shape3_paramseed-20_sp-0213_p-15.txt$optimal function value: 44.55872038000001
optimal value: [0. 1. 0. 0. 0. 0. 1. 0. 1. 0. 0. 0. 0. 0. 0. 1.]
status: SUCCESS
 ||[3.84649982 4.30995967 2.40689164 5.68095115 0.82175193 3.99329622
 2.84335826 5.4799551  1.79875279 1.06105512 2.29024986 6.24138173
 0.39396825 1.89811086 2.98402885 2.82362193 0.65564611 1.99161523
 2.85550868 2.10838768 1.34260294 3.94414186 2.53171458 3.09217435
 0.2556772  3.60203286 0.11119997 0.59400444 0.59800844 4.35703052]
 ||$hadfield_euc_shape1_paramseed-20_sp-0213_p-15.txt$optimal function value: 48.13067508999998
optimal value: [0. 0. 1. 0. 1. 0. 0. 0. 0. 1. 0. 0. 0. 0. 0. 1.]
status: SUCCESS
 ||[3.07158451 4.16857463 2.2542001  5.60182203 0.80410185 4.91761421
 3.31688084 6.43870304 1.78002652 0.96646927 1.21246817 6.23673191
 0.23493951 1.94001274 2.90875264 2.82620181 0.64728886 1.843011
 2.84679308 2.09050103 1.33485827 3.79358462 2.4355975  2.99453381
 0.21099057 3.50164007 0.19792963 0.58217998 0.58881522 4.23925666]
 ||$hadfield_euc_shape2_paramseed-20_sp-0213_p-15.txt$optimal function value: 30.655645410000005
optimal value: [0. 0. 1. 0. 0. 1. 0. 0. 1. 0. 0. 0. 0. 0. 0. 1.]
status: SUCCESS
 ||[3.84614638 5.32795814 3.41896396 5.68794345 0.81647632 3.99194781
 2.8419668  5.48083509 1.80069544 1.06400733 1.28816635 6.22738598
 0.33836727 2.0040457  2.98722504 2.82616039 1.65650405 1.99198981
 2.85618012 2.10721606 1.34021677 3.94551348 2.52826564 3.0911891
 0.25661764 3.59941612 0.11175833 0.59241854 0.596833   5.36174231]
 ||$hadfield_euc_shape3_paramseed-20_sp-0213_p-15.txt$optimal function value: 32.53962615999998
optimal value: [0. 1. 0. 0. 0. 0. 1. 0. 1. 0. 0. 0. 0. 0. 0. 1.]
status: SUCCESS
 ||[3.8130056  5.24059549 2.38963862 5.48516497 0.99438785 3.98177207
 2.40687654 5.5043572  1.82000152 1.01805939 1.29858988 6.26169977
 0.34914559 2.21254274 2.99570229 2.86205386 0.66777692 1.99965907
 2.8704056  2.11309788 1.37564969 3.96307564 2.38020021 3.11443939
 0.2609672  3.61123818 0.12308078 0.61003004 1.64136667 5.35999782]
 ||$hadfield_neuc_shape3_paramseed-1_sp-0213_p-16.txt$optimal function value: 44.55872038000001
optimal value: [0. 1. 0. 0. 0. 0. 1. 0. 1. 0. 0. 0. 0. 0. 0. 1.]
status: SUCCESS
 ||[0.42181861 6.26881    3.38738814 1.56672691 1.28241168 3.82689685
 2.02437564 5.92210077 0.28950508 0.17853998 2.62595077 2.71798847
 2.39288252 0.01362894 1.39923666 4.5353156  0.7187939  5.93930854
 2.83189456 0.19266541 0.08019529 3.40235118 2.95046491 2.39553805
 0.68070878 2.65273689 0.0915705  1.39342107 1.37569388 3.11560722
 0.73243382 1.45091682]
 ||$hadfield_euc_shape3_paramseed-1_sp-0213_p-16.txt$optimal function value: 32.53962615999998
optimal value: [0. 1. 0. 0. 0. 0. 1. 0. 1. 0. 0. 0. 0. 0. 0. 1.]
status: SUCCESS
 ||[1.08660663 6.40012131 3.48180991 1.575601   1.48477317 2.69777899
 1.44979214 5.13390558 0.2818587  0.15748375 2.7920272  2.51917171
 2.36243073 0.02928574 1.43300501 4.57934587 0.70241485 5.87200299
 2.77567823 0.20955455 0.09048343 3.40253873 3.90594383 2.37910978
 1.67804785 2.62788613 0.08611137 1.39460952 1.36402453 3.14173046
 0.64869162 1.53215671]
 ||$hadfield_neuc_shape3_paramseed-2_sp-0213_p-16.txt$optimal function value: 44.55872038000001
optimal value: [0. 1. 0. 0. 0. 0. 1. 0. 1. 0. 0. 0. 0. 0. 0. 1.]
status: SUCCESS
 ||[3.97513713 5.90091043 0.18126457 0.47577228 2.6258894  5.6460784
 3.04550514 2.21738585 1.86719735 3.85620765 1.83459463 1.13521259
 1.36812462 2.45125904 2.30270013 6.35095774 3.10576798 3.33867932
 1.2181565  1.77388244 0.13626415 0.46772117 1.47011831 2.20584862
 1.15217124 5.60551359 1.74065969 3.47555447 0.71680449 1.31489952
 1.02195217 0.85960204]
 ||