$hadfield_neuc_shape2_paramseed-19_sp-0213_p-20.txt$optimal function value: 65.76070403
optimal value: [0. 0. 1. 0. 0. 1. 0. 0. 1. 0. 0. 0. 0. 0. 0. 1.]
status: SUCCESS
 ||[3.12646695 4.93158127 1.63295907 3.2102752  1.23580707 6.26305509
 0.90768391 0.93122372 0.8247798  1.63446388 1.02785925 1.6825061
 0.40790525 2.01699623 0.92345696 3.52503026 1.69893954 0.44500338
 0.63761919 3.41049751 1.22103267 5.60781898 3.5231667  2.60358709
 1.3124241  4.57300473 2.3740627  2.48894765 2.06786431 1.87824018
 2.8744244  5.23861912 2.48763046 5.99351956 0.73090613 3.42483187
 2.29713685 5.0347226  1.22571218 1.87186592]
 ||$hadfield_euc_shape2_paramseed-15_sp-0213_p-20.txt$optimal function value: 30.655645410000005
optimal value: [1. 0. 0. 0. 0. 1. 0. 0. 0. 0. 1. 0. 0. 0. 0. 1.]
status: SUCCESS
 ||[4.03174026 0.07190883 2.31158654 0.99042789 3.11504547 0.12750352
 2.76281141 4.28188594 3.69333865 6.28203861 0.7580742  2.12344445
 2.22075982 1.76379718 0.82847232 1.43614461 2.69510272 5.49334931
 2.50679375 1.40215547 2.90611099 3.21239278 0.72761771 2.86182546
 1.31905201 0.4957122  1.77450535 2.26068078 1.78998888 5.84419129
 2.02834527 2.54453544 2.71176502 6.25476389 1.5390428  5.93970828
 0.06034595 0.87950903 0.5367615  5.77405981]
 ||$hadfield_euc_shape3_paramseed-15_sp-0213_p-20.txt$optimal function value: 32.53962615999998
optimal value: [0. 1. 0. 0. 0. 0. 1. 0. 1. 0. 0. 0. 0. 0. 0. 1.]
status: SUCCESS
 ||[4.03327712 0.05917375 2.30716004 0.99698068 3.09672367 0.09628171
 2.75328691 4.28763215 2.69238946 6.28068197 0.73912362 2.12890204
 2.23083637 1.76788415 0.83037968 1.43980997 3.70605393 5.52631501
 3.63049892 1.41904264 2.90663552 3.21294241 0.72511295 2.86037852
 1.31895081 0.4960154  1.77355655 2.26395076 1.78867572 5.84320644
 2.02647978 2.54614582 2.7113137  6.25176055 1.54181059 5.93723267
 0.05888818 0.88371167 0.53928182 5.89240381]
 ||$hadfield_neuc_shape2_paramseed-16_sp-0213_p-20.txt$optimal function value: 65.76070403
optimal value: [0. 0. 1. 0. 0. 1. 0. 0. 1. 0. 0. 0. 0. 0. 0. 1.]
status: SUCCESS
 ||[1.13440575 3.0147951  1.31160141 3.83014785 1.27951947 4.12892353
 0.83974995 3.99331316 0.04880592 1.84748808 1.08350883 0.80137651
 2.35224545 1.75929758 2.54837802 6.10887976 1.89776721 6.61567732
 2.537457   4.19275802 0.08602502 2.8707253  1.97247598 1.86041627
 0.70542444 1.94584364 0.81197866 4.95132954 1.09174341 2.65909905
 2.02081995 5.95887831 0.92123713 1.27690428 3.06125227 5.23046442
 2.48316756 3.28899703 0.73682407 0.97219623]
 ||$hadfield_neuc_shape3_paramseed-16_sp-0213_p-20.txt$optimal function value: 44.55872038000001
optimal value: [0. 1. 0. 0. 0. 0. 1. 0. 1. 0. 0. 0. 0. 0. 0. 1.]
status: SUCCESS
 ||[0.94719189 3.04866233 1.18791243 2.84266185 1.32537327 4.16441544
 0.81986869 3.941091   0.10273077 1.97009667 2.12768504 0.88679187
 2.33142449 1.94523949 2.47593666 6.00251087 0.79325014 5.61833424
 2.285614   4.25153772 0.08566062 2.89172159 1.96907518 2.86112152
 0.70496001 1.94656116 0.81141613 4.95006956 1.0928948  2.65840915
 2.0202414  5.95895929 0.92070661 1.27641247 3.06056622 5.23136637
 2.48293529 3.2886154  0.73787431 0.97082048]
 ||$hadfield_euc_shape1_paramseed-16_sp-0213_p-20.txt$optimal function value: 48.13067508999998
optimal value: [0. 0. 1. 0. 1. 0. 0. 0. 0. 1. 0. 0. 0. 0. 0. 1.]
status: SUCCESS
 ||[2.19351818 3.0789969  1.53098964 2.87643967 1.2471972  4.15403604
 1.66804071 4.44292709 0.02710316 2.89867774 1.03331875 0.88138253
 2.3237873  1.93491883 2.45801751 5.9934843  0.78073252 5.61438611
 2.53684001 5.20379542 0.08330644 2.84365041 1.95550116 1.84512751
 0.69640369 1.90174138 0.79518525 4.94170399 1.06987437 2.64309302
 2.01742952 5.94776704 0.89489472 0.25311034 3.047645   5.20427981
 2.48174788 3.25570777 0.73169148 0.96146024]
 ||$hadfield_euc_shape2_paramseed-16_sp-0213_p-20.txt$optimal function value: 30.655645410000005
optimal value: [0. 0. 1. 0. 0. 1. 0. 0. 1. 0. 0. 0. 0. 0. 0. 1.]
status: SUCCESS
 ||[2.13200857 3.01498153 1.31169697 2.80710641 1.2825203  4.13467867
 0.8137017  4.98928387 0.03193655 1.89533163 1.05343851 0.8920446
 2.33537263 1.94851819 2.47958774 6.00807959 0.79619272 5.61486021
 2.53735059 4.19381962 0.08626257 2.87042371 1.96921003 1.862019
 0.70480253 1.94646579 0.81174563 4.95026479 1.09399161 2.65766903
 2.020154   5.95884538 0.9202419  0.27606696 3.05957619 5.23115113
 2.48333154 3.28829533 0.73855492 1.97085164]
 ||$hadfield_euc_shape3_paramseed-16_sp-0213_p-20.txt$optimal function value: 32.53962615999998
optimal value: [0. 1. 0. 0. 0. 0. 1. 0. 1. 0. 0. 0. 0. 0. 0. 1.]
status: SUCCESS
 ||[2.13628599 4.01733144 1.31080165 3.80966011 1.28936927 4.1147104
 0.83046132 3.98883387 0.02695001 1.91253137 1.04900678 0.88738527
 2.33123232 1.95056243 2.47587573 6.01028475 0.79712105 5.61774279
 2.5260582  4.18296104 0.09229019 2.86947    1.96872174 1.86220757
 0.70469027 1.94492315 1.81063271 4.94990746 1.09226435 2.65764322
 2.02001435 5.95770101 0.91939097 0.27481353 3.06125146 5.23007808
 2.48417074 3.28839466 0.73707781 1.9693677 ]
 ||$hadfield_neuc_shape2_paramseed-17_sp-0213_p-20.txt$optimal function value: 65.76070403
optimal value: [0. 0. 1. 0. 0. 1. 0. 0. 1. 0. 0. 0. 0. 0. 0. 1.]
status: SUCCESS
 ||[2.6404413  5.06792881 3.01742524 1.81962222 2.40813352 4.42392804
 2.07862112 0.69211332 0.08474155 2.41413485 2.3452485  1.58552725
 1.57587962 1.99429586 2.65895093 5.93934778 1.26179461 6.27429337
 0.19674402 5.10577957 2.74893195 0.94812724 2.21681732 3.51097731
 2.76814545 1.35543876 1.71520305 5.58076807 2.04333903 1.97869482
 0.29288023 6.94049388 1.48999778 6.26004092 0.44566712 5.10189766
 2.555026   5.78076746 0.05623548 2.33876994]
 ||