$qaoa_euc_shape1_paramseed-15_p-1.txt$optimal function value: 48.13067508999998
optimal value: [1. 0. 0. 0. 0. 0. 1. 0. 0. 1. 0. 0. 0. 0. 0. 1.]
status: SUCCESS
 ||[ 4.52843441 -0.01089271]
 ||$qaoa_euc_shape1_paramseed-15_p-2.txt$optimal function value: 74.31243116000002
optimal value: [1. 0. 0. 0. 0. 0. 0. 0. 0. 0. 0. 1. 0. 1. 0. 0.]
status: SUCCESS
 ||[3.03826993 0.08164578 2.29764486 0.9947572 ]
 ||$qaoa_euc_shape1_paramseed-15_p-3.txt$optimal function value: 91.83066782
optimal value: [0. 0. 1. 0. 0. 0. 0. 1. 0. 0. 0. 1. 0. 1. 0. 0.]
status: SUCCESS
 ||[4.03747422 0.18996878 2.09077955 0.99093096 4.09831746 0.10456845]
 ||$qaoa_euc_shape1_paramseed-15_p-4.txt$optimal function value: 88.60230198000002
optimal value: [0. 0. 0. 0. 0. 0. 1. 0. 0. 0. 0. 1. 1. 0. 0. 0.]
status: SUCCESS
 ||[3.98580757 1.18456564 2.30289878 0.93548791 3.06836913 0.20352548
 2.9448779  4.25525178]
 ||$qaoa_euc_shape1_paramseed-15_p-5.txt$optimal function value: 48.13067508999998
optimal value: [0. 0. 0. 1. 0. 1. 0. 0. 0. 0. 1. 0. 1. 0. 0. 0.]
status: SUCCESS
 ||[3.03247463 1.07322741 2.31219328 0.99276343 3.09876118 0.10610072
 2.76297976 4.28097816 2.69337574 6.28202267]
 ||$qaoa_euc_shape1_paramseed-15_p-6.txt$optimal function value: 87.33848693000002
optimal value: [0. 0. 1. 1. 0. 0. 0. 0. 0. 1. 0. 0. 1. 0. 0. 0.]
status: SUCCESS
 ||[3.03222665 1.07304044 3.56134819 0.99309579 3.09881592 0.12750289
 3.76304133 4.28097135 2.69346384 6.28230023 0.75320565 2.12414803]
 ||$qaoa_euc_shape1_paramseed-15_p-7.txt$optimal function value: 91.83066781999995
optimal value: [0. 0. 0. 1. 1. 0. 0. 0. 0. 0. 1. 0. 0. 0. 1. 0.]
status: SUCCESS
 ||[4.03168027 1.07181576 3.31304257 0.99375276 3.15933102 0.10574516
 4.00618172 4.27520658 3.69246948 6.28033562 0.75368003 2.12464045
 2.228858   1.76433849]
 ||$qaoa_euc_shape3_paramseed-18_p-7.txt$optimal function value: 63.02959926
optimal value: [0. 1. 0. 0. 0. 0. 0. 0. 0. 0. 1. 0. 1. 0. 0. 0.]
status: SUCCESS
 ||[0.57090331 4.15602297 2.05091802 2.24359828 1.54338708 3.10450409
 1.50734521 2.88011848 0.83168724 1.59565828 3.17338211 2.03903502
 3.10562121 4.94522319]
 ||$qaoa_euc_shape1_paramseed-15_p-8.txt$optimal function value: 87.33848693000002
optimal value: [0. 1. 0. 0. 0. 0. 0. 0. 0. 0. 1. 1. 1. 0. 0. 0.]
status: SUCCESS
 ||[2.80689401 1.07217203 2.30599804 1.10350404 3.09851664 0.10551123
 2.76755958 4.28335504 2.69348277 6.28147    0.75440941 2.12515657
 2.22371467 1.76167458 0.82772978 1.43805941]
 ||$qaoa_euc_shape3_paramseed-18_p-8.txt$optimal function value: 71.93359235999998
optimal value: [0. 1. 0. 0. 1. 0. 0. 1. 0. 0. 0. 0. 0. 0. 1. 0.]
status: SUCCESS
 ||[1.61180018 4.15908858 1.0774991  1.26664792 1.57589146 3.08759188
 1.52292185 2.75235188 0.77777919 1.71210807 2.25255554 2.03440235
 2.28493372 5.02749042 2.62868916 5.8301451 ]
 ||$qaoa_euc_shape1_paramseed-15_p-9.txt$optimal function value: 91.83066781999995
optimal value: [1. 0. 0. 0. 0. 1. 0. 0. 0. 0. 0. 1. 0. 0. 0. 1.]
status: SUCCESS
 ||[4.0159416  0.06148536 2.32619641 0.99441122 3.10743606 0.0983132
 3.75202606 4.26013443 3.66904393 6.24364426 0.72753467 2.11271027
 2.17801017 1.79869544 0.95088838 1.63500376 2.70277247 5.47998943]
 ||$qaoa_euc_shape1_paramseed-16_p-9.txt$optimal function value: 94.78405805000003
optimal value: [0. 0. 0. 0. 1. 0. 0. 0. 0. 0. 1. 0. 0. 1. 0. 0.]
status: SUCCESS
 ||[2.06998076 3.0684662  1.39049087 2.78811145 1.27180252 4.11916649
 1.81229868 3.98438661 0.02406297 1.88354021 1.05493626 0.87954581
 2.32691613 1.93272891 2.47918751 5.99086283 0.7801327  5.59764712]
 ||$qaoa_euc_shape3_paramseed-18_p-9.txt$optimal function value: 62.24957653000001
optimal value: [0. 0. 0. 1. 0. 0. 0. 0. 0. 1. 0. 0. 1. 0. 0. 0.]
status: SUCCESS
 ||[1.56948139 4.15591474 1.05102053 1.24367563 1.53787367 3.10420136
 2.50710643 2.87974292 0.83106705 1.59469013 2.17361448 2.0384833
 2.11997693 4.94592162 2.72042269 5.93145843 0.73680703 1.49159139]
 ||$qaoa_euc_shape1_paramseed-12_p-10.txt$optimal function value: 102.48571131999998
optimal value: [1. 0. 0. 0. 0. 0. 0. 1. 0. 1. 1. 0. 0. 0. 0. 0.]
status: SUCCESS
 ||[1.49176571 4.13181229 2.09445375 0.89667419 0.03471287 2.35496601
 0.86170553 5.09196563 2.16979426 3.77956529 1.74802483 4.1561617
 0.45681122 2.76486688 0.51156447 5.68974557 0.18432805 5.1484621
 1.23524197 4.31662338]
 ||$qaoa_euc_shape1_paramseed-13_p-10.txt$optimal function value: 85.50720347000001
optimal value: [0. 0. 0. 1. 0. 1. 0. 0. 0. 0. 0. 0. 0. 0. 1. 0.]
status: SUCCESS
 ||[ 1.5184288   4.30317516  2.15160518  5.32734325  0.54907292  2.47457389
  0.82855429  1.40690121  2.26841116  0.77043046  1.60134938  1.3001508
  0.87643465  2.67580943  2.58458354  3.79923331 -0.01609492  1.66126894
  0.39478039  5.45502445]
 ||$qaoa_euc_shape1_paramseed-14_p-10.txt$optimal function value: 83.58928574000004
optimal value: [0. 0. 1. 0. 0. 0. 0. 0. 0. 1. 0. 0. 1. 0. 0. 0.]
status: SUCCESS
 ||[1.34583436 4.40713716 3.0373599  5.95313263 0.84638881 1.6019098
 2.30438213 4.15997739 0.9546109  4.31203508 1.27086392 4.95154513
 0.36037557 1.41351814 2.83291874 2.27468622 0.82772438 5.05003915
 1.97787859 0.93405202]
 ||$qaoa_euc_shape1_paramseed-15_p-10.txt$optimal function value: 77.94725848000002
optimal value: [0. 0. 0. 1. 0. 0. 0. 0. 0. 1. 0. 0. 1. 0. 0. 0.]
status: SUCCESS
 ||[ 3.52942982e+00  5.26211832e-03  2.30947443e+00  9.36338201e-01
  3.22549573e+00 -1.35748127e-01  2.76733567e+00  4.25467771e+00
  2.69432124e+00  6.29672067e+00  7.76899915e-01  2.12511287e+00
  2.17310759e+00  1.73252343e+00  7.62492357e-01  2.42836997e+00
  2.72563383e+00  5.47827741e+00  2.44044280e+00  1.40486458e+00]
 ||$qaoa_euc_shape1_paramseed-16_p-10.txt$optimal function value: 84.96747466000002
optimal value: [0. 0. 0. 1. 0. 1. 0. 0. 1. 0. 0. 0. 0. 0. 0. 0.]
status: SUCCESS
 ||[1.25687091 3.49487378 1.28762613 2.78347273 1.27478313 4.12205023
 0.79569534 3.96409352 0.00938106 1.89023244 1.02625082 0.85810322
 3.33461675 1.9132655  2.45772399 6.00134463 0.78019417 5.58597467
 2.51083755 4.1759822 ]
 ||$qaoa_euc_shape1_paramseed-17_p-10.txt$optimal function value: 77.94725848000002
optimal value: [0. 0. 0. 1. 0. 0. 0. 0. 0. 1. 0. 0. 1. 0. 0. 0.]
status: SUCCESS
 ||[1.45933154 5.86541374 3.48965994 2.8404023  2.40655478 4.39963627
 2.05879966 0.79705907 0.07327918 2.40215818 2.31554532 1.55800992
 1.55848244 1.99850737 2.65835719 5.90952855 1.25319006 6.27038149
 0.21111584 5.08738218]
 ||$qaoa_euc_shape3_paramseed-18_p-10.txt$optimal function value: 34.11246652
optimal value: [0. 0. 1. 0. 0. 0. 0. 1. 1. 0. 0. 0. 0. 1. 0. 0.]
status: SUCCESS
 ||[0.56819056 4.15639815 1.05123869 1.24335173 2.53952206 3.10497135
 1.50827937 2.87877425 0.83130625 1.59334715 2.17266333 2.03679361
 2.11871295 4.94571862 2.72049097 5.93211643 0.73667778 1.49174659
 2.30827116 4.61600813]
 ||$qaoa_euc_shape1_paramseed-19_p-10.txt$optimal function value: 60.521521639999975
optimal value: [0. 1. 0. 0. 0. 0. 1. 0. 1. 0. 0. 0. 0. 0. 0. 1.]
status: SUCCESS
 ||[1.8342324  4.89322915 1.65067126 3.19427827 1.2628197  7.27652187
 1.88110934 0.93039008 0.89978587 1.72195265 1.05632516 1.73582791
 0.31520815 2.12758511 0.88044085 3.54326136 0.67140745 0.16240418
 0.67561596 3.41163132]
 ||$qaoa_euc_shape1_paramseed-11_p-11.txt$optimal function value: 87.33848693000002
optimal value: [0. 0. 1. 0. 0. 0. 0. 0. 0. 0. 0. 1. 1. 1. 0. 0.]
status: SUCCESS
 ||[1.42111785 3.51750985 3.89895162 2.92575213 1.59412226 3.71280258
 1.58147345 3.21639789 1.98060918 4.98317915 0.29707433 1.90759612
 0.28561761 5.08909681 2.1802121  0.24350907 3.07881844 6.0615511
 2.05420327 3.86779486 0.49448046 0.09391624]
 ||$qaoa_euc_shape1_paramseed-12_p-11.txt$optimal function value: 60.521521639999975
optimal value: [1. 0. 0. 0. 0. 1. 0. 0. 0. 0. 0. 1. 0. 0. 1. 0.]
status: SUCCESS
 ||[1.4932098  4.13698673 3.0975979  0.89388571 0.02751523 2.35198206
 0.85768498 5.08853109 3.16669328 3.8023946  1.75163676 4.15338062
 1.45465277 2.75962578 0.51173909 5.68800305 0.18548107 5.14625282
 0.24726642 5.30510371 1.05885583 2.53960977]
 ||$qaoa_euc_shape3_paramseed-12_p-11.txt$optimal function value: 32.53962615999998
optimal value: [0. 0. 0. 1. 1. 0. 0. 0. 0. 0. 1. 0. 0. 1. 0. 0.]
status: SUCCESS
 ||[2.48907829 4.13213733 3.09513631 0.89559555 0.03295122 2.35469041
 0.86077963 5.09094099 2.16749121 3.78576434 1.75328949 4.15475227
 0.45467481 2.76472682 0.51012113 5.69370575 0.18339779 5.14453524
 1.23484722 4.31658856 1.05773877 3.54401211]
 ||$qaoa_euc_shape1_paramseed-13_p-11.txt$optimal function value: 91.83066781999995
optimal value: [0. 1. 0. 0. 1. 0. 0. 0. 0. 0. 1. 0. 1. 0. 0. 0.]
status: SUCCESS
 ||[1.81182435 5.29390216 2.14538313 5.33755367 0.58249606 1.44747744
 0.46444442 1.41452844 2.30826915 0.82003262 1.67115053 1.34264163
 0.92911283 2.71147647 2.63472585 3.82183718 0.04481431 1.7333376
 0.46395651 5.47866143 2.54749664 5.06685022]
 ||$qaoa_euc_shape1_paramseed-14_p-11.txt$optimal function value: 77.94725848000002
optimal value: [0. 0. 0. 1. 0. 0. 0. 0. 0. 1. 0. 0. 1. 0. 0. 0.]
status: SUCCESS
 ||[0.24087094 4.39603721 1.44869882 5.5495591  0.7660521  1.63657432
 2.0213691  5.16906778 0.92147992 4.16375938 0.98259014 4.72660772
 0.21704892 2.40565175 2.24230356 2.79678001 0.70865243 4.98341717
 3.04386328 0.77818242 1.42880198 3.88464981]
 ||$qaoa_euc_shape3_paramseed-14_p-11.txt$optimal function value: 70.38812845999996
optimal value: [1. 0. 0. 0. 0. 0. 0. 0. 0. 0. 0. 1. 0. 1. 1. 0.]
status: SUCCESS
 ||[1.37132225 5.47279672 1.98947289 6.90792574 0.84786549 1.54236882
 2.14708099 4.11412773 0.85914206 4.25272751 1.13843383 4.87365763
 0.18356528 1.36077756 2.68554512 2.18401101 0.81412164 4.82818144
 1.84154961 0.86632032 1.59386937 3.99743465]
 ||$qaoa_euc_shape1_paramseed-15_p-11.txt$optimal function value: 83.58928574000004
optimal value: [0. 0. 0. 1. 0. 0. 0. 0. 0. 0. 1. 0. 0. 1. 0. 0.]
status: SUCCESS
 ||[4.03235048 0.07329752 3.31214223 1.99283614 4.09861598 0.10604231
 2.76296152 4.28104403 2.69347665 6.2819903  0.75306549 2.12419006
 2.22485732 1.76298817 0.82727945 1.43643435 2.69500943 5.49489084
 2.50574799 1.40356181 2.90546537 3.21306955]
 ||$qaoa_euc_shape1_paramseed-16_p-11.txt$optimal function value: 74.31243116000002
optimal value: [0. 0. 1. 0. 0. 0. 0. 0. 0. 1. 0. 0. 0. 0. 0. 1.]
status: SUCCESS
 ||[ 2.13622926  4.02248398  1.28058398  2.80848411  1.24597667  4.10431204
  0.78061297  3.97226799  0.04494623  1.92345805  0.92994814  0.88651594
  2.28466078  1.92441596  2.43150828  5.98877542  0.76586002  5.60059135
  2.52347376  4.24581484 -0.02539543  2.85314313]
 ||$qaoa_euc_shape1_paramseed-17_p-11.txt$optimal function value: 85.50720347000001
optimal value: [0. 1. 0. 0. 0. 0. 0. 1. 0. 0. 0. 0. 1. 0. 0. 0.]
status: SUCCESS
 ||[2.63509883 5.08051497 3.02921523 1.81008895 2.41448997 4.41544101
 3.06108876 0.69719136 1.07085204 2.39131454 2.29084479 1.592802
 1.69796564 2.20212043 2.65357406 5.9312642  1.25734718 6.2679546
 0.19047691 5.09989308 2.74966419 0.94739396]
 ||$qaoa_euc_shape3_paramseed-18_p-11.txt$optimal function value: 65.88913043
optimal value: [0. 0. 1. 0. 0. 0. 0. 0. 0. 1. 0. 0. 1. 0. 0. 0.]
status: SUCCESS
 ||[1.56936269 4.15600898 2.05081412 1.2446364  2.53748136 3.10302842
 1.50789785 2.87963401 0.83006158 2.59506896 2.17166232 2.03751742
 2.11971179 4.9460497  2.72005278 5.92976861 0.73625976 1.49206924
 2.30921393 3.61492637 0.63391494 4.25795983]
 ||$qaoa_euc_shape1_paramseed-19_p-11.txt$optimal function value: 48.13067508999998
optimal value: [0. 0. 1. 0. 1. 0. 0. 0. 0. 1. 0. 0. 0. 0. 0. 1.]
status: SUCCESS
 ||[2.13096271 4.93996073 1.63605199 3.16314991 1.22029166 6.28227723
 0.93783553 1.94213918 0.82304987 1.64612209 1.03344467 1.68736981
 0.34249753 2.04813749 0.98331501 3.57892283 0.6381181  0.44727327
 0.64429222 3.41115902 1.20002886 4.62055733]
 ||$qaoa_euc_shape1_paramseed-11_p-12.txt$optimal function value: 87.33848693000002
optimal value: [1. 1. 0. 0. 0. 0. 0. 0. 0. 0. 0. 1. 0. 0. 1. 0.]
status: SUCCESS
 ||[2.41123186 4.51855912 2.94466538 2.96780189 1.60586835 3.6911002
 0.57932393 3.21023351 1.98526064 4.98906381 0.29639253 1.90415818
 0.28882152 5.06938559 2.1644102  0.25637213 3.08872613 6.07421195
 2.06912832 3.86581407 0.49449979 0.08588603 1.6660344  0.37123845]
 ||$qaoa_euc_shape1_paramseed-12_p-12.txt$optimal function value: 48.13067508999998
optimal value: [0. 0. 0. 1. 0. 1. 0. 0. 0. 0. 1. 0. 1. 0. 0. 0.]
status: SUCCESS
 ||[1.49111814 4.13120547 2.09338892 0.89591807 1.03373773 2.35402132
 0.86047251 5.09103942 2.16937875 4.77900214 1.75458699 5.15494658
 0.45645793 2.76437244 0.50938916 5.69282463 0.18397314 5.14514954
 0.23420413 4.31627198 1.05878559 2.54178994 2.64593906 0.11643442]
 ||$qaoa_euc_shape3_paramseed-12_p-12.txt$optimal function value: 65.58951586999999
optimal value: [1. 0. 0. 0. 0. 0. 0. 1. 0. 1. 0. 0. 0. 0. 0. 0.]
status: SUCCESS
 ||[1.49102438 5.13085966 3.09355874 0.8959839  0.03421141 2.35474256
 0.86085603 6.09149809 2.16945608 3.77912125 1.75371471 4.1552648
 0.45653535 2.76497424 0.50975261 5.69238123 0.18469459 5.14481237
 0.23438159 4.31631012 1.05861736 2.54226797 2.64644317 0.11689607]
 ||$qaoa_euc_shape1_paramseed-13_p-12.txt$optimal function value: 91.83066781999995
optimal value: [0. 1. 0. 0. 1. 0. 0. 0. 0. 0. 1. 0. 0. 0. 1. 0.]
status: SUCCESS
 ||[1.81376697 4.30556431 2.14912078 5.33655019 1.58345565 1.44843042
 0.46218363 1.41487513 2.30590649 0.81827699 1.6690471  1.34410114
 0.92556645 2.71161858 2.63149692 3.82264576 0.04541121 1.73319187
 0.46081824 5.47435596 2.54386618 5.06457556 2.5961871  5.67953341]
 ||$qaoa_euc_shape1_paramseed-14_p-12.txt$optimal function value: 88.60230198000002
optimal value: [0. 0. 0. 0. 1. 0. 0. 0. 0. 0. 0. 1. 0. 0. 1. 0.]
status: SUCCESS
 ||[1.33558311 4.41448388 2.04848668 5.90832883 0.8517174  1.60711219
 2.30609775 4.1371589  0.95189168 4.29920894 1.24618174 4.88525426
 0.37207259 1.40276658 2.83207405 2.24957641 0.81800257 5.05338996
 1.98436746 0.94073619 1.73212404 4.17210892 0.51818597 4.09469375]
 ||$qaoa_euc_shape3_paramseed-14_p-12.txt$optimal function value: 79.35730613999999
optimal value: [0. 0. 1. 0. 1. 0. 0. 0. 0. 0. 0. 0. 0. 1. 0. 1.]
status: SUCCESS
 ||[0.33560282 4.41446984 2.04841193 5.90839691 0.85176758 1.60715188
 2.30606312 4.1371172  0.95188554 4.2991644  1.246145   4.88532912
 0.37196825 1.40284146 2.83205877 2.24959081 0.81809374 5.05347075
 1.98442358 0.94064188 1.73208664 4.17204444 0.518153   4.09475036]
 ||$qaoa_euc_shape1_paramseed-15_p-12.txt$optimal function value: 82.43943937
optimal value: [1. 0. 0. 0. 0. 1. 0. 0. 0. 0. 0. 0. 0. 0. 0. 1.]
status: SUCCESS
 ||[4.03304984 0.0829565  3.30396012 0.98991075 3.0834365  0.10289832
 3.76326004 4.28174562 2.69304468 6.28214467 0.75320637 2.12470619
 2.22479347 1.76319943 0.82738972 1.43674451 2.69486768 5.49561937
 2.50558047 1.40373364 2.90553105 3.21277814 0.72732437 2.83852433]
 ||$qaoa_euc_shape1_paramseed-16_p-12.txt$optimal function value: 48.697738310000005
optimal value: [0. 0. 0. 1. 0. 0. 1. 0. 0. 1. 0. 0. 1. 0. 0. 0.]
status: SUCCESS
 ||[ 2.31625631  2.87781031  2.2915141   2.89492822  0.9525925   3.99593784
  1.68213084  4.09663265 -0.31175039  1.87028022  0.9059492   0.76504493
  3.33693219  1.91744819  2.46162037  6.00081352  0.74570538  5.58081252
  2.49623697  4.15804227  0.06878971  2.84948673  1.93107372  1.82323404]
 ||$qaoa_euc_shape3_paramseed-16_p-12.txt$optimal function value: 70.38812846000002
optimal value: [0. 0. 1. 1. 0. 0. 0. 0. 0. 1. 0. 0. 1. 0. 0. 0.]
status: SUCCESS
 ||[1.13496713 3.02386105 2.43408788 2.80768443 1.28477549 4.13219056
 0.81366165 3.98850266 0.03156261 1.89732697 1.0524487  0.89171657
 2.33598273 1.94589154 2.47840489 6.00860327 0.79575179 5.61287547
 2.53620889 4.19849246 0.08904969 2.8672092  1.96888728 1.86171321]
 ||$qaoa_euc_shape1_paramseed-17_p-12.txt$optimal function value: 84.96747466000002
optimal value: [1. 0. 0. 0. 0. 0. 1. 0. 0. 0. 0. 1. 0. 0. 0. 0.]
status: SUCCESS
 ||[2.63997717 5.06862112 4.01747908 1.81967216 2.406675   4.42475541
 2.07784544 0.69215752 0.0845833  3.41391829 2.3448338  1.585864
 1.57577925 1.99452021 2.65882465 5.93874666 1.26174084 6.27347959
 0.19541705 5.10575759 2.74989275 0.94824543 2.21659552 4.51149548]
 ||$qaoa_euc_shape1_paramseed-18_p-12.txt$optimal function value: 48.13067508999998
optimal value: [0. 1. 0. 0. 0. 0. 0. 1. 0. 0. 1. 0. 1. 0. 0. 0.]
status: SUCCESS
 ||[0.56927824 4.1556855  1.05115343 2.24453322 1.53748109 3.10445215
 1.50667767 2.87939127 0.83141906 1.59446484 2.17290741 2.03844714
 2.11912699 4.94569911 2.72058391 5.93157287 0.73742818 1.49191919
 2.30829711 3.61628771 0.63393569 4.25747413 2.74305617 5.25089418]
 ||$qaoa_euc_shape3_paramseed-18_p-12.txt$optimal function value: 70.38812845999996
optimal value: [0. 0. 1. 0. 0. 0. 0. 0. 0. 1. 0. 0. 1. 0. 0. 1.]
status: SUCCESS
 ||[1.5970241  5.16302103 1.0331056  1.23033969 1.53286254 3.11392834
 1.52087425 2.87271113 0.83125086 1.57590534 2.22723611 2.04358333
 2.1131463  4.94040519 2.72000339 5.91816095 0.72653406 1.52296461
 2.34098335 3.62432205 0.62970147 4.24514254 2.72984406 5.24208812]
 ||$qaoa_euc_shape1_paramseed-19_p-12.txt$optimal function value: 98.53325924000004
optimal value: [0. 0. 1. 0. 1. 0. 0. 0. 1. 0. 0. 0. 0. 0. 0. 1.]
status: SUCCESS
 ||[2.17285367 4.77946284 2.47666029 3.04539168 2.17024427 6.08859392
 0.77338685 1.01616753 0.62846533 2.76748458 0.99441824 1.49738106
 0.28412112 2.02799235 0.91424925 3.56959388 0.61153744 0.38719713
 0.61268134 3.3683901  1.16335939 4.54730733 2.50077535 2.58444157]
 ||$qaoa_euc_shape1_paramseed-20_p-12.txt$optimal function value: 87.33848693000002
optimal value: [1. 0. 0. 0. 0. 0. 0. 0. 0. 0. 0. 1. 0. 1. 1. 0.]
status: SUCCESS
 ||[2.8401663  4.31486365 3.41351578 6.6801421  0.81938142 4.00761803
 2.83734507 5.47852795 1.8028358  1.05817785 1.29136111 6.23854302
 0.32345266 1.97917148 2.97530108 2.82453509 0.67553852 1.98172866
 2.85501545 2.11850578 1.3887757  3.93838137 2.53369315 3.08978614]
 ||$qaoa_euc_shape3_paramseed-20_p-12.txt$optimal function value: 61.949961970000004
optimal value: [0. 1. 0. 0. 0. 0. 1. 0. 0. 0. 0. 0. 1. 0. 0. 0.]
status: SUCCESS
 ||[2.86491111 4.272163   2.33433385 5.67532884 0.80072584 4.2220316
 3.27606203 5.46468251 2.80046531 1.04827766 1.28876899 6.23796087
 0.30390354 1.98798947 2.97680724 2.81842224 0.63795467 1.98925736
 2.83594597 2.10209285 1.32102285 4.94690478 2.52138089 3.08224184]
 ||$qaoa_euc_shape1_paramseed-11_p-13.txt$optimal function value: 98.53325924000004
optimal value: [0. 1. 0. 0. 0. 1. 0. 0. 0. 0. 0. 1. 0. 0. 1. 0.]
status: SUCCESS
 ||[2.57457055 3.68821171 2.83627715 2.85897346 1.5293943  3.62410343
 0.51311953 3.14939111 1.91152547 5.42683426 0.22941508 1.84967265
 0.21771545 5.02101335 2.11126538 0.19677004 4.02031615 6.06130214
 2.05385443 3.86738263 0.49410382 0.09468481 1.6591623  0.37336001
 0.59700451 1.52017281]
 ||$qaoa_euc_shape1_paramseed-12_p-13.txt$optimal function value: 83.58928574000004
optimal value: [0. 1. 0. 0. 0. 0. 0. 0. 0. 0. 1. 0. 0. 0. 0. 1.]
status: SUCCESS
 ||[1.54348818 4.13256642 2.0869481  0.88989371 0.02305782 2.34992305
 0.85048435 5.09022729 2.15706743 4.77690105 1.75163745 4.15359715
 0.45617379 2.7632689  0.50960797 5.68988233 1.19746149 5.15978809
 0.24005112 4.40513327 0.99266403 2.54304026 2.64640802 0.11666008
 0.19048079 5.74918364]
 ||$qaoa_euc_shape3_paramseed-12_p-13.txt$optimal function value: 32.53962615999998
optimal value: [0. 0. 0. 1. 0. 0. 1. 0. 1. 0. 0. 0. 0. 1. 0. 0.]
status: SUCCESS
 ||[1.49091878 4.13091664 2.09356791 0.89603449 1.03403728 2.35453727
 0.86112782 5.09152997 2.16960486 3.7792115  1.75366197 4.15508324
 0.4565663  2.76483438 0.50976814 5.69241235 0.18492198 5.1449001
 1.23428469 4.31618913 1.05870999 2.5424491  2.64671629 0.11689261
 0.19092986 5.74902841]
 ||$qaoa_euc_shape1_paramseed-13_p-13.txt$optimal function value: 102.48571131999998
optimal value: [0. 0. 1. 1. 0. 1. 0. 0. 1. 0. 0. 0. 0. 0. 0. 0.]
status: SUCCESS
 ||[1.80581715 5.31288811 2.1905793  5.34119302 1.58654084 1.44960858
 1.44571103 1.42239187 2.3037794  0.83075933 1.68726495 1.34813328
 0.9282697  2.72936319 3.65227159 3.81987736 0.06334649 1.72892823
 0.45693422 5.47375548 2.54333611 5.06522909 2.59377185 4.6728662
 2.97713622 4.98470834]
 ||$qaoa_euc_shape1_paramseed-14_p-13.txt$optimal function value: 97.99353042999999
optimal value: [0. 0. 1. 0. 0. 0. 1. 0. 0. 0. 0. 1. 1. 0. 0. 0.]
status: SUCCESS
 ||[1.34670661 5.40968424 2.05261202 5.91241963 0.84668337 1.60722213
 2.30606474 4.14059941 0.95589805 5.29656704 1.35613595 4.8316598
 0.371867   1.40274151 2.83196457 2.24938566 0.81791615 5.05321736
 1.98418651 0.94048204 1.73185653 4.1718781  0.51797691 4.09452277
 0.38628917 2.11767285]
 ||$qaoa_euc_shape3_paramseed-14_p-13.txt$optimal function value: 37.817205
optimal value: [0. 0. 0. 1. 0. 1. 0. 0. 0. 0. 1. 0. 1. 0. 0. 0.]
status: SUCCESS
 ||[0.76084798 4.67331913 2.02970285 5.91170395 1.89103969 2.55821888
 2.3433452  4.1676132  0.95406602 4.39702949 1.22378589 4.64161483
 0.31810255 1.29593816 3.84513489 2.23988275 0.78773536 5.04932692
 2.42570937 0.83621672 1.60127319 4.14852535 0.49159914 4.06634752
 0.36812602 2.09400885]
 ||