$wsqaoa_euc_shape2_paramseed-13_p-17.txt$optimal function value: 30.655645410000005
optimal value: [0. 0. 1. 0. 0. 0. 0. 1. 1. 0. 0. 0. 0. 1. 0. 0.]
status: SUCCESS
 ||[0.81430447 4.30588378 3.14948823 5.33658003 0.58303166 1.44632466
 0.46677206 1.41466148 2.30726677 1.81471138 1.65497538 1.34429981
 0.92585377 2.71224427 2.63159899 4.82262118 0.0449868  1.7339256
 0.4612915  5.47504579 2.5438946  5.06517226 2.59600843 4.68013053
 2.9830186  4.98780235 0.80632627 5.34141347 1.52942655 4.74391825
 1.77241926 2.69942721 1.14487175 2.70087726]
 ||$wsqaoa_euc_shape3_paramseed-13_p-17.txt$optimal function value: 65.88913043
optimal value: [0. 1. 0. 0. 0. 0. 0. 0. 0. 0. 1. 0. 0. 0. 0. 1.]
status: SUCCESS
 ||[1.81105225 4.30756297 3.15442326 5.33364215 0.58841052 1.46018398
 1.4551969  1.40312928 2.29679465 0.81486243 1.66503853 1.3429657
 0.92202496 2.70892535 2.62653802 3.81767159 0.04158743 1.72731474
 0.45719113 5.46649978 2.53763061 5.05757856 2.59565561 4.72287617
 3.01730379 4.98670837 0.80667122 5.34059455 1.52925542 4.74012012
 1.77324581 2.69855655 1.14506747 2.69913364]
 ||$wsqaoa_euc_shape1_paramseed-14_p-17.txt$optimal function value: 103.02544013000002
optimal value: [0. 0. 0. 1. 0. 0. 1. 0. 0. 0. 0. 0. 1. 1. 0. 0.]
status: SUCCESS
 ||[0.34744694 4.38663201 2.09964094 6.94854357 0.84470799 1.53173638
 2.29500292 4.13153046 1.43460544 5.29495272 1.2427734  4.89321584
 0.3688621  1.39250761 2.81629648 2.20921131 0.81699604 5.02691638
 1.98847303 0.91684141 1.71388009 4.17211438 0.51989792 4.09549614
 1.38880601 2.10341217 0.27184247 1.26947194 3.04033059 2.5327582
 3.10210384 2.73468869 2.91981081 5.4568196 ]
 ||$wsqaoa_euc_shape2_paramseed-14_p-17.txt$optimal function value: 64.29719343999997
optimal value: [1. 0. 0. 0. 0. 0. 1. 1. 0. 1. 0. 0. 0. 0. 0. 0.]
status: SUCCESS
 ||[1.33488962 4.43054096 2.03002642 5.88907068 0.88328655 1.59216924
 2.34326412 4.13514736 0.6395929  4.67829677 1.2083028  4.84425641
 1.34244383 1.39362895 2.81883846 2.24563035 0.81231049 5.05106432
 1.97867701 0.93611235 1.72260379 4.16917099 0.50686624 4.0814532
 0.19769806 2.2825125  0.25427488 1.27090985 3.06434938 2.5364706
 3.10668636 2.74840689 1.8963418  5.47258176]
 ||$wsqaoa_euc_shape3_paramseed-14_p-17.txt$optimal function value: 72.64698858999998
optimal value: [0. 1. 0. 0. 0. 0. 1. 0. 0. 0. 0. 1. 0. 0. 0. 0.]
status: SUCCESS
 ||[0.33650463 5.40957656 2.0586219  6.90310779 0.84685808 1.54598915
 2.40964486 4.15111254 0.94557104 4.29146573 1.24698018 4.86394244
 0.37468146 1.37816844 2.83867413 3.24097044 0.83519065 5.09172293
 1.95504198 0.94924047 1.69364679 4.19410655 0.49271256 4.07886051
 0.36555629 2.12848286 0.22600955 1.28050894 3.1225495  2.60447336
 3.09805332 2.74398621 1.8908606  5.4785452 ]
 ||$wsqaoa_euc_shape2_paramseed-15_p-17.txt$optimal function value: 64.74549821999997
optimal value: [0. 0. 0. 0. 0. 1. 0. 0. 0. 0. 1. 0. 0. 0. 0. 1.]
status: SUCCESS
 ||[4.00308561 0.06529231 2.33490021 1.01560252 3.11134602 0.18542816
 2.72450931 4.32136689 2.65096424 6.35410045 0.71190505 2.18976
 2.18730226 1.42653452 1.81070255 1.51527009 2.67488144 5.530401
 2.45537187 1.36859445 2.89235534 3.15770657 0.743354   2.80242604
 1.35066294 0.42782408 1.78777323 2.20852201 1.8078439  6.8245912
 1.95823815 2.55559197 2.71116452 6.26725359]
 ||$wsqaoa_euc_shape3_paramseed-15_p-17.txt$optimal function value: 32.53962615999998
optimal value: [0. 0. 1. 0. 0. 0. 0. 1. 0. 1. 0. 0. 1. 0. 0. 0.]
status: SUCCESS
 ||[3.26512094 0.48757933 3.24876869 0.93265989 3.06311323 0.14128892
 2.76106817 4.4026076  2.67568529 6.22728355 0.7754853  3.13571231
 2.20618679 1.64955339 0.75068969 1.7371136  3.00532697 5.49197036
 2.49681881 1.2599839  2.89493243 3.10078695 0.6996053  3.87354548
 1.28022038 0.48883275 1.76268995 2.2471544  1.7324053  5.80545873
 1.97213164 2.50152862 2.68520075 6.18789427]
 ||$wsqaoa_euc_shape2_paramseed-16_p-17.txt$optimal function value: 65.44250374999999
optimal value: [1. 0. 0. 0. 0. 1. 0. 0. 0. 0. 0. 0. 0. 0. 0. 1.]
status: SUCCESS
 ||[2.1373295  4.01874507 1.31063377 2.80741199 1.28389978 4.13440653
 0.81321632 3.9889515  0.03216588 1.89881989 1.05171696 0.8926179
 2.33627929 1.94867896 2.47915813 6.00880343 0.7963908  5.61383611
 2.53647808 4.1936222  1.08744409 3.86986889 1.96966179 1.86214862
 0.70488413 1.95593174 0.79440333 5.94973117 1.06884748 2.6514229
 2.02006255 5.95855161 0.92056711 0.27666551]
 ||$wsqaoa_euc_shape3_paramseed-16_p-17.txt$optimal function value: 70.08851390000001
optimal value: [0. 0. 1. 0. 0. 1. 0. 0. 0. 1. 0. 0. 0. 0. 0. 1.]
status: SUCCESS
 ||[2.16796183 4.01467871 1.31311798 2.80224686 2.29320938 4.12113327
 0.84111967 3.99134973 1.01575419 1.90663312 1.05270085 0.87371142
 2.34964377 1.93019288 2.46311379 6.00173364 0.76965456 5.50784255
 3.64707317 4.65174016 0.05622278 2.83187192 1.93175717 1.82179328
 0.66900799 1.91124228 0.7744317  4.91775925 1.05981824 2.62762552
 2.99660876 5.9532428  0.91732088 0.27210725]
 ||$wsqaoa_euc_shape1_paramseed-17_p-17.txt$optimal function value: 87.33848693000002
optimal value: [1. 0. 0. 0. 0. 0. 0. 0. 0. 0. 1. 1. 0. 1. 0. 0.]
status: SUCCESS
 ||[1.63856276 5.07319346 4.0173991  1.82069229 2.41132613 4.42359428
 2.0777794  0.69300405 0.0868521  3.40878465 2.34493676 1.58557371
 1.57584783 1.9937493  2.65888895 5.9435466  1.25848033 6.27346125
 0.19563395 5.10512101 3.75031944 0.93877695 2.22706232 3.51152812
 3.00100623 1.31957272 1.69634024 5.54430995 2.00621798 1.94239531
 0.25755398 5.90471497 1.48879518 6.25898272]
 ||$wsqaoa_euc_shape2_paramseed-17_p-17.txt$optimal function value: 68.07826849
optimal value: [0. 0. 1. 0. 1. 0. 0. 0. 0. 0. 0. 1. 1. 0. 0. 0.]
status: SUCCESS
 ||[1.63957414 6.0684457  3.01729034 1.82014033 2.40697076 4.42517211
 2.0778129  0.68879421 0.07954335 2.41383929 2.34445556 1.58779359
 1.57749667 1.99496426 2.65891285 6.04350249 1.192458   6.27346909
 0.19541792 5.10588104 2.74986175 0.94831118 2.21668524 3.51174887
 3.00078753 1.31951447 1.69641813 5.53170769 2.01282007 1.94278353
 0.25718111 5.90488508 1.4895061  6.26014146]
 ||$wsqaoa_euc_shape3_paramseed-17_p-17.txt$optimal function value: 72.23320691999999
optimal value: [0. 0. 0. 1. 0. 0. 0. 1. 0. 1. 0. 0. 0. 0. 1. 0.]
status: SUCCESS
 ||[1.63987938 5.06871487 3.01742419 1.81982188 2.40636649 4.4245527
 2.07779875 1.69201868 0.08425708 3.4130541  2.3452213  1.58580134
 1.57580522 1.99434561 2.66093886 5.93915421 1.26119364 6.27384325
 0.19623772 5.10832352 2.74968883 0.94739177 2.21596803 3.51078197
 3.00052045 1.31868747 1.69597735 6.54458957 2.00733328 1.82431946
 0.25672982 5.90440756 1.52843266 6.26043678]
 ||$wsqaoa_euc_shape1_paramseed-18_p-17.txt$optimal function value: 98.53325924000004
optimal value: [0. 1. 0. 0. 0. 0. 0. 1. 0. 0. 0. 1. 1. 0. 0. 0.]
status: SUCCESS
 ||[1.56279014 5.14278461 1.04114797 1.25200066 1.54000812 3.09291293
 2.47995186 2.86241146 0.83000412 1.56694988 2.17937189 2.01017969
 2.14304    5.04332896 2.94253513 5.92781829 0.74188639 1.48969179
 2.30471521 3.6135301  0.63081919 4.25601179 2.7418321  5.25148396
 0.67770504 1.87356804 0.01730433 6.1305197  0.68777488 4.5647869
 1.68509681 3.72524251 1.65169298 5.17996808]
 ||$wsqaoa_euc_shape2_paramseed-18_p-17.txt$optimal function value: 75.84751230999998
optimal value: [1. 0. 0. 0. 0. 0. 0. 1. 0. 0. 1. 0. 0. 0. 1. 0.]
status: SUCCESS
 ||[ 1.56464799  5.15537048  2.05052486  2.23378599  1.55520265  3.09936689
  1.5103944   2.87926952  0.82658528  1.59526212  2.17409854  2.04093585
  2.10598238  4.94956232  2.70790812  5.93412963  0.73520398  1.49310123
  2.30259481  3.61700149  0.62721763  4.25803234  2.73634183  5.24903843
  0.67063746  1.86824211 -0.10273068  6.15813455  0.68536652  4.56314808
  1.67719278  3.72513459  1.6827159   5.22688919]
 ||$wsqaoa_euc_shape3_paramseed-18_p-17.txt$optimal function value: 65.58951586999999
optimal value: [1. 0. 0. 0. 0. 0. 0. 1. 0. 1. 0. 0. 0. 0. 0. 0.]
status: SUCCESS
 ||[0.56947691 4.15589024 1.05105587 1.24370417 1.53786772 3.10413247
 1.50725794 2.87978595 0.83105865 2.59468212 2.17358319 2.03850879
 2.12003261 4.945954   2.72046111 7.0548011  0.73692215 1.49162995
 2.32905911 3.61626208 0.63412592 4.25760446 2.74342247 5.25142334
 0.67897684 1.87843256 0.02095792 6.13033829 0.69266882 4.56864653
 1.6898518  3.72884596 1.65480829 5.18696754]
 ||$wsqaoa_euc_shape1_paramseed-19_p-17.txt$optimal function value: 91.83066781999995
optimal value: [0. 0. 0. 1. 0. 0. 1. 0. 1. 0. 0. 0. 1. 0. 0. 0.]
status: SUCCESS
 ||[2.12724696 5.9317428  2.6351038  3.21380696 1.23632608 6.26320202
 0.90907693 0.93154833 0.82019681 2.63637897 1.02846986 1.68333263
 0.33815339 2.04516311 0.97724261 3.57664038 0.63343751 0.44477678
 0.63630124 3.40824164 1.22069813 4.60852459 2.5228957  2.60400198
 0.31215356 4.57407429 2.37399714 2.48852685 2.06809876 1.87899356
 2.87421183 5.2389563  2.48798425 5.99365226]
 ||$wsqaoa_euc_shape2_paramseed-19_p-17.txt$optimal function value: 64.29719343999997
optimal value: [0. 0. 1. 1. 1. 0. 0. 0. 0. 1. 0. 0. 0. 0. 0. 0.]
status: SUCCESS
 ||[2.12727552 4.93175711 1.63508617 3.21377908 1.34396646 6.19959367
 0.9090766  0.93154204 0.82018957 1.63639545 1.02843672 1.68328906
 0.3381622  2.04518223 0.9772423  3.57662452 0.63343842 0.44479387
 0.63631844 3.40825593 1.22069945 4.60854301 2.52289173 2.60400187
 0.31210079 4.57415513 2.37398609 2.48856983 2.0681035  1.8789346
 2.8742134  5.23898147 2.48797418 5.99362834]
 ||$wsqaoa_euc_shape3_paramseed-19_p-17.txt$optimal function value: 63.02959926
optimal value: [0. 1. 0. 0. 0. 0. 0. 0. 0. 0. 1. 0. 1. 0. 0. 0.]
status: SUCCESS
 ||[2.12608034 4.93150252 1.63583812 3.21356736 1.23513461 6.26322216
 0.90794629 1.9309959  0.81970079 1.63568162 1.0292341  1.77142381
 0.2470648  2.04680404 1.07590224 3.49918861 0.63366106 0.44523147
 0.63664926 3.40808442 1.22003121 4.60829029 2.52248482 2.60388354
 0.31169437 4.5739519  2.37374829 2.48892007 2.06759103 1.87860908
 2.87386268 5.23882344 2.48807    5.99266087]
 ||$wsqaoa_euc_shape1_paramseed-20_p-17.txt$optimal function value: 88.60230198000002
optimal value: [0. 0. 0. 0. 0. 0. 1. 0. 0. 1. 0. 0. 1. 0. 0. 0.]
status: SUCCESS
 ||[3.82118641 5.27160003 2.35229438 6.21696867 2.48256211 4.43981505
 2.84502889 5.45371393 1.77420971 1.02484411 1.26233464 6.23283172
 0.29443978 1.86718142 2.9766369  3.27724854 1.65811941 1.96635525
 2.84407378 2.09588752 1.30524586 3.90528814 2.51300754 3.07344125
 0.24983755 3.57745559 0.07322154 0.54753247 0.59633183 5.35178393
 0.87544693 4.31891613 0.48352198 0.71207696]
 ||$wsqaoa_euc_shape2_paramseed-20_p-17.txt$optimal function value: 65.44250374999999
optimal value: [1. 0. 0. 0. 0. 0. 0. 1. 0. 0. 0. 0. 0. 1. 0. 0.]
status: SUCCESS
 ||[3.82250495 4.27856975 2.38036646 5.69065816 1.88298284 5.02007345
 2.86408798 5.4519467  1.83775085 1.06648098 1.23504757 6.2321565
 0.39900491 2.27239759 3.25301933 2.79548979 0.43725785 1.82858753
 3.6936053  2.1071105  1.68628204 3.9382535  2.44245347 3.08771716
 0.24823133 3.58972588 0.0983513  0.47540074 0.58720414 4.34730474
 0.88428842 4.2576954  0.81232576 0.67756641]
 ||$wsqaoa_euc_shape3_paramseed-20_p-17.txt$optimal function value: 71.93359236000003
optimal value: [0. 1. 1. 0. 1. 0. 0. 0. 0. 0. 0. 0. 0. 0. 0. 1.]
status: SUCCESS
 ||[3.84474485 4.31218958 2.408503   5.68283217 0.81547037 4.99523101
 2.84292318 5.47843549 1.80013311 2.06372773 1.29192454 6.24514272
 0.32436095 2.00632715 2.98408359 2.82317023 0.65594591 1.9893741
 2.85385798 2.10927534 1.34332729 3.94431416 2.53128708 3.09398346
 0.25736321 3.6009063  0.11192256 1.59335919 0.59676906 4.35632609
 1.88868721 4.33683901 0.51348712 0.7376153 ]
 ||$wsqaoa_euc_shape3_paramseed-1_p-18.txt$optimal function value: 63.02959926
optimal value: [0. 1. 0. 0. 0. 0. 0. 0. 0. 0. 1. 0. 1. 0. 0. 0.]
status: SUCCESS
 ||[0.42262224 5.32612028 2.39927637 1.61079596 1.57132769 2.81892922
 2.04358205 4.95203591 0.29123688 1.1728486  2.6269256  2.71990433
 2.39559106 0.0163919  1.4191421  4.52030686 0.71860763 5.93959354
 2.83246361 0.19125876 0.08006351 3.40110061 2.95018464 2.39531346
 0.68038539 2.65216589 0.09131031 1.39125154 1.37499502 3.1148927
 0.73213854 1.45046576 0.68897054 2.88865233 0.91048714 0.13543402]
 ||$wsqaoa_euc_shape3_paramseed-2_p-18.txt$optimal function value: 70.08851390000001
optimal value: [0. 1. 0. 0. 0. 0. 1. 0. 0. 0. 1. 0. 1. 0. 0. 0.]
status: SUCCESS
 ||[4.01302224 5.9141814  0.15709403 0.48133557 3.67939414 4.55982214
 2.5816286  1.92834635 1.92769565 3.79962    1.75048419 0.95149295
 1.2646845  2.91735026 2.2239658  6.19937579 2.93105734 3.36781608
 1.34661438 1.63507522 0.06439813 0.12298856 1.40671739 1.94815066
 1.14397969 5.54868748 1.60129324 3.47442814 0.69183165 0.09831917
 0.9698667  0.80723437 1.55348334 7.22794556 2.11321787 1.13770285]
 ||$wsqaoa_euc_shape3_paramseed-3_p-18.txt$optimal function value: 67.43459432999998
optimal value: [0. 1. 0. 0. 1. 0. 0. 0. 0. 0. 0. 0. 0. 0. 0. 1.]
status: SUCCESS
 ||[1.74713678 3.41911949 1.15612644 3.79014541 1.9643998  0.41238465
 0.04149993 6.27388827 0.8192983  2.47512854 3.12642541 2.95633726
 2.62773995 2.99271621 2.00919752 0.94632597 1.99459895 5.45346605
 1.64502722 5.77962999 2.10945527 0.40236608 2.3821951  3.7142332
 0.94638683 0.19475014 2.71916974 2.97038215 2.2579207  5.52205873
 2.2452856  5.78753949 1.24104898 5.03221182 1.39693216 5.87799512]
 ||$wsqaoa_euc_shape3_paramseed-4_p-18.txt$optimal function value: 62.24957653000001
optimal value: [0. 1. 0. 0. 0. 0. 0. 0. 0. 0. 0. 1. 1. 0. 0. 0.]
status: SUCCESS
 ||[0.74147831 0.64814226 1.24412956 0.97352276 0.20891744 2.52325692
 2.88424299 5.02802664 2.40397691 1.39434435 1.68595025 1.73851542
 0.54256461 1.66727192 0.6734413  6.82742731 2.60407473 5.06829006
 2.51462868 1.21535023 0.97253415 3.93993886 2.29944768 5.36992105
 2.76546648 0.54454485 1.90330719 4.2203935  1.58955818 1.11703321
 1.48780291 0.56151495 2.93617564 5.43787938 1.72046369 1.88664562]
 ||$wsqaoa_euc_shape3_paramseed-5_p-18.txt$optimal function value: 70.08851390000001
optimal value: [0. 0. 1. 0. 0. 1. 0. 0. 0. 0. 0. 1. 0. 1. 0. 0.]
status: SUCCESS
 ||[ 1.94503386  4.65633881  2.52949915  5.88151964  2.67462921  6.4489219
  0.06469319  2.91155298  2.94771547  4.07042616  2.81066679  0.70224353
  1.46255184  1.53996779  1.69525069  3.59914775  0.02526068  1.34829846
  0.8635114   5.73684043  2.39294049  0.99061131  2.49461003  0.85354713
  1.93140058  0.78702144 -0.00676349  5.46403473  0.64894437  1.3455562
  3.07249025  5.46907677  1.90478231  6.03153811  1.69022411  4.25834673]
 ||$wsqaoa_euc_shape2_paramseed-6_p-18.txt$optimal function value: 68.07826849
optimal value: [0. 1. 0. 0. 0. 1. 0. 0. 1. 0. 0. 0. 0. 0. 0. 1.]
status: SUCCESS
 ||[3.43816103 5.05571279 2.47450667 1.66104869 1.1122778  4.06374971
 1.47234316 4.75169738 1.16311078 4.67587116 0.83416617 5.01873312
 2.26924811 2.57035864 1.67743765 4.26763842 0.57569097 3.47643612
 2.50691062 1.64864667 2.66777644 4.23824105 2.62156032 2.09816025
 0.43423141 4.98218183 2.52131827 2.77114419 0.26340354 1.22000291
 1.97113869 1.80668804 2.98037529 3.67004162 0.61811777 4.08808014]
 ||$wsqaoa_euc_shape3_paramseed-6_p-18.txt$optimal function value: 65.58951586999999
optimal value: [0. 0. 1. 0. 0. 1. 0. 0. 0. 0. 0. 1. 0. 0. 0. 0.]
status: SUCCESS
 ||[3.46317991 6.18452304 1.55455587 1.6877711  0.04661555 4.17841219
 1.22361384 4.67512565 1.20565353 4.87557072 0.88206549 5.06053605
 2.33750132 2.64214507 1.7479262  4.32658408 1.64947302 3.42068712
 2.52504503 1.6566572  2.5223842  4.29362924 2.65360954 2.11303875
 0.27551746 5.00285962 2.53249441 3.80011669 0.32155783 1.23370899
 2.0049802  1.8257296  2.98039541 3.70992684 0.63121547 4.12799341]
 ||$wsqaoa_euc_shape2_paramseed-7_p-18.txt$optimal function value: 60.964423169999975
optimal value: [1. 0. 0. 0. 0. 1. 0. 0. 0. 0. 1. 0. 0. 0. 0. 0.]
status: SUCCESS
 ||[1.01808756 1.94310883 2.04849444 0.45415721 1.68244568 2.2952543
 0.18172743 3.18774932 0.11754105 3.72390134 0.21986943 0.56984558
 1.33354446 5.19526067 0.38839019 1.40236516 1.97202972 5.95472191
 1.81283984 2.49157793 4.06713986 0.2921033  2.69752144 1.81914632
 0.45366618 0.73997632 0.96907372 5.12847509 0.56677998 3.65308468
 2.00509069 2.339484   1.71941589 0.39850567 0.18538553 1.29356551]
 ||$wsqaoa_euc_shape3_paramseed-7_p-18.txt$optimal function value: 32.53962615999998
optimal value: [0. 0. 1. 0. 0. 1. 0. 0. 0. 0. 0. 1. 1. 0. 0. 0.]
status: SUCCESS
 ||[0.89408771 0.79345357 2.01684129 0.43142096 1.89772957 3.21136655
 0.1130393  3.16619418 0.02158859 2.66374667 0.08967254 0.48608861
 1.32885893 5.39433097 0.48002408 1.7664944  1.95914925 5.93501734
 1.8007921  2.48367735 3.05740943 0.26682885 2.68185441 1.80812197
 0.43491696 0.72354031 0.95005326 5.10902584 0.55037518 3.63781998
 3.00206047 2.33824377 1.71251267 0.385864   0.17736762 2.2984562 ]
 ||$wsqaoa_euc_shape2_paramseed-8_p-18.txt$optimal function value: 62.50655003999998
optimal value: [0. 1. 0. 0. 0. 0. 0. 0. 0. 0. 1. 0. 1. 0. 0. 0.]
status: SUCCESS
 ||[0.7121895  6.04622361 0.39684824 4.42835867 1.2676116  1.60035931
 3.16169406 1.31301164 2.01406896 2.90268002 1.39609938 3.10612938
 0.60381706 5.21438639 0.27751601 1.46751751 0.05896033 1.67223427
 1.27677599 5.66397209 1.18711805 0.7107207  0.80769662 6.22663708
 0.19432713 4.89282728 1.18502287 4.15207969 1.06317988 4.34346292
 1.56317595 4.08223613 2.83167075 3.65384236 0.4465024  0.4044762 ]
 ||$wsqaoa_euc_shape3_paramseed-8_p-18.txt$optimal function value: 70.38812846000002
optimal value: [0. 0. 0. 1. 0. 0. 0. 0. 0. 1. 1. 0. 1. 0. 0. 0.]
status: SUCCESS
 ||[0.71220413 7.04628376 0.39688823 4.42850044 1.26764985 1.55470313
 4.13885562 2.31567329 2.01652141 2.88483443 1.42355978 3.11006162
 0.60390675 5.21831539 0.28139859 2.47141731 0.06279393 1.67618473
 1.28069521 5.66784733 1.1909114  0.71460228 0.81165269 6.23044595
 0.19820442 3.89663247 1.18501638 4.15219112 1.06318768 4.34358654
 1.56320433 4.08227115 2.83176034 3.65390116 0.44648192 0.40452215]
 ||$wsqaoa_euc_shape3_paramseed-9_p-18.txt$optimal function value: 65.58951586999999
optimal value: [0. 0. 1. 0. 0. 1. 0. 0. 0. 0. 0. 1. 0. 0. 0. 0.]
status: SUCCESS
 ||[2.46171637 2.3518702  0.43811421 5.44405924 0.02249854 4.16082868
 3.82089952 0.50886115 1.73088456 3.88471914 0.13056271 2.3836666
 2.21150213 2.83940383 2.27770399 0.98559709 0.74183101 0.70018849
 1.5827702  5.81149084 1.85462093 4.86572511 1.20498447 4.68775561
 0.3164625  1.82749696 2.1230937  4.55919182 1.32610954 0.55158267
 0.83919829 2.31834284 0.88695823 5.08593118 0.62662299 5.57045508]
 ||$wsqaoa_euc_shape3_paramseed-10_p-18.txt$optimal function value: 65.88913043
optimal value: [0. 0. 1. 0. 0. 0. 0. 0. 0. 1. 0. 0. 1. 0. 0. 0.]
status: SUCCESS
 ||[1.79565080e+00 2.69387644e+00 2.82870469e+00 1.29232260e+00
 2.55455133e+00 5.17109019e+00 2.05448662e+00 1.00680449e+00
 1.62752213e+00 2.05966948e+00 7.78691007e-01 5.98258448e+00
 3.12484813e+00 2.82321885e-01 2.71808508e+00 3.79245377e+00
 1.20019522e+00 1.83832815e+00 2.12190116e+00 2.86999869e+00
 2.15980914e+00 4.15813760e+00 4.16914256e-01 4.82643187e+00
 3.08773448e+00 6.09051282e+00 1.92558080e+00 2.80614594e-01
 5.87847155e-03 8.43753236e-01 2.95420469e+00 1.90395444e+00
 1.14345811e+00 5.64551158e+00 9.84458355e-01 3.45077563e+00]
 ||$wsqaoa_euc_shape2_paramseed-11_p-18.txt$optimal function value: 34.534382419999986
optimal value: [0. 1. 0. 0. 0. 0. 1. 0. 1. 0. 0. 0. 0. 0. 0. 1.]
status: SUCCESS
 ||[2.42126537 4.51784086 2.90348098 2.92601635 2.5954779  3.69052826
 0.58011801 3.21635716 1.97880269 4.98240871 0.29575213 2.90631016
 0.2847768  5.0871128  2.17837233 0.26314569 3.08564354 6.06179668
 2.05434679 3.86761891 0.4948461  0.09183085 1.6599362  0.36853553
 0.59797204 1.52491315 0.09490689 2.91533071 1.38430353 5.29340685
 1.63115191 4.0234222  1.5704371  4.16267535 2.4369602  1.74772207]
 ||$wsqaoa_euc_shape1_paramseed-20_p-18.txt$optimal function value: 83.58928574000004
optimal value: [0. 0. 1. 0. 0. 0. 0. 0. 0. 0. 0. 1. 1. 0. 0. 0.]
status: SUCCESS
 ||[2.84529613 4.31184093 2.40821971 6.68409993 0.8161359  3.9941879
 3.84297681 5.47976083 1.79967364 1.06419788 1.29183218 6.24398682
 0.32421533 2.00518175 2.98463522 2.82366128 0.65576083 1.99135122
 2.85486468 2.10841868 1.3428347  3.94388483 2.53078982 3.09198772
 1.25618811 3.60176454 0.11042586 0.59424538 0.59799726 4.35699688
 0.89056349 4.33693947 0.51312586 0.7396043  0.0720188  4.43438606]
 ||$wsqaoa_euc_shape2_paramseed-20_p-18.txt$optimal function value: 30.655645410000005
optimal value: [1. 0. 0. 0. 0. 1. 0. 0. 0. 0. 1. 0. 0. 0. 0. 1.]
status: SUCCESS
 ||[2.84502292 4.31181112 2.40768922 5.68274433 0.81580632 3.99442132
 2.842902   5.47973419 1.79970555 1.06410917 1.29393842 6.24433499
 0.32382829 2.00558402 3.98443122 2.82355793 0.65569152 1.99040711
 2.85463675 2.10814124 1.34275271 3.94372821 2.53059783 3.09208001
 1.2559866  3.60147786 0.11025027 0.59350909 0.59805891 4.35763047
 0.88982341 4.33734523 0.51348925 0.73664439 0.07460993 4.43453237]
 ||$wsqaoa_euc_shape3_paramseed-20_p-18.txt$optimal function value: 34.11246652
optimal value: [1. 0. 0. 0. 0. 0. 0. 1. 0. 0. 1. 0. 0. 1. 0. 0.]
status: SUCCESS
 ||[2.84506399 4.3114759  2.40855245 5.68393623 1.81628003 3.99429848
 2.84296272 6.4797165  1.80008128 1.06412976 1.29260792 6.2445222
 0.32417409 2.00543391 2.98415264 2.82396281 0.65559367 1.99131868
 2.85449587 3.10847365 1.34259098 3.94385526 2.53082906 3.0921123
 0.25604067 4.60162372 0.11024456 0.5941857  0.59850708 4.35704237
 1.89054847 4.33704447 0.51323553 0.73940291 0.07348102 4.43477885]
 ||$wsqaoa_euc_shape3_paramseed-1_p-19.txt$optimal function value: 34.11246652
optimal value: [0. 0. 0. 1. 1. 0. 0. 0. 0. 1. 0. 0. 0. 0. 1. 0.]
status: SUCCESS
 ||[1.42221077 5.32497289 2.39961286 1.60334582 1.5561135  2.8239829
 2.04546419 4.97247774 0.31846899 0.18163575 3.58244074 2.749164
 2.3529911  0.01318503 1.39901342 4.53340626 0.71440378 5.94284072
 2.83220063 1.19352578 0.08020189 3.40114663 2.95110926 2.39509458
 0.67995873 2.6517669  0.09101388 1.39332624 1.37585414 3.11516118
 0.73182213 1.45067869 0.68734196 2.88807962 0.91019029 0.13428125
 3.63075123 3.49810656]
 ||$wsqaoa_euc_shape3_paramseed-2_p-19.txt$optimal function value: 65.58951586999999
optimal value: [0. 0. 1. 0. 0. 1. 0. 0. 0. 0. 0. 1. 0. 0. 0. 0.]
status: SUCCESS
 ||[3.96966106 5.95859014 0.17521026 0.52351839 2.60811894 4.6133482
 3.08975916 2.43384246 1.90209648 3.81141765 1.85980766 0.99018952
 2.35312405 2.42597649 2.26663941 7.25200975 2.97858564 3.40949923
 1.39407963 1.67463441 0.10381959 0.16765038 1.44796322 1.99503732
 1.18817527 5.59031766 1.64210899 3.50794669 0.72712213 0.14838108
 1.01989251 0.85522874 1.60207796 6.27021932 2.10564233 1.13698301
 2.80410869 4.99477636]
 ||$wsqaoa_euc_shape3_paramseed-3_p-19.txt$optimal function value: 62.24957653000001
optimal value: [0. 0. 0. 1. 0. 0. 0. 0. 0. 1. 0. 0. 1. 0. 0. 0.]
status: SUCCESS
 ||[0.74760618 4.41918877 1.16228263 3.7947042  1.96582426 0.41172428
 0.04138289 5.26191516 0.81476391 1.47228205 3.12776288 2.95466665
 3.62785976 2.99298402 2.00774689 0.94635255 1.99445682 5.45406038
 1.64377808 4.65730772 3.10936208 0.40230918 2.38207488 3.71395278
 0.94649993 0.19476934 2.71909397 2.97045921 2.2582094  5.52176178
 2.24355423 5.78745484 1.24068329 5.03222856 2.39690974 5.87847062
 2.76103958 0.61229198]
 ||$wsqaoa_euc_shape3_paramseed-4_p-19.txt$optimal function value: 70.08851390000001
optimal value: [1. 0. 0. 0. 0. 1. 0. 0. 0. 0. 0. 1. 0. 0. 0. 1.]
status: SUCCESS
 ||[1.74173491 0.64764045 2.24424742 0.97338312 0.20871609 2.52341221
 2.88354521 5.02928417 3.403805   1.3947268  1.77564365 1.65183983
 0.54190239 0.66783742 0.66495419 5.84109314 2.60535107 5.06720187
 2.51588379 1.21441992 0.97340649 3.93919876 2.29930192 5.37025394
 2.76459964 0.54473033 1.90322374 4.22019168 1.58993267 1.11731313
 1.48599973 0.56186686 2.93703312 5.43738617 1.72052975 1.88651896
 2.8553687  3.59622912]
 ||$wsqaoa_euc_shape3_paramseed-5_p-19.txt$optimal function value: 32.53962615999998
optimal value: [0. 1. 0. 0. 1. 0. 0. 0. 0. 0. 1. 0. 0. 0. 0. 1.]
status: SUCCESS
 ||[1.96496282e+00 5.66269833e+00 2.49788645e+00 5.92193600e+00
 2.32301721e+00 5.79678452e+00 9.10720645e-02 2.93138997e+00
 3.96075956e+00 4.07494603e+00 2.82967508e+00 7.10899298e-01
 1.47310853e+00 1.54813815e+00 1.70961746e+00 3.61105670e+00
 4.33075932e-02 1.36479807e+00 8.84636423e-01 5.76186313e+00
 2.40384530e+00 1.00239422e+00 2.50342336e+00 8.70650509e-01
 1.93957691e+00 7.97162782e-01 3.81656194e-03 5.47441704e+00
 6.57551182e-01 1.35492560e+00 3.08557230e+00 5.47939615e+00
 9.07602919e-01 6.04106213e+00 1.69205025e+00 4.25829805e+00
 6.49160120e-01 5.91746127e+00]
 ||$wsqaoa_euc_shape2_paramseed-6_p-19.txt$optimal function value: 69.57878832999998
optimal value: [0. 0. 0. 0. 0. 0. 1. 0. 0. 0. 0. 1. 0. 1. 0. 0.]
status: SUCCESS
 ||[3.43559845 5.11464606 1.52364858 1.56408238 0.01098726 4.92367244
 1.90386652 5.77370061 1.17698248 4.85103963 0.85501111 6.04038498
 2.28406875 2.57671546 1.68322286 4.28297458 0.59301167 3.46480446
 2.51949596 1.65689524 2.51517014 4.29770502 2.64316101 2.09940627
 0.28234056 5.01155835 2.52620277 2.79530726 0.28832444 1.23266413
 1.99334661 1.82769656 2.97675193 3.68975003 0.61758817 4.11450743
 1.12165096 5.84381981]
 ||$wsqaoa_euc_shape3_paramseed-6_p-19.txt$optimal function value: 65.88913043
optimal value: [0. 1. 0. 0. 0. 0. 0. 0. 1. 0. 0. 0. 0. 0. 0. 1.]
status: SUCCESS
 ||[2.49235834e+00 5.16447208e+00 1.52378545e+00 1.64381746e+00
 1.42360398e-03 4.16462022e+00 1.47732413e+00 4.77351952e+00
 1.17232424e+00 4.83893622e+00 1.85671789e+00 5.03858548e+00
 2.29280730e+00 2.60127391e+00 1.69113507e+00 4.28541352e+00
 6.06288901e-01 3.47846379e+00 2.52937933e+00 1.66832550e+00
 2.52384898e+00 4.30832030e+00 2.65237454e+00 2.10854031e+00
 2.92560355e-01 5.02833534e+00 2.52830238e+00 2.79733961e+00
 2.94670077e-01 1.23880966e+00 2.99466884e+00 1.82959786e+00
 2.98882623e+00 3.69808313e+00 6.31045872e-01 4.11801617e+00
 1.13216940e+00 5.86056670e+00]
 ||$wsqaoa_euc_shape2_paramseed-7_p-19.txt$optimal function value: 60.964423169999975
optimal value: [0. 0. 1. 0. 0. 1. 0. 0. 1. 0. 0. 0. 0. 0. 0. 0.]
status: SUCCESS
 ||[2.01736044 0.94810694 2.04518318 0.45587075 2.68423486 2.29774202
 0.18259909 3.18849987 0.11775086 2.7241569  0.2192791  0.57015137
 1.33369265 5.19605272 0.38755468 1.40214709 1.97028536 5.95459479
 1.81202007 2.49260917 3.066119   0.29352494 2.69690485 1.8193505
 0.45234243 0.74013498 0.96833779 5.12761945 0.56790713 3.65375846
 2.00648173 2.3401065  1.72070923 0.3938032  0.21624367 1.17123089
 2.13557533 2.68714687]
 ||$wsqaoa_euc_shape3_paramseed-7_p-19.txt$optimal function value: 61.949961970000004
optimal value: [0. 0. 0. 1. 1. 0. 0. 0. 0. 0. 0. 0. 0. 0. 1. 0.]
status: SUCCESS
 ||[0.97724682 1.90590923 3.05195951 0.46236039 1.6757013  2.29214591
 0.1754247  3.19550166 0.11589274 2.73490625 0.22723809 0.57032244
 1.54240644 5.04079359 0.38619529 1.39978515 1.96827779 5.95183734
 1.81307733 2.48963397 3.06428748 0.29009563 2.6941763  1.81695132
 0.45295936 0.7376452  0.96684859 5.12476957 0.56492617 3.65144053
 2.00433124 2.33700829 1.71796632 0.39171286 0.18445952 1.29121325
 3.13476224 2.68680357]
 ||$wsqaoa_euc_shape2_paramseed-8_p-19.txt$optimal function value: 34.534382419999986
optimal value: [0. 0. 1. 0. 0. 1. 0. 0. 0. 0. 0. 1. 1. 0. 0. 0.]
status: SUCCESS
 ||[0.71220805 6.04627851 0.39688878 4.42849739 0.26761586 1.55470609
 3.13885934 1.31568424 2.01647731 2.88483297 1.42355057 3.1100787
 1.60391525 5.21832685 0.2813756  1.47141931 0.06281223 1.67615757
 1.28071148 5.66783652 1.19090756 0.71459145 0.81169746 6.23045914
 0.198134   3.89662102 1.18501283 4.15219517 1.06322662 4.34354897
 1.56318901 4.08232815 2.83174314 3.65389244 0.44654356 0.40446114
 2.97211519 3.07037959]
 ||$wsqaoa_euc_shape3_paramseed-8_p-19.txt$optimal function value: 70.08851390000001
optimal value: [1. 0. 0. 0. 0. 0. 0. 1. 0. 0. 0. 1. 0. 1. 0. 0.]
status: SUCCESS
 ||[0.71227761 6.04627003 0.39710425 4.42865569 0.26770874 1.55468712
 4.13881949 1.31567966 3.01652241 2.88491531 1.42359978 3.11011483
 0.60393936 5.21855028 0.2810594  1.47140076 0.06281443 1.6761557
 1.2806961  5.66785316 1.19089838 0.7145944  0.81171686 6.23046248
 0.19819361 3.89656154 1.18504238 4.15209997 1.06313161 4.34360731
 1.56316198 4.08238999 2.83182622 3.65393412 0.44656394 0.40446138
 2.97213999 3.07041365]
 ||$wsqaoa_euc_shape3_paramseed-9_p-19.txt$optimal function value: 61.949961970000004
optimal value: [1. 0. 0. 0. 0. 1. 0. 0. 0. 0. 0. 0. 0. 0. 0. 1.]
status: SUCCESS
 ||[1.45534548 3.34455265 0.43033188 6.43311382 0.02033645 3.14366166
 2.82158543 0.50865038 1.738039   3.88027894 0.14521941 2.57248671
 2.11047864 3.73877479 3.27864974 0.98964238 0.74713085 0.69666195
 1.59067483 5.80655639 1.85724592 4.86467931 1.18853864 4.69697891
 0.31881935 1.82903225 2.11890306 4.56065668 1.32424735 0.55051823
 0.83744828 1.31869706 0.88283193 5.08597469 0.62845828 5.57017492
 2.76313116 0.34474201]
 ||$wsqaoa_euc_shape3_paramseed-10_p-19.txt$optimal function value: 62.24957653000001
optimal value: [0. 0. 1. 0. 0. 0. 0. 0. 1. 0. 0. 0. 0. 0. 0. 1.]
status: SUCCESS
 ||[1.77358754 2.70702408 1.81102912 1.29020709 2.56062981 5.18837084
 2.02672016 1.00830579 1.63686589 2.05971962 0.79459907 5.99152155
 3.14090619 0.28421992 2.7036448  3.79092095 1.20428762 1.78533108
 2.12227342 2.86144104 2.15424949 5.16781594 0.41550069 4.81891328
 3.07768508 6.0882351  1.91590918 0.26360654 0.00973254 0.8323768
 3.95689507 1.89079538 1.14181179 5.69138309 1.05477132 3.44982775
 2.36941644 0.4043963 ]
 ||$wsqaoa_euc_shape1_paramseed-11_p-19.txt$optimal function value: 87.33848693000002
optimal value: [0. 0. 0. 1. 0. 0. 0. 0. 1. 1. 0. 0. 0. 0. 1. 0.]
status: SUCCESS
 ||[2.42118683 3.51715478 2.90345276 3.92576791 2.59542818 3.69066603
 0.58011916 3.21642561 1.97883364 4.98242403 0.29570641 2.90632171
 0.28485078 5.08714833 2.17850575 1.26315593 3.08567981 6.06178852
 2.05437459 3.86767881 0.49475443 0.0942422  1.65992436 0.37419077
 0.59757207 2.52019989 0.09452265 2.91501105 1.38395883 5.29313731
 1.63086516 4.02305991 1.57008615 4.16229711 1.43674474 1.74774531
 3.13422655 6.25611997]
 ||$wsqaoa_euc_shape2_paramseed-11_p-19.txt$optimal function value: 59.367672529999965
optimal value: [0. 0. 0. 1. 1. 0. 0. 0. 0. 0. 1. 0. 0. 0. 0. 0.]
status: SUCCESS
 ||[1.94242161 3.57487385 3.01665487 2.9875686  1.6511139  4.10976336
 0.64367636 3.27603738 2.04397774 5.12730152 1.38251336 1.87948671
 0.27047568 5.03185306 3.18070352 0.24381438 3.03922844 6.02846053
 2.02251931 3.81455122 0.44933449 0.07377595 1.63509674 0.33328854
 0.56869669 1.5018497  0.08119087 2.88741841 1.33458712 5.26710122
 1.57480812 3.9822442  1.52972505 4.12448153 1.40224301 1.7189126
 3.09984508 6.23615063]
 ||$wsqaoa_euc_shape3_paramseed-11_p-19.txt$optimal function value: 70.38812845999996
optimal value: [0. 0. 0. 1. 0. 0. 0. 0. 0. 0. 1. 0. 1. 1. 0. 0.]
status: SUCCESS
 ||[1.43403647 3.51911882 2.91452453 3.92932373 1.58923602 3.67588577
 0.61731234 3.21919777 1.98272681 4.94552978 0.29917017 1.90989313
 0.28825044 5.08451867 2.17611524 0.2636956  3.09332981 6.0624204
 2.05499086 4.86508186 0.57278755 0.08258845 1.66280999 0.36574161
 0.59730249 1.50350474 0.09182901 2.90394174 1.38064557 5.29447376
 1.60992275 3.99599475 1.56018184 4.16199176 1.65957372 1.79902793
 3.13738506 6.25859527]
 ||$wsqaoa_euc_shape1_paramseed-12_p-19.txt$optimal function value: 87.33848693000002
optimal value: [0. 1. 0. 0. 0. 0. 0. 0. 0. 0. 1. 1. 1. 0. 0. 0.]
status: SUCCESS
 ||[2.49094618 4.13088912 2.09350028 0.89589009 0.03403778 2.35477911
 1.86085789 6.09166362 2.16956738 3.77911458 1.75366438 4.15523369
 0.45650322 2.76501026 0.50976064 5.69229518 0.1850887  5.14483993
 0.2343938  4.3162299  1.05871539 2.54229708 2.64623946 0.11725602
 0.19078395 5.74926992 1.5986476  0.57181699 3.10121019 5.94849416
 0.35346637 2.65920876 0.42456378 1.96363891 1.95240538 1.02731082
 2.18917423 0.32265908]
 ||$wsqaoa_euc_shape2_paramseed-12_p-19.txt$optimal function value: 34.534382419999986
optimal value: [0. 0. 1. 0. 0. 0. 0. 1. 0. 1. 0. 0. 1. 0. 0. 0.]
status: SUCCESS
 ||[2.49103565 5.13087145 3.09271699 0.89583175 1.03434422 2.3545049
 0.86079597 5.09111377 2.16941004 3.7788552  1.7536471  4.15568457
 0.45588987 2.7649608  0.50989064 5.69235647 0.18463652 5.14473337
 0.23422039 4.31666496 1.05915366 2.54182396 2.64645884 0.11683318
 0.19095867 5.74926456 1.59866767 0.57159902 3.10107994 5.94785492
 0.35328527 2.6589864  0.4242631  1.9632679  1.9524518  1.02716306
 2.18963889 0.32154275]
 ||$wsqaoa_euc_shape3_paramseed-12_p-19.txt$optimal function value: 63.02959926
optimal value: [1. 0. 0. 0. 0. 0. 0. 0. 0. 0. 0. 1. 0. 1. 0. 0.]
status: SUCCESS
 ||[1.49043147 5.13101828 2.09373472 1.89857138 0.03401465 2.35197035
 0.86089031 5.0910771  2.16975769 3.77892288 2.75325918 4.15518383
 0.45654856 2.76518622 0.50989325 5.6924578  0.18462043 5.14482091
 0.23447702 4.31615224 1.05885155 3.54195568 2.64621485 0.11674012
 0.19090167 5.74957554 1.59900613 0.57135119 3.10124944 5.94833032
 0.35339652 2.65913726 0.42433514 1.96375824 1.95267962 1.02775504
 2.18901929 0.32264104]
 ||$wsqaoa_euc_shape1_paramseed-13_p-19.txt$optimal function value: 98.53325924000004
optimal value: [0. 1. 0. 0. 0. 1. 0. 0. 0. 0. 0. 1. 1. 0. 0. 0.]
status: SUCCESS
 ||[1.80054958 5.0561326  2.14838218 5.3352593  0.48999866 1.44558992
 0.46010635 1.39816913 2.30372974 0.8161087  1.66757103 1.34156643
 1.00861329 2.70925712 2.63075316 3.82156073 0.04387929 1.72889444
 0.45896752 5.47131865 2.54250638 5.06195229 2.59526406 4.67720555
 2.98079017 4.98619868 0.80511642 5.33898205 1.52654045 4.74280225
 1.77190937 2.69743364 1.14325588 2.69897045 0.98551739 0.73635103
 2.57421759 5.01105469]
 ||$wsqaoa_euc_shape2_paramseed-13_p-19.txt$optimal function value: 64.29719343999997
optimal value: [1. 0. 0. 0. 0. 0. 0. 1. 0. 1. 1. 0. 0. 0. 0. 0.]
status: SUCCESS
 ||[1.81368114 5.30567015 3.14909807 6.33655287 0.58348297 1.44866753
 0.46237387 1.41471016 2.30604127 0.81816573 1.66919417 2.34403283
 0.92567376 2.71167543 2.63155961 3.82273688 0.04531784 1.73311722
 0.46093135 5.47440813 2.54386293 5.06450882 2.59612485 4.67939715
 2.98232651 4.98735178 0.80651487 5.34034657 1.52925371 4.7438494
 1.77228432 2.69909416 1.14415582 2.70063981 0.98571725 0.73735186
 2.57500021 5.01561724]
 ||$wsqaoa_euc_shape3_paramseed-13_p-19.txt$optimal function value: 32.53962615999998
optimal value: [0. 0. 1. 0. 0. 1. 0. 0. 0. 0. 0. 1. 1. 0. 0. 0.]
status: SUCCESS
 ||[1.66689793 5.43589099 3.35981922 5.21179934 0.48539822 1.19454081
 1.48249358 1.47431154 2.82354962 0.85824937 1.67039749 1.37556747
 0.9279354  2.71184705 2.60802593 3.83439331 0.02835238 1.78539866
 0.45176254 5.47463429 2.53631471 5.03211608 2.61373574 4.6985046
 2.9535528  5.04345044 1.0734123  5.31144816 1.50018764 4.77312944
 1.766389   2.40627825 1.06358371 2.64835352 0.9758992  0.69880131
 2.56363274 5.05401119]
 ||$wsqaoa_euc_shape1_paramseed-14_p-19.txt$optimal function value: 87.33848693000002
optimal value: [0. 1. 1. 0. 0. 0. 0. 0. 0. 0. 0. 1. 1. 0. 0. 0.]
status: SUCCESS
 ||[0.68206185 5.42471208 2.03898286 5.90476752 1.86596107 1.60299442
 2.3010973  5.13749927 1.97394987 4.26014455 2.16107216 4.84491743
 0.35631959 1.36426049 3.83285381 2.22021687 0.78240625 4.99766254
 1.95309635 0.89958903 1.71271533 4.12174206 0.48277872 4.07520419
 0.35450738 2.05828886 0.23410896 1.26064793 3.03612584 2.48963498
 3.05263865 2.70591332 1.86710571 5.4348785  2.10797295 0.66390985
 1.83559544 3.94577021]
 ||$wsqaoa_euc_shape2_paramseed-14_p-19.txt$optimal function value: 69.57878832999998
optimal value: [0. 0. 0. 0. 0. 1. 0. 0. 0. 0. 1. 0. 1. 0. 0. 0.]
status: SUCCESS
 ||[1.33565398 4.41449852 2.04841118 6.90843324 0.85167248 1.60727535
 2.30612867 4.13748702 0.95184794 4.29922192 1.24622568 4.88532652
 0.37177372 1.40313895 2.83157751 2.24950373 0.81800374 5.05340106
 1.98447202 0.94058156 1.73208051 4.17206899 0.51819766 4.09472376
 0.38649168 2.11785859 0.26139936 1.2843615  3.07249102 2.53549643
 3.10912844 2.75639369 1.90826139 5.48381995 2.15942812 0.70078234
 1.85060331 3.98182654]
 ||$wsqaoa_euc_shape3_paramseed-14_p-19.txt$optimal function value: 73.50787463999995
optimal value: [1. 0. 1. 0. 0. 1. 0. 0. 0. 0. 0. 0. 0. 0. 0. 1.]
status: SUCCESS
 ||[0.33562039 4.41446853 2.04849021 5.90845835 0.85176045 1.60713323
 2.306144   4.13713404 0.95184712 4.2991825  1.24615183 4.88525991
 0.37188523 1.40286933 2.83198806 2.24952517 0.81807788 5.05341982
 1.98440681 0.94066297 1.73208808 4.17203238 0.51821546 4.09476136
 1.38646031 2.11784409 0.26137501 1.28440605 3.0724687  2.53653556
 3.11143169 2.75608068 1.90858024 5.48267378 2.15792706 0.70078769
 1.85066397 3.98182812]
 ||$wsqaoa_euc_shape1_paramseed-15_p-19.txt$optimal function value: 82.43943937
optimal value: [0. 1. 0. 0. 1. 0. 0. 0. 0. 0. 0. 0. 0. 0. 1. 0.]
status: SUCCESS
 ||[4.03862769 0.0687258  3.32452942 1.98067334 3.10924391 0.10447214
 2.76637703 4.27905605 2.74136632 6.27558535 0.74310337 2.12284315
 2.19750275 1.75623046 0.83898849 1.44361311 2.70707885 5.49094392
 2.47211899 1.42993183 2.95774467 3.28357474 0.72227615 2.85542962
 1.31330146 0.48729053 1.74766586 2.25347763 1.786474   5.83425313
 2.01977127 2.53465451 3.69873606 6.26200659 1.55197368 5.92301478
 0.04943726 0.88734278]
 ||$wsqaoa_euc_shape2_paramseed-15_p-19.txt$optimal function value: 79.62858736000001
optimal value: [0. 0. 0. 0. 0. 0. 0. 1. 0. 1. 1. 0. 1. 0. 0. 0.]
status: SUCCESS
 ||[4.03214189 1.06621491 2.31642132 0.99657197 3.09897158 0.12318608
 2.77138894 4.2951681  2.70458662 6.29184894 0.76320293 2.13445864
 2.23536388 2.76101499 0.83875489 1.44650103 3.69317983 5.51097182
 2.52048291 1.41546363 2.92293069 3.22273979 0.73012978 2.8740051
 1.33090948 0.50703393 1.78152146 2.27166497 1.7987533  5.85431742
 2.04423352 2.55909654 2.71895336 6.26695497 1.55541377 5.94118171
 0.07659741 0.98771274]
 ||$wsqaoa_euc_shape3_paramseed-15_p-19.txt$optimal function value: 74.10710375999997
optimal value: [0. 1. 0. 0. 0. 0. 0. 0. 0. 0. 0. 1. 1. 0. 1. 0.]
status: SUCCESS
 ||[4.03240489 0.07323881 2.31137121 0.99404065 3.09866713 0.10607172
 2.76370081 4.28014248 2.69341872 6.28203072 0.75327881 2.12387539
 2.22487126 1.7629408  0.82682566 1.43670095 2.69496587 5.49486229
 2.50575779 1.40360778 2.90547362 3.21304948 0.72692715 2.86222026
 1.31906549 0.49608282 1.77400113 2.26174969 1.78953104 5.84474196
 2.028146   2.54529535 2.7130287  6.2528232  1.54020617 5.93776193
 0.0589043  0.88164194]
 ||$wsqaoa_euc_shape1_paramseed-16_p-19.txt$optimal function value: 77.94725848000002
optimal value: [0. 0. 0. 1. 0. 0. 0. 0. 0. 1. 0. 0. 0. 0. 1. 0.]
status: SUCCESS
 ||[1.13753835 4.03225881 1.30971407 2.85413455 1.24785987 4.13203862
 0.81288739 4.9898049  0.03101768 1.89757846 1.05215788 0.89153671
 2.33488021 1.94818441 2.47899562 7.00803838 0.79657061 5.61390428
 2.53564587 4.19339611 0.08549968 2.8697525  1.96835097 1.86097131
 0.70482877 1.94588908 0.81014949 4.94979606 1.09276899 2.65843834
 2.01934132 5.95820478 0.91960032 0.27569238 4.06020311 5.23021413
 2.48152785 3.28710136]
 ||$wsqaoa_euc_shape2_paramseed-16_p-19.txt$optimal function value: 34.534382419999986
optimal value: [0. 0. 1. 0. 0. 1. 0. 0. 0. 0. 0. 1. 1. 0. 0. 0.]
status: SUCCESS
 ||[2.1357693  3.01894604 1.30988189 2.80704732 1.28655091 4.13251884
 0.8132092  3.98977626 0.03183696 1.89782354 1.05265214 0.89189904
 2.33551974 1.948478   2.47946587 6.00801164 0.79642849 5.6143221
 2.53729801 4.19350658 0.08598632 2.87008461 1.96899383 1.86124343
 0.70475788 1.94651789 0.81130503 4.95008826 1.09259723 2.65859441
 2.02013907 5.95885905 0.9205669  0.27649808 3.05955502 5.23122354
 2.48289308 3.28846336]
 ||$wsqaoa_euc_shape3_paramseed-16_p-19.txt$optimal function value: 34.11246652
optimal value: [1. 0. 0. 0. 0. 1. 0. 0. 0. 0. 1. 0. 0. 0. 0. 1.]
status: SUCCESS
 ||[1.13574956 3.018999   2.30990265 2.80708934 1.28648963 4.13248445
 0.81322522 3.98977901 1.0318435  1.89784759 1.05266769 0.8919164
 3.33550866 1.94844962 2.47949224 6.00798903 0.79638255 5.61427993
 2.53725631 4.19351483 0.0859917  2.87005946 2.96894961 1.8612885
 0.47019626 1.91454854 0.83549336 4.97430297 1.11680672 2.68279927
 2.04435838 5.9830863  0.94477445 0.30072666 3.08376998 5.25541554
 3.50712789 3.28845405]
 ||$wsqaoa_euc_shape1_paramseed-17_p-19.txt$optimal function value: 82.43943937
optimal value: [1. 0. 0. 0. 0. 1. 0. 0. 0. 0. 0. 0. 0. 0. 0. 1.]
status: SUCCESS
 ||[1.64746247 5.04933468 2.98728442 1.83096995 2.39975738 4.39192408
 2.02119097 0.68363874 0.12023605 2.46879238 2.30505578 1.55933711
 1.56893673 1.97105946 2.62897948 5.93528757 1.19633897 6.29500815
 1.23298154 5.12236938 2.72337335 0.91712764 2.21282651 3.53582598
 2.89779483 1.31380341 1.68570273 5.53562568 1.9924888  1.93346716
 0.24189832 5.89075222 1.48239877 6.24756191 0.44528451 5.07964522
 2.60904955 5.77548774]
 ||$wsqaoa_euc_shape2_paramseed-17_p-19.txt$optimal function value: 72.55634906999998
optimal value: [1. 0. 0. 0. 0. 0. 0. 0. 0. 0. 0. 1. 0. 1. 1. 0.]
status: SUCCESS
 ||[2.63901828 6.06852799 3.0174813  1.81839319 2.40670952 4.42488578
 2.07782268 0.69217296 0.08466529 2.41381468 2.34490934 1.5859042
 1.57573213 1.99456901 3.65890858 5.93883747 1.26157723 6.27341184
 1.3204133  5.1057903  2.75000007 0.94817986 2.21657527 3.51163049
 3.00084251 1.31962481 1.69649341 5.54462818 2.00677123 1.94269935
 0.25709998 5.90463834 1.48931591 6.2600274  0.44510794 5.10328175
 2.55530372 5.78033563]
 ||$wsqaoa_euc_shape3_paramseed-17_p-19.txt$optimal function value: 34.11246652
optimal value: [0. 0. 0. 1. 1. 0. 0. 0. 0. 1. 0. 0. 0. 0. 1. 0.]
status: SUCCESS
 ||[2.6453675  6.07396254 3.0123965  1.82398285 2.4117636  4.60606716
 1.89719098 0.69279428 1.08483318 2.41566213 2.34838157 1.58689312
 1.57730547 1.99615573 2.65929823 5.93885149 1.2618299  6.27399564
 0.19578639 5.10629765 2.76038457 0.82457392 2.21816228 3.51313374
 3.00286364 1.32111097 1.69783864 5.54612616 2.00826728 1.94429098
 0.25867759 5.90626317 1.49092964 6.26161966 0.44639722 5.10471932
 2.55682369 5.78187796]
 ||$wsqaoa_euc_shape1_paramseed-18_p-19.txt$optimal function value: 77.94725848000002
optimal value: [1. 0. 0. 0. 0. 0. 0. 0. 0. 0. 1. 0. 0. 0. 0. 1.]
status: SUCCESS
 ||[1.56912741 4.2663214  2.27482842 2.24585702 1.53889741 3.10404616
 1.50667449 2.88090028 0.83029012 1.59415439 2.172619   2.0374576
 2.12039498 4.94646039 2.72191341 5.93084579 0.73768654 1.49209769
 2.30833521 3.61598033 0.63391671 4.25758751 2.74313657 5.25115783
 0.6785286  1.87812861 0.02078305 6.1300082  0.69255184 4.56830696
 1.68986418 3.72860139 1.65483812 5.18712201 1.88486882 1.90487201
 0.36033201 2.99945436]
 ||$wsqaoa_euc_shape2_paramseed-18_p-19.txt$optimal function value: 34.534382419999986
optimal value: [0. 0. 1. 0. 0. 1. 0. 0. 0. 0. 0. 1. 1. 0. 0. 0.]
status: SUCCESS
 ||[1.54393603e+00 5.20103140e+00 1.33183425e+00 1.23759071e+00
 1.53364388e+00 3.05336869e+00 1.45692413e+00 2.86184748e+00
 2.36321309e+00 1.57846452e+00 2.16476314e+00 2.03874606e+00
 2.11508317e+00 4.94693264e+00 2.85462251e+00 5.91230935e+00
 7.62553357e-01 1.45994380e+00 2.33153934e+00 3.61499997e+00
 6.36562529e-01 4.42669845e+00 3.76019470e+00 5.23884472e+00
 1.69386686e+00 1.85195070e+00 2.23493404e-03 5.85070158e+00
 6.57896034e-01 4.53399898e+00 2.70331944e+00 3.70043403e+00
 1.65980397e+00 5.14636318e+00 1.88803797e+00 1.90467974e+00
 3.44706286e-01 2.96661162e+00]
 ||$wsqaoa_euc_shape3_paramseed-18_p-19.txt$optimal function value: 64.87467772
optimal value: [1. 0. 0. 0. 0. 0. 1. 0. 0. 0. 0. 0. 0. 0. 0. 1.]
status: SUCCESS
 ||[1.58758638 4.58044902 2.30482463 1.25608588 1.55616855 3.11701542
 1.52430145 2.89613291 0.84376866 1.60678334 2.19018327 2.05435943
 2.1517759  4.94111786 2.73037021 5.94404536 0.75626629 1.50722914
 3.33022847 3.60956698 0.61317566 5.25836732 2.73403899 5.24101483
 0.67266077 1.86886714 0.01469685 6.12127563 0.68513323 4.55700223
 1.68075127 3.72094198 1.64320317 5.1803613  1.88149732 1.89591521
 0.35826675 2.9963864 ]
 ||$wsqaoa_euc_shape1_paramseed-19_p-19.txt$optimal function value: 91.83066781999995
optimal value: [1. 0. 0. 0. 0. 1. 0. 0. 0. 0. 0. 1. 0. 1. 0. 0.]
status: SUCCESS
 ||[2.12731093 4.93175688 1.6350645  3.21377223 1.23631694 6.26313566
 0.90905047 0.93161786 0.82024573 2.6363452  1.02843591 1.68330703
 0.33816067 2.04517327 0.97723564 4.57667599 0.63345164 0.44478508
 0.63633193 3.40825869 1.22071378 4.60852686 2.52291881 2.60401844
 0.31211197 4.57409449 2.37401865 2.48853318 2.06805574 1.8790325
 2.87424712 5.238974   2.48804868 5.99363286 0.73150781 3.42593699
 2.29767367 5.03580848]
 ||$wsqaoa_euc_shape2_paramseed-19_p-19.txt$optimal function value: 70.91799139999998
optimal value: [0. 1. 0. 0. 0. 0. 1. 0. 0. 0. 0. 0. 0. 0. 0. 1.]
status: SUCCESS
 ||[2.11414528 4.94046088 2.55854487 3.18518839 1.20677204 7.26459151
 1.39836641 0.9148191  1.81431218 1.63505157 1.02971398 1.6773533
 0.33783163 2.04826995 0.96634072 3.57675124 0.62866369 0.43866225
 1.64702364 3.40344811 1.21075358 4.59207237 2.51021133 2.58627732
 0.30677618 4.56240118 2.36016554 2.60742845 2.05802193 1.87811506
 2.87292577 5.23457271 2.26806408 5.98833951 0.71845352 3.41339849
 2.2878573  5.01861297]
 ||$wsqaoa_euc_shape3_paramseed-19_p-19.txt$optimal function value: 70.38812845999996
optimal value: [0. 0. 1. 0. 0. 0. 0. 0. 0. 0. 0. 1. 1. 1. 0. 0.]
status: SUCCESS
 ||[3.12734274 4.93169524 1.63501312 3.1894739  1.23614598 7.3137713
 0.94569134 0.93193884 1.8193923  2.63556355 2.0276223  2.80429953
 0.33825367 2.04526593 0.97729152 3.57670691 0.63349396 0.44475958
 0.63640707 3.40832056 1.22076159 4.60858626 2.52300119 2.6040805
 0.31220451 4.57416169 2.3740331  2.48860666 2.068164   1.87905964
 2.8742793  5.23902885 2.48809963 5.99370766 0.73152774 3.42600096
 2.29775475 5.03582925]
 ||$wsqaoa_euc_shape1_paramseed-20_p-19.txt$optimal function value: 88.08146663000002
optimal value: [1. 0. 0. 0. 0. 1. 0. 0. 0. 0. 0. 1. 0. 0. 0. 0.]
status: SUCCESS
 ||[2.84517337 4.31186391 3.40806193 5.68388555 0.8162339  3.9943733
 2.84297694 5.47975526 1.7998971  1.06427839 1.29284713 6.24446662
 0.32437858 2.00520319 2.9846143  2.82365038 0.65547442 2.9911902
 2.85458405 2.10844081 1.34260886 3.94384544 2.53083434 3.09203032
 0.25591661 3.60159233 0.11025853 0.59389194 0.59798824 4.35699578
 0.89053795 4.33696635 0.51317388 0.73949018 0.07333493 4.43454649
 2.69893773 1.38020754]
 ||$wsqaoa_euc_shape2_paramseed-20_p-19.txt$optimal function value: 58.02846945999997
optimal value: [0. 0. 1. 0. 1. 0. 0. 0. 0. 1. 0. 0. 0. 0. 0. 0.]
status: SUCCESS
 ||[2.8521711  4.24309669 2.42978058 6.16560218 0.74198079 4.33368247
 2.75000878 5.45188276 2.12626687 1.05044553 1.25256331 6.22944639
 0.23310193 3.00654079 2.94455556 2.79465365 0.64853573 1.94421512
 2.81341293 2.10409886 1.30450648 3.89803091 2.48834961 4.06701047
 0.23516045 3.58727259 0.09669774 0.63802429 0.54500141 4.322528
 0.81984904 4.31467048 0.47057538 0.72920819 0.12048343 4.3862684
 2.74410542 1.35303534]
 ||$wsqaoa_euc_shape3_paramseed-20_p-19.txt$optimal function value: 32.53962615999998
optimal value: [1. 0. 0. 0. 0. 0. 0. 1. 0. 1. 0. 0. 0. 0. 1. 0.]
status: SUCCESS
 ||[ 3.85061423  5.31247746  2.40608015  5.68566702  0.82348531  3.99085274
  2.84118484  5.47848671  1.79781759  1.06220572  2.29119451  6.2435345
  0.32444517  2.00421884  3.98033427  2.82338954  0.6570785   1.99173452
  2.85371679  2.11186848  1.33935669  3.94273667  2.53169874  3.09042509
  0.25643533  3.60054385  0.11082535  0.59540989  0.59933408  4.3555888
  0.88902121  4.3363372   0.51361132  0.82624281 -0.01513536  4.43428031
  2.69884192  1.37959946]
 ||