$wsqaoa_euc_shape3_paramseed-1_p-16.txt$optimal function value: 70.08851390000001
optimal value: [0. 1. 0. 0. 1. 0. 0. 0. 0. 0. 1. 0. 0. 0. 1. 0.]
status: SUCCESS
 ||[ 8.11768971e-01  5.60849255e+00  3.42694749e+00  1.51100763e+00
  1.54938178e+00  3.80090415e+00  3.03259098e+00  4.81449166e+00
  2.50410931e-01 -6.77099741e-03  2.41779221e+00  2.59060587e+00
  2.22534061e+00  1.07650516e+00  9.03275341e-01  4.30214585e+00
  6.25662232e-01  5.81564944e+00  2.67963355e+00  1.82847687e-01
  1.90068877e-01  3.37008112e+00  2.53732699e+00  1.95531775e+00
  5.19773124e-01  2.59647205e+00 -1.11551488e-03  1.27753673e+00
  1.17519033e+00  2.97771494e+00  8.62809432e-01  1.39066804e+00]
 ||$wsqaoa_euc_shape3_paramseed-2_p-16.txt$optimal function value: 62.24957653000001
optimal value: [0. 0. 0. 1. 0. 0. 0. 0. 0. 1. 0. 0. 0. 0. 1. 0.]
status: SUCCESS
 ||[3.00190433 5.95387411 1.17719441 0.5378552  2.62369971 4.62275792
 2.10348675 1.94004343 1.90249048 3.81828696 1.82642815 0.99355037
 1.35257081 2.47450888 2.27145492 6.2536406  2.98087027 3.41275389
 1.3973563  1.68442257 0.11419885 0.17745836 1.46136139 2.00275692
 1.19706291 5.59977264 1.65346046 3.52654623 0.73931572 1.15378112
 1.01922044 0.85830383]
 ||$wsqaoa_euc_shape3_paramseed-3_p-16.txt$optimal function value: 65.58951586999999
optimal value: [0. 1. 0. 0. 1. 0. 0. 0. 0. 0. 1. 0. 0. 0. 0. 0.]
status: SUCCESS
 ||[1.73750129 3.44114883 1.14667024 3.77816901 1.98637487 0.37898891
 0.03585694 5.25163919 0.80518369 1.94833082 3.0988853  2.97061485
 2.67350829 3.00827446 2.00045201 0.89517456 2.01346408 5.47283537
 1.63918559 4.66969968 2.05778343 0.34929097 2.36626582 3.72063429
 0.9201277  1.25140374 2.71253588 2.94704653 2.24791263 5.45608186
 2.22725603 5.74270913]
 ||$wsqaoa_euc_shape3_paramseed-4_p-16.txt$optimal function value: 62.24957653000001
optimal value: [0. 1. 0. 0. 0. 0. 0. 0. 0. 0. 0. 1. 0. 0. 1. 0.]
status: SUCCESS
 ||[0.74143958 0.64823064 1.24414772 0.97344858 0.21018936 2.52256953
 2.88394006 5.02912208 2.40382552 1.39443073 1.68568096 1.73760625
 0.54297039 0.66774003 0.67357811 5.82757753 2.60416304 5.06840603
 2.51426278 1.21495839 0.97340208 3.93928081 2.29929901 5.36990261
 2.76484282 0.54466682 1.90339281 4.22013    1.58921555 1.1167428
 1.48743087 0.56126796]
 ||$wsqaoa_euc_shape3_paramseed-5_p-16.txt$optimal function value: 61.949961970000004
optimal value: [1. 0. 0. 0. 0. 0. 0. 1. 0. 0. 0. 0. 0. 1. 0. 0.]
status: SUCCESS
 ||[1.95678374e+00 4.66082509e+00 2.49791666e+00 6.92164892e+00
 2.32430900e+00 5.79496118e+00 9.11565188e-02 2.92567000e+00
 3.96363937e+00 4.07760757e+00 2.83025298e+00 7.11398232e-01
 2.47387450e+00 1.54883888e+00 1.70817149e+00 3.60585654e+00
 4.10989402e-02 1.36157343e+00 8.78248047e-01 5.75733797e+00
 2.40539227e+00 2.00277139e+00 2.50449861e+00 8.72196303e-01
 1.93963754e+00 7.96107078e-01 5.25186378e-03 5.47566647e+00
 6.57962059e-01 1.35389075e+00 3.08645164e+00 5.48158639e+00]
 ||$wsqaoa_euc_shape3_paramseed-6_p-16.txt$optimal function value: 37.817205
optimal value: [0. 0. 1. 0. 1. 0. 0. 0. 0. 0. 0. 1. 0. 1. 0. 0.]
status: SUCCESS
 ||[3.49235456e+00 6.16448570e+00 2.52379635e+00 1.64380978e+00
 1.40608183e-03 4.16460811e+00 1.47734778e+00 4.77353978e+00
 2.17230326e+00 5.83892856e+00 8.56713218e-01 5.03858103e+00
 3.29284914e+00 2.60128147e+00 1.69114591e+00 4.28541127e+00
 6.06273715e-01 3.47845976e+00 2.52935789e+00 1.66831533e+00
 2.52387240e+00 4.30833511e+00 2.65236691e+00 2.10849941e+00
 2.92608203e-01 5.02834950e+00 2.52831236e+00 2.79737277e+00
 2.94627736e-01 1.23880893e+00 2.99462439e+00 1.82957776e+00]
 ||$wsqaoa_euc_shape3_paramseed-7_p-16.txt$optimal function value: 63.02959926
optimal value: [1. 0. 0. 0. 0. 0. 0. 0. 0. 1. 0. 0. 0. 0. 0. 1.]
status: SUCCESS
 ||[0.96251381 1.9584237  2.05785286 1.38410451 1.68733939 2.30096414
 0.18237912 3.17020944 0.13582718 2.72797613 0.21965547 0.57900005
 1.32018058 6.18769109 0.4005516  1.38410422 2.95458097 5.96255317
 1.81440921 2.48943291 3.07131716 0.28840245 2.66780851 1.82569797
 0.45809393 0.73971662 0.97103239 6.12842943 0.56917497 3.65750771
 3.01259822 2.3408803 ]
 ||$wsqaoa_euc_shape3_paramseed-8_p-16.txt$optimal function value: 61.949961970000004
optimal value: [0. 0. 1. 0. 0. 1. 0. 0. 0. 0. 0. 0. 0. 0. 0. 1.]
status: SUCCESS
 ||[0.7119185  6.04680328 1.39689798 4.43021154 0.26780285 2.55412121
 3.13845839 1.31527852 2.01664839 2.66159501 1.48290734 3.16481548
 0.65872407 6.27286278 0.28144805 1.47139951 0.06280134 1.67618291
 1.28074693 5.66785022 1.1910405  0.71465646 0.81157868 6.23039205
 0.19839981 3.89681417 1.1849964  4.1520688  1.06310748 4.34357268
 1.56317735 4.082327  ]
 ||$wsqaoa_euc_shape3_paramseed-9_p-16.txt$optimal function value: 64.87467772
optimal value: [0. 0. 0. 1. 0. 1. 0. 0. 0. 0. 0. 0. 1. 0. 0. 0.]
status: SUCCESS
 ||[2.4500894  2.34895703 1.44014331 5.44316606 0.01516195 3.151939
 2.82247039 0.50293632 1.73977558 3.87545608 1.13231684 2.37705785
 2.20522306 2.83734844 2.26752661 0.99051741 0.73125175 0.69646768
 1.57132086 5.79515629 1.82794883 4.85840272 1.1795204  4.67111473
 0.29960467 1.82915095 2.09348693 4.54602062 1.3076313  0.53651156
 0.91892171 1.54562218]
 ||$wsqaoa_euc_shape3_paramseed-10_p-16.txt$optimal function value: 67.73420888999999
optimal value: [0. 0. 0. 0. 0. 0. 0. 1. 0. 1. 0. 0. 0. 0. 1. 0.]
status: SUCCESS
 ||[1.79530498 2.69481302 1.81628737 1.29473556 2.55518642 5.17499477
 2.05290586 1.00673031 1.63574206 2.05941244 0.78535556 5.98674118
 3.13071861 0.279995   2.70234572 3.7899563  1.19880806 1.78207406
 2.12057407 2.87035374 2.15457701 4.1584863  1.41765634 4.82453087
 3.08637557 6.09087994 1.9269032  0.27825429 0.01274328 0.84172622
 2.95627333 1.90299799]
 ||$wsqaoa_euc_shape2_paramseed-11_p-16.txt$optimal function value: 64.74549821999997
optimal value: [0. 0. 0. 0. 0. 0. 1. 0. 0. 1. 0. 0. 1. 0. 0. 0.]
status: SUCCESS
 ||[1.42119608 3.30729301 2.90353355 2.92575647 1.59541767 4.69066786
 0.71595417 3.2164789  1.97883496 4.98240937 0.29571986 1.90632964
 0.28480848 5.08713157 2.17851035 0.2631796  3.08565169 6.06175837
 2.05435839 3.86767193 0.49478166 0.09429625 1.65995811 0.37417886
 0.5975779  1.52015136 0.09449408 2.91500942 1.38397643 5.29311422
 1.63086792 4.02308961]
 ||$wsqaoa_euc_shape3_paramseed-11_p-16.txt$optimal function value: 62.24957653000001
optimal value: [1. 0. 0. 0. 0. 0. 0. 0. 0. 0. 1. 0. 0. 0. 0. 1.]
status: SUCCESS
 ||[1.41584532 3.5093632  2.93828358 2.90890631 1.61413999 3.64799787
 1.55430905 3.32964171 1.75160205 4.89550558 0.29081028 1.87151198
 0.29703486 5.06513229 2.15808756 0.21979897 3.03082226 6.06439558
 2.01544486 3.95823321 1.49502533 0.5626524  1.65041638 0.36604597
 0.5934539  1.51544579 0.08331335 2.91109894 1.37255803 5.28323483
 1.62271373 4.02256558]
 ||$wsqaoa_euc_shape1_paramseed-12_p-16.txt$optimal function value: 48.13067508999998
optimal value: [1. 0. 0. 0. 0. 0. 1. 0. 0. 1. 0. 0. 0. 0. 0. 1.]
status: SUCCESS
 ||[2.49081221 4.13116211 3.09370903 1.89572058 0.03403291 2.3544283
 0.86092435 5.09180691 2.16982435 3.77894052 2.753334   4.1553808
 0.45650484 2.7652795  0.51033542 5.69233453 0.18502936 5.14486521
 0.23445845 4.31640471 1.05873151 2.54236959 2.64640259 0.11696076
 0.19116052 5.74919586 1.59898606 0.57129704 3.10138888 5.94830796
 0.35339606 2.65888377]
 ||$wsqaoa_euc_shape2_paramseed-12_p-16.txt$optimal function value: 32.55298180999998
optimal value: [0. 0. 0. 1. 0. 1. 0. 0. 0. 0. 1. 0. 1. 0. 0. 0.]
status: SUCCESS
 ||[1.49088971 5.13094048 3.09362006 1.89595785 1.03409346 2.35452384
 1.86096617 5.09138638 2.16948022 3.77896918 1.75376328 4.15524339
 0.45650459 2.76480359 0.50971779 5.69237305 0.18484602 5.14470895
 1.23437423 4.31628113 1.05888009 2.54222001 2.64642104 0.11695723
 0.19080588 5.74941056 2.59888528 0.57165886 3.10115539 5.94836664
 0.35332442 2.6590018 ]
 ||$wsqaoa_euc_shape3_paramseed-12_p-16.txt$optimal function value: 62.24957653000001
optimal value: [1. 0. 0. 0. 0. 0. 0. 0. 0. 0. 1. 0. 0. 0. 0. 1.]
status: SUCCESS
 ||[ 2.58516013  5.27329199  1.92514681  0.84167702  1.03670686  2.28153504
  0.80963439  6.13583104  2.06074806  3.64996562  1.51861469  4.05534628
  0.35765311  2.42614088  0.14527183  5.50795348  0.0097237   4.94865408
 -0.0306811   4.2719854   0.84765503  2.4496021   2.55436395  1.1430299
 -0.04444445  5.55239588  1.43273774  0.35442172  2.89163217  5.67126137
  0.22186919  2.47521815]
 ||$wsqaoa_euc_shape1_paramseed-13_p-16.txt$optimal function value: 85.50720347000001
optimal value: [1. 0. 0. 0. 0. 0. 1. 0. 0. 0. 0. 0. 0. 0. 0. 1.]
status: SUCCESS
 ||[0.81371883 4.3056194  3.14910455 5.33655475 0.58345708 1.44863991
 0.4623107  1.41476945 2.30602967 0.81814461 1.66914846 1.34400318
 0.9257005  2.7116695  2.63157441 3.82271361 0.04533113 1.73313369
 0.46087087 5.47443741 2.54384766 5.06451579 2.59613111 4.67940156
 2.98236769 4.9874021  0.80648589 5.34032293 1.5292743  5.7438198
 1.77231771 2.69913923]
 ||$wsqaoa_euc_shape2_paramseed-13_p-16.txt$optimal function value: 34.534382419999986
optimal value: [0. 0. 1. 0. 0. 1. 0. 0. 0. 0. 0. 1. 1. 0. 0. 0.]
status: SUCCESS
 ||[1.93269197 4.36833699 2.98819237 5.77627897 0.55634609 1.41929403
 0.53523134 1.3955615  2.26806    0.57906412 1.64874553 1.32714486
 0.90862195 2.68957343 2.60420675 4.82375323 0.02898722 1.71032466
 0.44918206 5.47348953 2.53216507 5.05169194 2.57248101 4.6580119
 2.96759029 4.94708445 0.77616807 5.32144518 1.50600238 4.71621765
 1.75901955 2.68964171]
 ||$wsqaoa_euc_shape3_paramseed-13_p-16.txt$optimal function value: 64.87467772
optimal value: [0. 0. 0. 1. 0. 1. 0. 0. 0. 0. 0. 0. 0. 0. 1. 0.]
status: SUCCESS
 ||[0.97974542 5.34514454 3.23660195 5.32926895 0.5663969  1.23820622
 0.38270318 1.39479168 3.31556398 0.80968236 2.68123325 1.25808047
 0.88063448 2.63257229 2.60608114 3.73639693 1.13452928 1.52744328
 0.2398808  5.2810422  3.5902962  4.67438858 2.22528385 4.5645911
 2.72340657 4.90895066 0.67928961 5.22635172 1.35661649 4.51516325
 1.35440443 2.40419297]
 ||$wsqaoa_euc_shape1_paramseed-14_p-16.txt$optimal function value: 84.96747466000002
optimal value: [0. 0. 0. 1. 0. 1. 0. 0. 0. 0. 1. 0. 0. 0. 0. 0.]
status: SUCCESS
 ||[1.33558492 5.41441849 2.04843393 5.90841181 0.85173277 1.60715455
 2.30621275 4.13737547 0.95177539 4.29888323 1.24647527 4.88532424
 0.37198574 1.4027358  2.8321471  2.24975226 0.8179442  5.05351848
 1.98433568 0.9405569  1.73203314 4.17207936 0.51824406 4.09473381
 0.38653923 2.11789245 0.26141651 1.28440365 3.07249378 2.53635478
 3.11145322 2.75609663]
 ||$wsqaoa_euc_shape2_paramseed-14_p-16.txt$optimal function value: 68.07826849
optimal value: [0. 0. 1. 0. 1. 0. 0. 0. 0. 0. 0. 1. 1. 0. 0. 0.]
status: SUCCESS
 ||[0.56179856 4.61852997 2.18578559 6.04015864 1.04881337 1.75765019
 2.48432195 4.34959526 1.1235634  4.49324723 1.34826408 5.07401842
 0.537628   1.54851658 3.06689927 2.45828906 1.09485384 5.30892535
 2.08901821 1.09488554 2.99370332 5.21969089 0.37124255 3.95789067
 0.25068256 1.96951198 0.07870236 2.28494633 2.96968685 2.47960546
 2.96651684 2.48099319]
 ||$wsqaoa_euc_shape3_paramseed-14_p-16.txt$optimal function value: 34.11246652
optimal value: [1. 0. 0. 0. 0. 0. 0. 1. 0. 0. 1. 0. 0. 1. 0. 0.]
status: SUCCESS
 ||[0.3414941  5.3981955  3.05583404 5.90610518 0.85325807 2.5831441
 2.16931093 4.04512736 1.08197222 5.3894904  1.30012378 4.88954887
 0.38163227 1.36939828 2.82033904 2.25137433 0.8087198  5.05311665
 2.02651496 0.94422173 1.73075248 4.19888602 0.54743758 4.10106156
 0.3866107  3.12263327 0.26542089 1.24118689 3.20496788 2.74454894
 3.11803753 2.71947222]
 ||$wsqaoa_euc_shape2_paramseed-15_p-16.txt$optimal function value: 32.55298180999998
optimal value: [0. 0. 1. 0. 1. 0. 0. 0. 0. 0. 0. 1. 0. 1. 0. 0.]
status: SUCCESS
 ||[4.03238389 0.07324619 2.31226613 0.99288491 3.09864956 0.10607853
 2.76300035 4.2810366  2.69339549 6.2820178  0.75310207 2.12418409
 2.22482321 1.76294715 0.82723855 1.43641568 2.47141358 5.52954161
 2.54044975 1.34956349 2.94014077 3.24768625 0.76156675 2.89690718
 1.35378133 1.53081068 1.77402998 2.26170247 1.78949614 5.84470769
 2.02817176 2.54528996]
 ||$wsqaoa_euc_shape3_paramseed-15_p-16.txt$optimal function value: 70.08851390000001
optimal value: [0. 1. 0. 0. 1. 0. 0. 0. 0. 0. 1. 0. 1. 0. 0. 0.]
status: SUCCESS
 ||[4.12675713 0.01410757 2.28113762 0.9711775  3.32106757 0.05970437
 2.68021828 4.69445612 2.68250706 6.22728612 1.68571663 1.87400572
 2.12099769 2.77189029 1.83577935 1.3674503  2.61412312 5.42886359
 2.46420845 1.32802484 2.74140546 3.0278015  0.59258715 2.72434911
 1.1746243  0.46983384 1.71339674 2.20410592 1.56640855 5.76706017
 1.96417899 2.38081584]
 ||$wsqaoa_euc_shape2_paramseed-16_p-16.txt$optimal function value: 62.50655003999998
optimal value: [1. 0. 0. 0. 0. 0. 0. 0. 0. 1. 0. 0. 0. 0. 0. 1.]
status: SUCCESS
 ||[2.13343476 4.0292444  1.27403597 2.84765505 1.37867965 5.123072
 0.83027678 5.00724421 0.02985094 1.88910735 1.99744046 0.91930208
 2.39526439 1.99198234 2.46561233 6.05327431 0.84233864 5.66302973
 2.62154773 4.23302421 0.12132309 3.94155106 1.89484424 1.84234946
 0.64275654 1.90275011 0.77060003 4.93486645 1.12416809 2.6234046
 1.96903832 5.9294386 ]
 ||$wsqaoa_euc_shape3_paramseed-16_p-16.txt$optimal function value: 70.08851390000001
optimal value: [0. 0. 1. 0. 0. 1. 0. 0. 0. 0. 0. 1. 0. 1. 0. 0.]
status: SUCCESS
 ||[2.13334653 3.00236147 2.31335375 3.8051373  2.28583792 4.12973157
 0.82603359 4.00910052 0.03865185 1.89649643 1.15152534 0.82768571
 2.33347855 1.94988242 2.48015948 6.0077527  0.79408718 5.61604148
 2.53469851 4.19155195 0.08511634 2.87100766 1.96980154 1.85924344
 0.70280829 1.94731205 0.8128929  4.9503896  1.09168337 2.65891155
 2.02074733 5.95731324]
 ||$wsqaoa_euc_shape1_paramseed-17_p-16.txt$optimal function value: 48.13067508999998
optimal value: [0. 0. 1. 0. 1. 0. 0. 0. 0. 1. 0. 0. 0. 0. 0. 1.]
status: SUCCESS
 ||[2.63985016 5.06872675 3.01787611 1.81975755 2.40694238 4.42447271
 2.07787269 0.69219954 0.08405197 2.41352866 2.34479343 1.5860292
 1.57647411 1.99542755 2.65816272 5.93862562 1.26176655 6.2734673
 0.19594522 5.10620755 2.75058972 0.94864522 2.21593373 3.51117837
 3.00074608 2.3189378  1.696396   5.54448845 2.00665375 1.94257802
 0.25742971 5.90503897]
 ||$wsqaoa_euc_shape2_paramseed-17_p-16.txt$optimal function value: 64.29719343999997
optimal value: [0. 0. 1. 0. 0. 0. 0. 1. 1. 1. 0. 0. 0. 0. 0. 0.]
status: SUCCESS
 ||[2.64104667 5.06794762 4.0186296  2.8206626  3.40734562 4.42481134
 2.05173341 0.70087928 0.10399468 2.40505124 2.34443162 1.58515545
 1.57544156 1.9944322  2.65876102 5.93809445 1.26105025 6.27313319
 0.19531566 5.10454113 2.74939295 0.94798624 2.21678643 3.51090601
 3.00027257 1.3183129  1.69581336 5.54403411 2.0066956  1.94153607
 0.25643397 5.90493674]
 ||$wsqaoa_euc_shape3_paramseed-17_p-16.txt$optimal function value: 61.949961970000004
optimal value: [1. 0. 0. 0. 0. 1. 0. 0. 0. 0. 0. 0. 0. 0. 0. 1.]
status: SUCCESS
 ||[1.63456311 5.05829035 3.00365735 1.7986202  2.41114403 4.42286658
 3.08084064 0.69860462 0.08839406 2.40992454 2.09271938 1.5897822
 1.60238942 2.99576698 2.65736329 5.94033015 1.26026437 6.27470427
 0.19631625 5.10460122 3.75000196 0.94952896 2.21932396 3.51337887
 3.0053938  1.32118223 1.69551662 5.5441066  2.00862679 1.94428908
 0.25998726 5.90388845]
 ||