$hadfield_euc_shape3_paramseed-13_sp-0213_p-20.txt$optimal function value: 32.53962615999998
optimal value: [0. 1. 0. 0. 0. 0. 1. 0. 1. 0. 0. 0. 0. 0. 0. 1.]
status: SUCCESS
 ||[0.84872915 5.79877902 3.12272805 6.30409288 1.59587777 2.48626657
 0.45219814 1.37681359 2.32551851 0.81139158 2.69944388 1.30270506
 0.88747454 2.6805536  2.57180996 4.28949914 0.0100846  1.68111544
 0.43225636 5.44569256 2.51645444 5.02648238 2.55412827 4.64128264
 2.93997441 4.94252617 1.77883207 5.31790667 1.5098033  4.73396103
 1.75680768 2.68222931 1.1374037  2.68970832 0.97267293 0.73586516
 2.57522474 5.00802488 3.09366275 5.34693332]
 ||$hadfield_neuc_shape2_paramseed-14_sp-0213_p-20.txt$optimal function value: 65.76070403
optimal value: [0. 0. 1. 0. 0. 1. 0. 0. 1. 0. 0. 0. 0. 0. 0. 1.]
status: SUCCESS
 ||[1.33624288 5.41412342 2.04439784 5.91212465 0.85367468 1.60427009
 2.30597999 4.13751615 0.95169494 4.29830108 1.36856597 4.85439218
 0.37021045 1.39934589 2.83307176 2.25307125 0.81776547 5.05390186
 1.98405454 0.94244716 1.73267591 4.17189208 0.51751938 4.0948799
 0.38604931 2.11736416 0.26095125 1.28417233 3.07296009 2.53606918
 3.11139291 2.75611471 1.90854054 5.48257391 2.15771742 0.70094381
 1.85032684 3.98183378 0.56907515 0.59482424]
 ||$hadfield_neuc_shape3_paramseed-14_sp-0213_p-20.txt$optimal function value: 44.55872038000001
optimal value: [0. 1. 0. 0. 0. 0. 1. 0. 1. 0. 0. 0. 0. 0. 0. 1.]
status: SUCCESS
 ||[1.33650345 4.41356217 3.04913796 5.90907408 0.85372236 2.60233472
 2.29765164 4.15033728 0.95272815 4.29972876 1.24174245 4.88622815
 0.37133537 1.40133532 2.83120043 2.24990721 0.81481876 5.05733183
 1.98280373 0.94225992 1.71965591 4.17337068 0.5240631  4.0848841
 0.38797205 2.1214896  0.26179339 1.28857962 4.07116029 2.53532292
 3.11090574 2.76522505 1.90597746 5.46615113 2.15186611 0.699405
 1.84850977 3.98090005 0.56761163 0.59339994]
 ||$hadfield_euc_shape1_paramseed-14_sp-0213_p-20.txt$optimal function value: 48.13067508999998
optimal value: [0. 0. 1. 0. 1. 0. 0. 0. 0. 1. 0. 0. 0. 0. 0. 1.]
status: SUCCESS
 ||[0.33180439 4.41039053 3.05370187 5.90236759 0.8349289  1.73149784
 2.10108027 4.15068859 0.95886935 4.29964263 1.25182443 4.89568161
 0.38007256 1.40947429 2.8389765  2.25229228 0.82197299 5.05694949
 1.98975666 0.93866667 1.73579556 4.17881573 0.52453725 4.10423421
 0.39179076 2.12394212 0.26830741 2.28845038 3.07281589 2.53755687
 3.18105207 2.755433   2.01120781 5.4800386  2.15497907 0.69772091
 1.84806156 3.96886816 0.56303743 0.59275879]
 ||$hadfield_euc_shape2_paramseed-14_sp-0213_p-20.txt$optimal function value: 30.655645410000005
optimal value: [0. 0. 1. 0. 0. 1. 0. 0. 1. 0. 0. 0. 0. 0. 0. 1.]
status: SUCCESS
 ||[1.33067136 4.41218913 3.04853256 6.90743457 0.85153192 1.60587242
 2.30804963 5.13780316 0.95194376 4.29981481 1.24589888 4.88491734
 0.36420705 1.40252108 2.83170645 2.24955357 0.81778712 5.05683151
 1.98427117 0.94041214 1.72649887 4.17399051 0.5183148  4.09549749
 0.38677278 2.11836911 0.25995376 1.2842969  3.07145542 2.53671349
 3.11115068 2.75525572 1.90946751 5.48264271 2.15833619 0.70065779
 1.85082564 3.98206568 0.56863246 1.59376806]
 ||$hadfield_euc_shape3_paramseed-14_sp-0213_p-20.txt$optimal function value: 32.53962615999998
optimal value: [0. 1. 0. 0. 0. 0. 1. 0. 1. 0. 0. 0. 0. 0. 0. 1.]
status: SUCCESS
 ||[0.33612668 4.412776   2.04903365 6.90866189 1.85398883 1.60647826
 2.30573763 4.13756274 0.95254056 4.30205112 2.24593688 5.88429966
 1.37037841 1.40466036 2.83176811 2.24988225 0.81817767 5.05220783
 1.9847362  0.94130194 1.73221412 5.17333515 0.51882041 4.09375301
 1.38692291 2.11704152 0.26168115 1.28437648 3.07202555 2.53700389
 3.11162832 2.75614489 1.90833168 5.48240937 2.15822693 0.7007101
 1.85112195 3.98151491 0.56920372 0.59452604]
 ||$hadfield_neuc_shape2_paramseed-15_sp-0213_p-20.txt$optimal function value: 65.76070403
optimal value: [1. 0. 0. 0. 0. 1. 0. 0. 0. 0. 1. 0. 0. 0. 0. 1.]
status: SUCCESS
 ||[4.05011083 1.00205743 2.27548973 1.01316281 3.12807511 0.155485
 2.79596725 4.21549106 2.66290092 6.34874632 0.78596372 2.39118694
 2.55707236 1.71194778 0.77715259 1.37864752 2.63375155 5.43564273
 2.4516896  1.34578947 2.85667235 3.1539168  0.66657631 2.8084456
 1.26933885 0.4471998  1.72291363 3.21917396 1.77399179 5.83034734
 2.01555613 2.53732111 2.69996216 6.24003554 1.52219605 5.91961334
 0.04710662 0.86840934 0.53296723 5.89062559]
 ||$hadfield_neuc_shape3_paramseed-15_sp-0213_p-20.txt$optimal function value: 44.55872038000001
optimal value: [0. 1. 0. 0. 0. 0. 1. 0. 1. 0. 0. 0. 0. 0. 0. 1.]
status: SUCCESS
 ||[4.02299926 0.09756533 2.36241702 0.98467517 3.12667024 1.13768509
 2.80082759 4.27703537 2.73168954 6.32929618 0.81026717 2.11445831
 2.19464755 1.76956849 0.8658376  1.42257293 2.58480615 5.46080105
 2.51805105 1.41394644 2.99743747 3.22078057 1.15085448 3.09264526
 1.33518229 0.18407893 1.69950272 2.11736571 2.75886123 5.88837536
 2.03360914 2.50096864 2.64666651 6.33333694 1.50703302 5.96236461
 0.11335938 0.80773597 0.39162271 5.8229165 ]
 ||$hadfield_euc_shape1_paramseed-15_sp-0213_p-20.txt$optimal function value: 48.13067508999998
optimal value: [1. 0. 0. 0. 0. 0. 1. 0. 0. 1. 0. 0. 0. 0. 0. 1.]
status: SUCCESS
 ||[ 3.01121562  0.11916367  2.39172682  0.91173763  3.09813841  0.09716866
  3.76302114  4.3002517   2.69077234  7.28411434  0.75047528  2.11724232
  2.2114206   1.75491744  0.84625532  1.43436471  2.69498149  5.4905656
  2.50268557  1.39653527  2.91073093  4.21327546  0.7292635   2.86367136
  1.31957223  0.49613355  2.775644    2.26023777  1.78697827  5.84657676
  2.02811378  2.5405814   2.71076464  6.25139942  1.53647165  6.04255784
 -0.00948035  0.88222736  0.5399816   5.89436202]
 ||