$hadfield_neuc_shape3_paramseed-12_sp-0213_p-20.txt$optimal function value: 44.55872038000001
optimal value: [0. 1. 0. 0. 0. 0. 1. 0. 1. 0. 0. 0. 0. 0. 0. 1.]
status: SUCCESS
 ||[1.49029552 5.13189037 2.09370224 0.89668164 0.03507426 2.35468596
 0.85952165 5.09139931 2.18532928 4.77198764 1.75279351 4.15466991
 0.45613876 2.76699579 0.50822528 5.68863111 0.18569179 5.14408738
 0.23190495 4.31578043 1.05937196 2.54087806 3.64586025 0.11615783
 1.19150946 5.74976469 1.59857297 0.57122853 3.10166702 5.94762713
 0.35403418 2.66009156 0.42423305 1.96444502 1.95205183 1.02753104
 2.18937843 0.32134054 0.53748694 5.12709107]
 ||$hadfield_euc_shape1_paramseed-12_sp-0213_p-20.txt$optimal function value: 48.13067508999998
optimal value: [0. 0. 1. 0. 1. 0. 0. 0. 0. 1. 0. 0. 0. 0. 0. 1.]
status: SUCCESS
 ||[1.24055257 5.13233702 2.09140626 0.89682091 0.03274537 2.35220997
 0.86133845 5.09029798 2.16892731 3.77909854 1.75429525 4.15546432
 0.45685183 2.76869741 0.51049241 5.69211294 0.18626175 5.14497848
 0.23499339 4.31575903 1.05843081 2.54217958 2.64770198 0.11752012
 0.19154647 5.74879065 1.59551051 0.5727198  3.10152927 5.94916003
 0.35470275 2.65898211 0.42423561 1.96301779 1.95260102 1.02852156
 2.19049662 0.32454551 0.53802983 5.12527595]
 ||$hadfield_euc_shape2_paramseed-12_sp-0213_p-20.txt$optimal function value: 30.655645410000005
optimal value: [0. 0. 1. 0. 0. 1. 0. 0. 1. 0. 0. 0. 0. 0. 0. 1.]
status: SUCCESS
 ||[1.50693062 4.13182985 2.13584637 1.88927583 0.0393974  2.37335418
 0.82649344 5.09874565 2.11915822 3.78643326 1.74022096 4.20662548
 0.47874698 2.79301194 0.50741615 5.66081165 0.19164132 5.14915326
 0.23733409 4.32061004 1.06463253 3.5480267  2.64614469 0.11628701
 0.19074494 5.74858789 1.59866875 0.57086771 3.10196447 5.9473836
 0.35238181 2.65814634 0.4232706  1.96332851 1.95228392 1.02619254
 2.18894524 0.32410814 0.53372236 5.12550443]
 ||$hadfield_euc_shape3_paramseed-12_sp-0213_p-20.txt$optimal function value: 32.53962615999998
optimal value: [0. 1. 0. 0. 0. 0. 1. 0. 1. 0. 0. 0. 0. 0. 0. 1.]
status: SUCCESS
 ||[1.49013474 4.13150565 2.09617435 0.90143044 0.03205648 2.35217861
 1.8576018  6.09291945 2.17097497 3.77857599 1.75388332 4.15503509
 0.45738646 2.76580598 0.50698409 5.69010569 0.1837478  5.14419883
 0.23347501 4.31459743 1.05926088 2.54324441 2.64701087 0.11846642
 0.19102752 5.74967512 1.59962068 0.57103163 3.100931   6.94936512
 0.35346372 2.65879099 0.42703545 1.96219483 1.95106202 1.02683398
 2.18928447 0.32229349 0.53751364 5.12524258]
 ||$hadfield_neuc_shape2_paramseed-13_sp-0213_p-20.txt$optimal function value: 65.76070403
optimal value: [0. 0. 1. 0. 0. 1. 0. 0. 1. 0. 0. 0. 0. 0. 0. 1.]
status: SUCCESS
 ||[1.81353891 4.30444391 2.14978732 5.3361706  0.58290724 1.44842796
 1.46300214 1.41307529 3.42450087 0.85659276 1.66924088 1.34402561
 0.93084355 2.70590372 2.63171869 3.82212037 0.03730122 1.74419379
 0.45901994 5.47415505 2.54386923 5.06512695 2.59634063 4.6794054
 2.98210564 4.98735105 0.80661959 5.33974754 1.52966939 4.7441783
 1.77262626 2.69921021 1.14360171 2.70012345 0.98597244 0.73743673
 2.57480334 5.01619235 3.09515178 4.34087857]
 ||$hadfield_neuc_shape3_paramseed-13_sp-0213_p-20.txt$optimal function value: 44.55872038000001
optimal value: [0. 1. 0. 0. 0. 0. 1. 0. 1. 0. 0. 0. 0. 0. 0. 1.]
status: SUCCESS
 ||[0.81183379 5.30194659 2.15281335 5.33923903 0.57757902 1.43897995
 0.46190708 1.41146497 2.31423999 0.82641285 1.67193853 1.34093829
 0.90841789 2.73842827 3.63079665 3.82283309 1.0446598  1.73584669
 0.46126917 5.47654166 2.53993805 5.06449503 2.59543621 4.68098122
 2.97877414 4.98908432 0.80240758 6.34108002 1.5294344  4.74409833
 1.77144673 2.69996998 1.14417278 2.70062226 0.98601845 0.73896383
 2.57563604 5.01353299 3.09105144 4.34245648]
 ||$hadfield_euc_shape1_paramseed-13_sp-0213_p-20.txt$optimal function value: 48.13067508999998
optimal value: [0. 0. 1. 0. 1. 0. 0. 0. 0. 1. 0. 0. 0. 0. 0. 1.]
status: SUCCESS
 ||[1.8083705  5.14495419 2.52979625 5.19644384 0.44259263 1.30542441
 1.32693284 1.40570793 2.30174848 0.81801547 1.66393402 1.34089359
 0.92054549 2.70788739 2.62468969 3.8166558  0.0388726  1.72848166
 0.45120482 5.46668376 2.54383593 5.05706611 2.5874876  4.67846364
 2.97591097 4.98134834 0.80254872 5.33637753 1.52601313 4.74218534
 1.76377319 2.6950931  1.14123508 2.6973466  0.97821879 0.73501911
 2.57453702 5.01387358 3.09270501 4.33849608]
 ||$hadfield_euc_shape2_paramseed-13_sp-0213_p-20.txt$optimal function value: 30.655645410000005
optimal value: [0. 0. 1. 0. 0. 1. 0. 0. 1. 0. 0. 0. 0. 0. 0. 1.]
status: SUCCESS
 ||[1.81519928 5.30604344 2.1452533  5.33963833 0.58218964 1.45060429
 0.464164   1.41710818 2.30942954 0.81691723 1.66625218 2.34086879
 0.92674858 2.71052645 2.62941634 3.82374923 0.04095177 1.73254882
 0.46417416 5.47585148 2.5433505  5.06551523 2.5933073  4.67777598
 2.98255513 4.98915331 0.80564437 5.34204129 1.5283143  4.7452602
 1.77191704 2.70041487 2.14717201 2.81703048 0.98619839 0.68321151
 2.57489627 5.01648977 3.09827835 4.34199379]
 ||