$wsqaoa_euc_shape3_paramseed-1_p-10.txt$optimal function value: 61.949961970000004
optimal value: [1. 0. 0. 0. 0. 1. 0. 0. 0. 0. 0. 0. 0. 0. 0. 1.]
status: SUCCESS
 ||[0.42214386 6.32457634 2.39947615 1.60275446 1.59018857 2.57640624
 2.04701469 4.95567564 0.29483575 1.17809617 2.62571944 2.71918033
 2.39490455 0.01316585 1.3992165  4.31091847 0.83255352 6.93927597
 2.83165368 0.19233101]
 ||$wsqaoa_euc_shape3_paramseed-2_p-10.txt$optimal function value: 65.58951586999999
optimal value: [1. 0. 0. 0. 0. 1. 0. 0. 0. 0. 0. 1. 0. 0. 0. 0.]
status: SUCCESS
 ||[3.99378065 5.93751665 0.1974716  1.54842658 3.61014064 4.61370377
 3.11514265 1.92116001 1.8814383  3.75616435 1.76941631 0.91353377
 1.32339816 2.60294839 2.44212929 6.24591269 2.97780051 3.41225597
 1.39356069 1.68345002]
 ||$wsqaoa_euc_shape3_paramseed-3_p-10.txt$optimal function value: 37.817205
optimal value: [0. 0. 0. 1. 0. 1. 0. 0. 0. 0. 1. 0. 1. 0. 0. 0.]
status: SUCCESS
 ||[0.74825465 4.4203487  1.16341971 3.78070745 1.96247082 1.41505378
 0.04081114 5.26605135 0.81394257 1.47632464 3.12598928 2.95472069
 2.63006147 2.99494865 2.00766435 0.95323208 1.98699012 5.45786331
 1.64288021 4.65674106]
 ||$wsqaoa_euc_shape3_paramseed-4_p-10.txt$optimal function value: 70.38812845999996
optimal value: [0. 1. 0. 0. 0. 0. 0. 0. 0. 0. 1. 1. 1. 0. 0. 0.]
status: SUCCESS
 ||[1.76557753 0.64846985 1.24429424 0.97373831 0.21092057 2.52277323
 2.88317486 5.02857446 2.40317947 1.39586425 1.68433335 1.75378766
 0.55447113 0.66807514 0.67492466 5.82829999 2.60561889 5.06968908
 2.51596485 1.21672648]
 ||$wsqaoa_euc_shape3_paramseed-5_p-10.txt$optimal function value: 67.43459432999998
optimal value: [1. 0. 0. 0. 0. 1. 0. 0. 0. 0. 0. 0. 0. 0. 1. 0.]
status: SUCCESS
 ||[3.57768536 4.15397312 2.62350357 6.87246332 2.35728111 6.77572668
 0.13541885 3.19268158 3.94856832 4.05664257 2.79429258 0.67087426
 1.3517016  1.46619818 2.74736957 3.68859396 0.03505231 1.5093618
 0.87510431 5.77030384]
 ||$wsqaoa_euc_shape3_paramseed-6_p-10.txt$optimal function value: 79.35730613999999
optimal value: [0. 0. 1. 0. 1. 0. 0. 0. 0. 0. 0. 0. 0. 1. 0. 1.]
status: SUCCESS
 ||[ 3.49242802  5.16303015  1.52377884  1.64583475 -0.00577084  4.13992405
  1.49782417  4.77439781  2.17252645  4.84087083  0.85587778  5.03981723
  2.29268236  2.6021501   1.69110609  4.28604623  0.6086573   3.47734532
  2.52519576  1.63728133]
 ||$wsqaoa_euc_shape3_paramseed-7_p-10.txt$optimal function value: 32.53962615999998
optimal value: [0. 1. 0. 0. 1. 0. 0. 0. 0. 0. 1. 0. 0. 0. 0. 1.]
status: SUCCESS
 ||[1.01725154 0.94727816 3.04591647 0.4542017  1.68596719 2.30796151
 0.16840271 3.17099027 0.13690247 2.72299308 0.21897564 0.56996826
 2.33387013 5.19570835 0.38886618 1.40275109 1.97078246 5.95437454
 1.81257022 2.4922985 ]
 ||$wsqaoa_euc_shape3_paramseed-8_p-10.txt$optimal function value: 62.24957653000001
optimal value: [0. 1. 0. 0. 0. 0. 0. 0. 0. 0. 0. 1. 0. 0. 1. 0.]
status: SUCCESS
 ||[0.71003487 6.04690814 0.39606912 5.427584   0.26513728 1.5510602
 3.14668017 2.31680664 2.01261394 2.8838018  1.39727559 3.10336335
 0.59009819 5.20926461 0.28928428 1.48366699 0.10048949 1.71011693
 1.27546504 5.66745745]
 ||$wsqaoa_euc_shape3_paramseed-9_p-10.txt$optimal function value: 34.11246652
optimal value: [1. 0. 0. 0. 0. 1. 0. 0. 0. 0. 1. 0. 0. 0. 0. 1.]
status: SUCCESS
 ||[1.4429158  2.32406964 0.44067592 5.44636078 0.98978295 3.16971573
 2.82033729 0.4956594  1.74171405 3.8763808  1.1308186  2.38704475
 2.21175475 2.84482929 2.2785474  0.99155948 0.7518631  0.70201463
 1.59719676 5.80376989]
 ||$wsqaoa_euc_shape2_paramseed-11_p-10.txt$optimal function value: 64.29719343999997
optimal value: [0. 0. 1. 0. 1. 1. 0. 0. 0. 0. 0. 1. 0. 0. 0. 0.]
status: SUCCESS
 ||[1.42357211 3.50547937 2.89388642 2.92442823 1.59454295 3.69970089
 0.57973572 3.21720478 1.97968318 4.98516642 0.29664578 1.90435879
 0.28299442 5.08883302 3.18392726 0.26696333 3.08395366 6.06347202
 2.05328032 4.87772205]
 ||$wsqaoa_euc_shape3_paramseed-11_p-10.txt$optimal function value: 67.73420888999999
optimal value: [0. 0. 0. 0. 0. 1. 0. 0. 0. 0. 0. 1. 1. 0. 0. 0.]
status: SUCCESS
 ||[1.39934988 3.50677666 2.92371005 2.90411758 1.59555321 3.67623905
 0.58755069 3.41882783 1.83749079 4.99643202 0.27407318 1.88029693
 1.36011023 5.31665167 2.15137194 0.25550072 3.07751351 6.05348504
 2.04898408 3.86248608]
 ||$wsqaoa_euc_shape2_paramseed-12_p-10.txt$optimal function value: 32.55298180999998
optimal value: [0. 0. 1. 0. 1. 0. 0. 0. 0. 0. 0. 1. 0. 1. 0. 0.]
status: SUCCESS
 ||[1.49256682 4.13596279 2.08243347 0.90818884 1.03541321 2.34286873
 0.85622192 5.05993299 2.17082048 3.72556928 2.76339628 4.10766103
 0.45753845 3.0323564  0.50919535 5.66851149 0.16285973 5.09838003
 0.25304592 5.29540216]
 ||$wsqaoa_euc_shape3_paramseed-12_p-10.txt$optimal function value: 32.53962615999998
optimal value: [0. 0. 1. 0. 0. 1. 0. 0. 0. 0. 0. 1. 1. 0. 0. 0.]
status: SUCCESS
 ||[2.49109345 4.13141806 2.09409231 0.89605434 0.03378317 2.35610993
 0.85993538 5.09131848 2.17028599 3.77917286 1.75359887 4.15529207
 0.45700107 2.76552389 0.50981651 5.6916892  0.18482415 5.14444925
 0.23401262 4.31652172]
 ||$wsqaoa_euc_shape2_paramseed-13_p-10.txt$optimal function value: 64.29719343999997
optimal value: [0. 0. 1. 0. 1. 0. 0. 1. 0. 1. 0. 0. 0. 0. 0. 0.]
status: SUCCESS
 ||[1.30058472 5.31795654 2.13584091 5.3343868  0.57845199 1.38055055
 0.2557458  1.41194324 2.28663452 0.78523351 1.64366461 1.3035668
 1.07217122 2.68834842 2.62285043 4.82296996 0.00636251 1.72438494
 1.46417234 5.45510098]
 ||$wsqaoa_euc_shape3_paramseed-13_p-10.txt$optimal function value: 65.58951586999999
optimal value: [0. 0. 0. 1. 0. 0. 1. 0. 1. 0. 0. 0. 0. 0. 0. 0.]
status: SUCCESS
 ||[1.56608673 4.30028442 2.13448629 5.23663826 0.57278326 1.44286275
 0.45899778 1.41077074 2.2998472  0.89432243 1.66302815 1.34035938
 0.91926968 2.70529184 2.62541664 3.81554289 0.04519885 1.72701111
 0.45102191 5.472119  ]
 ||$wsqaoa_euc_shape2_paramseed-14_p-10.txt$optimal function value: 32.55298180999998
optimal value: [0. 1. 0. 0. 0. 0. 0. 1. 1. 0. 0. 0. 0. 0. 1. 0.]
status: SUCCESS
 ||[1.33612224 4.41372969 2.04728039 6.90841895 0.85076873 1.60285521
 3.30718337 4.13700314 0.95121129 4.29621385 1.24810207 4.88563101
 0.37173195 1.39932107 2.83555655 3.24982279 0.81804087 5.0533766
 1.98456186 0.9415593 ]
 ||$wsqaoa_euc_shape3_paramseed-14_p-10.txt$optimal function value: 64.87467772
optimal value: [0. 0. 1. 0. 1. 0. 0. 0. 0. 0. 0. 0. 0. 1. 0. 0.]
status: SUCCESS
 ||[1.33552439 4.41468978 2.04858461 5.90862908 0.85185535 1.56863795
 2.32821256 4.13206191 0.94727414 4.29254571 1.23410262 4.86933795
 0.36556339 1.3938878  2.825517   2.23607034 0.80287475 5.04603119
 1.97537493 1.0519746 ]
 ||$wsqaoa_euc_shape2_paramseed-15_p-10.txt$optimal function value: 74.05686890999996
optimal value: [0. 0. 1. 0. 1. 0. 0. 0. 0. 0. 0. 0. 0. 1. 0. 0.]
status: SUCCESS
 ||[4.03239649 1.0732193  2.31217502 0.99282874 3.09867918 0.10604463
 2.76296822 4.28106436 2.69341598 6.28197197 0.75303988 2.12420235
 2.22482664 1.7629507  0.8272479  1.43641891 2.69496865 5.49484273
 2.50579706 2.40360057]
 ||$wsqaoa_euc_shape3_paramseed-15_p-10.txt$optimal function value: 64.87467772
optimal value: [1. 0. 0. 0. 0. 0. 1. 0. 0. 0. 0. 0. 0. 0. 0. 1.]
status: SUCCESS
 ||[ 4.03273873  1.07387179  2.31260539  1.99274571  3.21330039 -0.11612046
  2.76309336  5.28135718  2.69369844  6.28235124  1.75405768  2.12494609
  2.22479687  1.76258152  0.82802181  1.43666434  2.69411455  5.49493372
  2.50495848  1.40377896]
 ||$wsqaoa_euc_shape2_paramseed-16_p-10.txt$optimal function value: 72.55634906999998
optimal value: [1. 0. 0. 0. 0. 0. 0. 0. 0. 1. 0. 0. 0. 0. 1. 1.]
status: SUCCESS
 ||[1.12871192 3.18402126 1.14340134 2.76741193 2.3028999  4.06464283
 0.8060551  3.98202323 0.01494543 1.90376806 1.04756876 0.88332361
 2.33336518 1.93675022 2.46773075 5.99790354 0.7794702  5.60675979
 2.52840527 4.19229892]
 ||$wsqaoa_euc_shape3_paramseed-16_p-10.txt$optimal function value: 72.23320691999999
optimal value: [1. 0. 0. 0. 0. 0. 1. 0. 0. 0. 1. 0. 0. 1. 0. 0.]
status: SUCCESS
 ||[ 2.30087819  2.47614572  1.20200638  2.65969141  1.00956602  3.80269637
  0.77478076  3.72045884 -0.33236836  1.63517739  1.02285877  0.76748768
  2.1869041   1.81709175  2.2640506   5.88368127  0.51013615  5.50878122
  2.46319338  4.19414668]
 ||$wsqaoa_euc_shape2_paramseed-17_p-10.txt$optimal function value: 68.07826849
optimal value: [0. 0. 1. 0. 0. 0. 1. 0. 0. 1. 0. 0. 1. 0. 0. 0.]
status: SUCCESS
 ||[3.11274822 6.06841421 3.01920853 2.81418065 2.41101131 5.41943232
 3.12919662 0.84868652 0.08906361 3.41143679 2.35715121 1.56160931
 1.57998818 2.00015872 3.66825588 5.94314397 1.26355265 6.28107734
 0.19451219 6.12211002]
 ||$wsqaoa_euc_shape3_paramseed-17_p-10.txt$optimal function value: 64.87467772
optimal value: [0. 1. 0. 0. 0. 0. 0. 1. 0. 0. 0. 0. 0. 0. 1. 0.]
status: SUCCESS
 ||[1.6398545  5.06862483 3.01748908 2.81980418 2.40678744 4.42471634
 2.07796596 0.692118   0.08467513 3.41384498 2.34492478 1.58585574
 1.57575112 1.99444452 2.65879338 5.93880391 1.26156345 6.27339511
 0.19551911 5.10590777]
 ||$wsqaoa_euc_shape2_paramseed-18_p-10.txt$optimal function value: 69.57878832999998
optimal value: [0. 0. 0. 0. 0. 0. 1. 0. 0. 0. 0. 1. 0. 1. 0. 0.]
status: SUCCESS
 ||[1.56945917 5.15590924 2.05103951 1.24367852 1.53788539 4.10410189
 2.50724402 3.87977087 0.83102108 1.59467855 3.173601   2.03844078
 2.11999168 4.94596156 2.72047702 5.93153055 0.73686237 1.49162713
 2.30849744 3.61622932]
 ||$wsqaoa_euc_shape3_paramseed-18_p-10.txt$optimal function value: 70.08851390000001
optimal value: [0. 0. 0. 1. 1. 0. 0. 0. 0. 0. 1. 0. 0. 0. 1. 0.]
status: SUCCESS
 ||[0.56523767 4.15657587 1.04980418 1.24617405 1.54126354 4.13107094
 1.51187048 2.8970059  0.82151986 1.54565247 2.1740552  2.04206441
 3.12195718 5.94377462 3.72404131 5.93726231 0.74125864 1.47700634
 2.30392976 3.61375714]
 ||$wsqaoa_euc_shape2_paramseed-19_p-10.txt$optimal function value: 34.534382419999986
optimal value: [0. 1. 0. 0. 0. 0. 1. 0. 1. 0. 0. 0. 0. 0. 0. 1.]
status: SUCCESS
 ||[2.12764362 4.931636   1.63587539 3.21414626 1.23649248 6.26395395
 0.9096892  0.93154425 0.82059527 1.63604616 2.0291344  1.68331494
 0.33929077 2.04471853 0.97745322 3.57625413 0.63303342 0.44444557
 0.63670689 3.40825854]
 ||$wsqaoa_euc_shape3_paramseed-19_p-10.txt$optimal function value: 70.08851390000001
optimal value: [1. 0. 0. 0. 0. 1. 0. 0. 0. 0. 0. 1. 0. 0. 0. 1.]
status: SUCCESS
 ||[3.12651194 5.93194512 1.62631279 3.21141349 1.23767223 6.26272139
 0.90428232 0.93247469 0.82114733 1.63414475 2.03146521 1.68096112
 1.32586505 3.04803631 1.18514235 3.49286861 0.60031732 0.4140552
 0.60551022 4.37644871]
 ||$wsqaoa_euc_shape2_paramseed-20_p-10.txt$optimal function value: 60.964423169999975
optimal value: [1. 0. 0. 0. 0. 0. 0. 1. 0. 0. 1. 0. 0. 0. 0. 0.]
status: SUCCESS
 ||[2.84552344 4.31985652 2.40815093 5.69717127 0.81445976 3.98614591
 2.85402662 6.45608423 1.75933174 1.06157021 1.31604168 6.28821883
 0.30084289 1.98916425 3.11303961 3.01667932 0.6605297  1.97640422
 2.87304701 2.11979131]
 ||$wsqaoa_euc_shape3_paramseed-20_p-10.txt$optimal function value: 67.43459432999998
optimal value: [0. 1. 0. 0. 1. 0. 0. 0. 0. 0. 0. 0. 0. 0. 0. 1.]
status: SUCCESS
 ||[2.76711273 4.33797608 3.467993   5.644023   0.65262075 4.02791748
 3.17385648 5.44182195 2.10673076 2.07046225 1.29424031 6.22500103
 0.31387715 1.99763793 2.92353986 2.82199225 0.6383031  1.99515446
 2.82570085 2.10485849]
 ||$wsqaoa_euc_shape3_paramseed-1_p-11.txt$optimal function value: 37.817205
optimal value: [0. 0. 0. 1. 0. 1. 0. 0. 0. 0. 1. 0. 1. 0. 0. 0.]
status: SUCCESS
 ||[1.42759559e+00 6.35555420e+00 3.39597832e+00 1.60766813e+00
 1.55698635e+00 2.82649317e+00 2.03058498e+00 4.96421782e+00
 2.92161567e-01 1.79533353e-01 2.61707709e+00 2.71368592e+00
 2.38640038e+00 1.53320751e-03 1.43824621e+00 4.55825053e+00
 7.20743088e-01 5.94243345e+00 2.82693091e+00 1.91391951e-01
 7.52292418e-02 3.39757904e+00]
 ||$wsqaoa_euc_shape3_paramseed-2_p-11.txt$optimal function value: 62.24957653000001
optimal value: [0. 0. 0. 1. 0. 0. 0. 0. 0. 1. 0. 0. 1. 0. 0. 0.]
status: SUCCESS
 ||[3.96767273 6.0398972  1.23385656 0.48632563 3.64174623 4.60324101
 2.05738911 1.88450493 1.86467878 4.81369347 2.02385325 0.98208477
 1.33620763 2.46218337 2.26010644 6.23455445 2.97875735 3.40953256
 1.37877303 1.67258509 0.09501896 0.16072698]
 ||$wsqaoa_euc_shape3_paramseed-3_p-11.txt$optimal function value: 65.58951586999999
optimal value: [0. 0. 0. 1. 0. 0. 1. 0. 1. 0. 0. 0. 0. 0. 0. 0.]
status: SUCCESS
 ||[1.80765741 4.41415292 1.22900622 3.72759393 1.85374779 0.37940151
 0.33260559 5.63182915 0.80632266 1.46240922 3.11902955 2.95268771
 2.61253106 2.98565814 3.01264589 0.92393374 1.97839955 5.43627629
 1.63241726 4.64290304 2.09963978 0.39386603]
 ||$wsqaoa_euc_shape3_paramseed-4_p-11.txt$optimal function value: 71.93359235999998
optimal value: [0. 0. 1. 0. 1. 1. 0. 0. 0. 0. 0. 0. 0. 0. 0. 1.]
status: SUCCESS
 ||[0.74120941 0.64910568 1.24383422 1.97433325 0.20998183 2.52238238
 2.88382089 5.02803972 2.40433759 1.39445169 1.68651839 1.83235484
 1.77282832 0.66778    0.67397424 5.82778532 2.60386799 5.06906335
 3.4835559  1.21588015 0.97322464 3.93912419]
 ||$wsqaoa_euc_shape3_paramseed-5_p-11.txt$optimal function value: 65.58951586999999
optimal value: [1. 0. 0. 0. 0. 1. 0. 0. 0. 0. 0. 1. 0. 0. 0. 0.]
status: SUCCESS
 ||[1.95605855 5.66066847 2.49784604 6.92162898 2.3225465  5.79661694
 0.09132362 2.92524883 3.96317329 4.0717474  2.83143399 0.71268201
 1.47041027 1.55090485 2.70842328 3.60584265 0.04178102 1.36112588
 0.87716244 5.75800881 2.40573916 1.00359821]
 ||$wsqaoa_euc_shape3_paramseed-6_p-11.txt$optimal function value: 61.949961970000004
optimal value: [0. 0. 0. 1. 1. 0. 0. 0. 0. 0. 0. 0. 0. 0. 1. 0.]
status: SUCCESS
 ||[ 3.5591461   6.11179557  1.43326169  2.61682408 -0.15851593  5.08699715
  1.17177415  4.71635427  1.67479548  4.79087499  0.82164067  5.12315054
  2.26755409  2.55126707  1.64711806  4.25151441  0.56796008  3.44078925
  2.51729834  1.82998218  2.30977358  4.26956855]
 ||$wsqaoa_euc_shape3_paramseed-7_p-11.txt$optimal function value: 65.58951586999999
optimal value: [0. 1. 0. 0. 0. 0. 1. 0. 1. 0. 0. 0. 0. 0. 0. 0.]
status: SUCCESS
 ||[2.01495974 1.94395826 2.04562416 0.45497101 1.68418465 2.28560969
 0.17473277 3.14681954 0.12498733 2.7163343  0.22276907 0.56129385
 1.33970346 5.22418042 0.34920299 1.4036571  1.97385573 5.96196972
 1.824809   2.53116466 3.10620334 0.29345362]
 ||$wsqaoa_euc_shape3_paramseed-8_p-11.txt$optimal function value: 70.38812845999996
optimal value: [0. 1. 0. 0. 0. 0. 0. 0. 1. 0. 0. 0. 0. 0. 1. 1.]
status: SUCCESS
 ||[1.7150002  7.0495344  1.36572894 4.42513415 0.26984255 1.5551984
 3.13075334 1.28619941 2.01668516 2.884616   1.42416961 3.11118925
 0.60424313 5.21900607 0.28186592 1.471995   0.06387591 1.67637243
 1.2807638  5.66784799 1.19122968 0.71547486]
 ||$wsqaoa_euc_shape3_paramseed-9_p-11.txt$optimal function value: 34.11246652
optimal value: [0. 0. 0. 1. 0. 0. 1. 0. 0. 1. 0. 0. 1. 0. 0. 0.]
status: SUCCESS
 ||[1.39428841 2.45302222 0.41501839 6.90787437 0.03770017 3.160508
 2.84013012 0.53065777 1.7324018  3.89635412 0.13062609 2.3887961
 2.27132936 2.85205368 2.29697568 1.00610037 0.79371841 0.74042493
 1.63594702 5.84156609 1.8976209  5.93020846]
 ||$wsqaoa_euc_shape3_paramseed-10_p-11.txt$optimal function value: 71.93359236000003
optimal value: [0. 1. 1. 0. 1. 0. 0. 0. 0. 0. 0. 0. 0. 0. 0. 1.]
status: SUCCESS
 ||[1.79505321 3.69577993 1.81620988 1.29507707 2.55546997 5.17502196
 2.0529103  1.00671917 1.63603283 2.05916766 0.78531577 5.9868191
 3.13118374 0.28052408 2.7022978  3.78971007 1.19697137 2.78277715
 2.12169744 2.87214471 2.1528022  4.15932923]
 ||$wsqaoa_euc_shape2_paramseed-11_p-11.txt$optimal function value: 62.50655003999998
optimal value: [0. 0. 1. 0. 0. 0. 0. 0. 0. 0. 0. 1. 0. 1. 0. 0.]
status: SUCCESS
 ||[1.42121207 3.51716419 3.90346973 2.92575744 2.59548969 3.69065345
 0.58014922 3.21645105 1.9788216  4.98244755 0.29570852 1.90634868
 0.284857   6.08715593 2.17850115 0.26313211 3.08562012 6.06177342
 2.05434317 3.86768891 0.49478762 0.0942384 ]
 ||$wsqaoa_euc_shape3_paramseed-11_p-11.txt$optimal function value: 72.23320691999999
optimal value: [1. 0. 0. 0. 0. 0. 1. 0. 0. 0. 1. 0. 0. 0. 0. 1.]
status: SUCCESS
 ||[2.42969594 3.19824112 2.83791913 2.8564529  2.67522198 3.65133606
 0.47382558 3.13263166 1.78940912 4.75115834 0.11616888 1.77684238
 0.18275374 5.07676928 2.10677586 0.1686702  3.06738191 5.98047708
 2.01606857 3.83756721 0.47042136 0.04442505]
 ||$wsqaoa_euc_shape2_paramseed-12_p-11.txt$optimal function value: 64.29719343999997
optimal value: [0. 0. 1. 0. 0. 0. 0. 1. 1. 1. 0. 0. 0. 0. 0. 0.]
status: SUCCESS
 ||[1.49093738 4.1310016  2.09359125 0.8960063  0.03410138 2.35470076
 0.86097086 5.09156446 2.16954572 3.77907144 1.7535817  4.15520017
 0.45649209 3.76493032 0.50981184 5.69243129 0.18478743 5.14482333
 0.23437798 4.31618838 1.05872177 2.54226162]
 ||$wsqaoa_euc_shape3_paramseed-12_p-11.txt$optimal function value: 71.93359235999998
optimal value: [0. 0. 1. 0. 1. 1. 0. 0. 0. 0. 0. 0. 0. 0. 0. 1.]
status: SUCCESS
 ||[ 2.51301909  4.10733715  3.16385333  0.83255976 -0.1158789   2.22904464
  0.81605951  5.02603674  2.03747137  3.73299676  1.68017488  4.06560575
  0.42962499  2.61486923  0.40309777  5.57904108  0.04065249  4.99472666
  0.03008263  4.23461347  0.93465627  2.45383956]
 ||$wsqaoa_euc_shape2_paramseed-13_p-11.txt$optimal function value: 34.534382419999986
optimal value: [0. 0. 1. 0. 0. 0. 0. 1. 0. 1. 0. 0. 1. 0. 0. 0.]
status: SUCCESS
 ||[1.80796829 5.28849036 2.15679798 5.33562747 1.55225095 1.44904074
 0.46276708 2.41733306 2.30364153 1.8172216  1.68110924 1.35955721
 0.94034384 2.73237503 3.65613792 3.81981988 0.04156823 1.72348287
 0.44793812 5.47157444 2.56318802 5.08677441]
 ||$wsqaoa_euc_shape3_paramseed-13_p-11.txt$optimal function value: 37.817205
optimal value: [0. 0. 1. 0. 1. 0. 0. 0. 0. 0. 0. 1. 0. 1. 0. 0.]
status: SUCCESS
 ||[1.81369693 4.30558945 2.14910709 5.33662171 0.58338854 2.44850494
 0.46228547 1.41471605 2.30606635 0.81814623 1.66927432 1.34413176
 0.92572851 2.71172792 2.63151685 3.82270379 0.04530856 1.73316819
 0.46095147 5.4744763  2.54388367 5.06455002]
 ||$wsqaoa_euc_shape2_paramseed-14_p-11.txt$optimal function value: 64.29719343999997
optimal value: [0. 0. 1. 0. 0. 1. 0. 0. 1. 0. 0. 1. 0. 0. 0. 0.]
status: SUCCESS
 ||[0.33584037 4.41584737 2.04740303 6.90938458 1.85233938 1.6065996
 2.30640395 4.1363637  0.94857841 4.29760713 1.24660298 4.88486813
 0.37230681 1.4032953  2.72518888 2.24724512 0.88234132 5.05371288
 1.98416918 0.94140282 1.73891042 4.157705  ]
 ||$wsqaoa_euc_shape3_paramseed-14_p-11.txt$optimal function value: 65.58951586999999
optimal value: [0. 0. 0. 1. 1. 0. 0. 0. 0. 0. 1. 0. 0. 0. 0. 0.]
status: SUCCESS
 ||[0.29901917 4.37103512 2.58936116 5.9348907  1.87203855 1.58441713
 2.3393568  4.11526319 0.93139215 4.2758125  1.23160689 4.86274814
 0.35536441 1.38680459 3.80874135 2.2594534  1.81621898 6.17543336
 1.99161324 0.7432566  1.7537729  4.19507604]
 ||$wsqaoa_euc_shape2_paramseed-15_p-11.txt$optimal function value: 34.534382419999986
optimal value: [0. 0. 1. 0. 0. 1. 0. 0. 0. 0. 0. 1. 1. 0. 0. 0.]
status: SUCCESS
 ||[3.21953643 0.53425533 2.26963446 0.88943262 3.1085549  0.05438666
 3.08792948 4.6110265  2.68845719 6.21829093 1.75393416 2.09684042
 2.19231854 1.51681244 0.78549924 1.35870873 2.65419437 5.4589058
 2.49836866 1.49783803 2.86873913 3.18961701]
 ||$wsqaoa_euc_shape3_paramseed-15_p-11.txt$optimal function value: 34.11246652
optimal value: [0. 0. 0. 1. 0. 0. 1. 0. 0. 1. 0. 0. 1. 0. 0. 0.]
status: SUCCESS
 ||[3.03130616 1.07108799 2.31287976 0.99398667 3.09863711 0.10575455
 2.76461647 5.27949466 2.69110657 6.28040942 0.83368806 2.02869957
 2.22803571 1.75676266 0.83229904 1.43701038 2.69483316 5.49543879
 2.50587228 1.40650825 2.90483179 3.21033639]
 ||$wsqaoa_euc_shape2_paramseed-16_p-11.txt$optimal function value: 62.50655003999998
optimal value: [0. 1. 0. 0. 0. 0. 0. 0. 1. 0. 0. 0. 0. 0. 1. 0.]
status: SUCCESS
 ||[1.45460434 2.98527754 2.31723092 3.81066968 2.20014707 4.11514464
 1.84575248 3.93552114 1.0460093  2.8993059  1.00787802 0.81264832
 2.29916374 1.90099274 2.44205488 5.9482819  0.66499484 5.54307898
 2.47810705 4.08707914 0.01788716 2.8683932 ]
 ||$wsqaoa_euc_shape3_paramseed-16_p-11.txt$optimal function value: 70.38812845999996
optimal value: [0. 1. 0. 0. 0. 0. 0. 0. 1. 0. 0. 0. 0. 0. 1. 1.]
status: SUCCESS
 ||[1.1656343  2.93693009 1.56221568 3.24465672 1.28633119 4.14945634
 0.82494437 4.01245167 0.02808579 1.91914384 1.08086314 1.88691762
 2.34790811 1.96170774 2.52154175 6.06571993 0.81895794 5.63140145
 3.53531412 4.37563176 0.13085488 2.86580112]
 ||$wsqaoa_euc_shape2_paramseed-17_p-11.txt$optimal function value: 63.14874757999999
optimal value: [0. 0. 1. 0. 0. 0. 0. 0. 0. 1. 0. 0. 1. 0. 0. 0.]
status: SUCCESS
 ||[2.61437263 5.03788932 4.00854483 1.834534   3.47894515 5.41341687
 2.0502971  0.65683534 0.0551401  2.30604121 2.34028915 1.61295882
 1.52518439 1.91964176 2.69639815 5.97634424 1.62056891 6.9780499
 1.19635576 5.08183377 2.73528589 0.94337117]
 ||$wsqaoa_euc_shape3_paramseed-17_p-11.txt$optimal function value: 61.949961970000004
optimal value: [0. 1. 0. 0. 0. 0. 1. 0. 0. 0. 0. 0. 1. 0. 0. 0.]
status: SUCCESS
 ||[1.63982001 5.06985217 3.02097456 1.82011128 2.40690924 4.42475896
 2.07763182 1.69221304 0.08454646 2.41380414 2.34473112 1.5859288
 1.57599311 1.99438756 2.6584277  5.93885706 2.26214994 6.38900682
 0.19546786 5.06088923 2.74993475 0.9483294 ]
 ||$wsqaoa_euc_shape2_paramseed-18_p-11.txt$optimal function value: 32.55298180999998
optimal value: [1. 0. 0. 0. 0. 0. 1. 0. 0. 1. 0. 0. 0. 0. 0. 1.]
status: SUCCESS
 ||[0.56702019 4.15563335 1.05173546 1.24436836 1.53689701 3.10528246
 1.50785994 2.88111458 0.83118263 1.59344697 3.17239445 2.03811449
 3.1215914  4.94881551 2.72200497 5.92899839 0.74027961 1.48817063
 2.30845597 3.61649942 0.63563183 4.25885938]
 ||$wsqaoa_euc_shape3_paramseed-18_p-11.txt$optimal function value: 70.38812846000002
optimal value: [1. 1. 0. 0. 0. 0. 0. 0. 0. 0. 1. 0. 0. 0. 0. 1.]
status: SUCCESS
 ||[1.56944188 5.15587587 2.05106129 1.24372677 1.53790958 3.10411441
 1.50723202 2.87978663 0.83099768 1.59467011 2.17357404 2.03848811
 2.12001845 4.94596742 2.72045782 5.93142575 0.73682051 1.49158244
 2.30853784 3.61622341 0.63415791 4.25746644]
 ||$wsqaoa_euc_shape2_paramseed-19_p-11.txt$optimal function value: 63.14874757999999
optimal value: [1. 0. 0. 0. 0. 0. 0. 0. 0. 0. 0. 1. 0. 0. 1. 0.]
status: SUCCESS
 ||[3.12075814 4.92993933 1.62825922 3.21479626 1.23750136 6.25612578
 0.90953716 0.92791828 0.82692652 2.87567423 1.07165906 1.68366099
 0.3382117  2.04564346 0.97744138 3.57664979 0.63358953 1.44452817
 0.63696622 3.408421   1.2655313  4.72436651]
 ||$wsqaoa_euc_shape3_paramseed-19_p-11.txt$optimal function value: 74.10710375999997
optimal value: [0. 0. 1. 0. 0. 0. 0. 0. 1. 0. 0. 0. 0. 1. 0. 1.]
status: SUCCESS
 ||[2.12726048 5.9317457  2.63511343 4.21381117 2.23629653 6.26316703
 0.90907384 0.93153699 0.8202218  1.63635236 1.02846701 2.68337574
 0.33815172 2.04519927 0.97723942 3.57665855 0.63346218 0.44478475
 0.63634407 3.40827619 1.22074953 4.60856227]
 ||$wsqaoa_euc_shape2_paramseed-20_p-11.txt$optimal function value: 68.96916678
optimal value: [0. 1. 0. 1. 0. 0. 1. 0. 1. 0. 0. 0. 0. 0. 0. 0.]
status: SUCCESS
 ||[3.84469113 5.31180025 2.40817104 5.68397308 0.81625365 3.99435713
 2.84288741 5.47994079 1.80001998 1.0641063  1.29311707 6.24415362
 0.32426755 2.00507279 3.98466206 2.82367393 0.65543846 1.99122406
 2.85456127 2.10827587 1.34262582 3.94380445]
 ||$wsqaoa_euc_shape3_paramseed-20_p-11.txt$optimal function value: 37.817205
optimal value: [0. 1. 0. 0. 0. 0. 0. 1. 0. 0. 1. 0. 1. 0. 0. 0.]
status: SUCCESS
 ||[2.86567135 5.20556241 2.19888884 5.73465305 0.8802881  3.97654175
 2.88944568 5.54762419 1.85389522 1.1153294  1.04040549 6.4416969
 0.37531173 3.08561333 2.97206456 2.81634351 0.63167755 2.00071733
 2.82607514 2.09221477 1.31951522 3.91567222]
 ||$wsqaoa_euc_shape3_paramseed-1_p-12.txt$optimal function value: 81.08515507999999
optimal value: [0. 0. 0. 1. 0. 0. 0. 1. 0. 0. 1. 0. 0. 1. 0. 0.]
status: SUCCESS
 ||[1.41381658 6.32922386 3.33994655 1.5999507  1.54461318 2.79194961
 2.06389769 5.00851074 0.31519305 0.14546355 2.57799059 2.70832431
 2.1710519  0.32927322 1.34649031 4.82914984 0.5404673  6.76522407
 3.83510092 0.18979829 0.07864947 3.40026379 2.95019182 2.38884364]
 ||$wsqaoa_euc_shape3_paramseed-2_p-12.txt$optimal function value: 32.53962615999998
optimal value: [0. 0. 1. 0. 0. 1. 0. 0. 0. 0. 0. 1. 1. 0. 0. 0.]
status: SUCCESS
 ||[2.98080635 5.87378865 1.18341514 0.30963523 2.60515362 5.72869121
 2.07891957 1.82977825 1.79571593 3.68392841 3.00367322 1.24838403
 1.23007148 2.17620257 2.40785959 6.10853472 2.56928009 3.53165312
 1.51807969 2.25318237 1.06568429 0.25388998 1.3383397  1.97549377]
 ||$wsqaoa_euc_shape3_paramseed-3_p-12.txt$optimal function value: 61.949961970000004
optimal value: [1. 0. 0. 0. 0. 0. 0. 1. 0. 0. 0. 0. 0. 1. 0. 0.]
status: SUCCESS
 ||[1.74739414 4.41637207 1.16237014 3.79492527 1.96598219 0.41175635
 0.04148857 5.26188023 0.81482474 1.472686   3.12787935 3.95447961
 2.62711545 2.99204625 2.00825733 0.94589036 1.99357168 5.4542891
 1.64462717 4.65651741 2.10930692 0.40211011 2.38154529 3.71360516]
 ||$wsqaoa_euc_shape3_paramseed-4_p-12.txt$optimal function value: 73.50787463999995
optimal value: [0. 1. 0. 1. 0. 0. 1. 0. 0. 0. 0. 0. 1. 0. 0. 0.]
status: SUCCESS
 ||[0.74170382 0.64808196 1.24424    0.97368644 0.20894093 2.52317594
 2.88392332 5.02930979 2.40370889 1.39431302 1.68608085 1.73857992
 0.542535   0.66706561 0.67354114 5.82745057 2.60411816 5.06810393
 2.5144464  1.21543606 0.9734599  3.93948642 2.29932857 5.36992654]
 ||$wsqaoa_euc_shape3_paramseed-5_p-12.txt$optimal function value: 62.24957653000001
optimal value: [0. 0. 0. 1. 0. 0. 0. 0. 0. 1. 0. 0. 1. 0. 0. 0.]
status: SUCCESS
 ||[1.93056776 5.61107536 2.49615837 5.92214254 3.3238645  5.81346507
 0.11321249 2.9262281  2.96319002 4.07884636 2.82888391 0.7121171
 1.47181464 1.55825128 1.70001511 3.6059814  0.04153728 1.36266019
 0.87865004 5.7589672  2.47593503 0.90981599 2.50072573 0.87091854]
 ||$wsqaoa_euc_shape3_paramseed-6_p-12.txt$optimal function value: 65.58951586999999
optimal value: [0. 0. 0. 1. 1. 0. 0. 0. 0. 0. 1. 0. 0. 0. 0. 0.]
status: SUCCESS
 ||[3.48179865 6.16668935 2.5186908  1.64537021 0.00862068 5.15824785
 2.48227421 4.78272168 1.17938468 4.84102008 0.84933415 5.03927879
 2.28853197 2.60770412 1.696596   4.2895783  0.6045138  3.49405455
 2.53471847 1.65689183 2.5109415  4.30407015 2.65205646 3.10364551]
 ||$wsqaoa_euc_shape3_paramseed-7_p-12.txt$optimal function value: 65.88913043
optimal value: [0. 1. 0. 0. 0. 0. 0. 0. 0. 0. 1. 0. 0. 0. 0. 1.]
status: SUCCESS
 ||[1.01736605 0.94781277 2.04497596 0.4551338  1.68351064 2.09847419
 0.07190545 3.22272335 0.11776054 2.75905115 0.25384489 0.60435736
 1.36806129 5.22964888 0.42326365 1.43704198 3.00557184 5.95464314
 1.81300689 3.49242316 3.06701217 0.29267761 2.69693597 1.81965165]
 ||$wsqaoa_euc_shape3_paramseed-8_p-12.txt$optimal function value: 34.11246652
optimal value: [0. 1. 0. 0. 1. 0. 0. 0. 0. 0. 0. 1. 0. 0. 1. 0.]
status: SUCCESS
 ||[0.7122096  7.04634831 0.39685933 4.42849476 0.01789682 2.54631565
 3.13430914 2.3117928  2.01648264 2.88418138 1.42295273 3.10999936
 0.60325465 5.21836495 0.28072941 1.47075047 1.06216821 1.67615569
 1.28073653 5.66781675 1.19091241 0.71462322 0.8116559  6.23047243]
 ||$wsqaoa_euc_shape3_paramseed-9_p-12.txt$optimal function value: 70.08851390000001
optimal value: [0. 1. 0. 0. 0. 0. 1. 0. 1. 0. 0. 0. 1. 0. 0. 0.]
status: SUCCESS
 ||[2.46523021 2.34364972 0.42228504 5.45644919 0.02280926 3.16003253
 2.81070394 0.45622106 1.74969158 3.88048797 0.13883197 2.38742048
 2.21113062 2.8455716  2.27148486 0.99376598 0.75351468 0.69484345
 1.59397999 5.81581784 2.86802939 4.86387863 1.20782663 4.68715179]
 ||$wsqaoa_euc_shape3_paramseed-10_p-12.txt$optimal function value: 67.43459432999998
optimal value: [0. 0. 0. 1. 1. 0. 0. 0. 0. 0. 0. 0. 0. 1. 0. 0.]
status: SUCCESS
 ||[2.79531541 3.69329968 1.81525934 1.2922236  2.56519508 5.17206762
 2.05136988 1.00484014 1.63475138 2.05865068 0.79064615 5.98407035
 3.13106342 0.2806147  2.70198098 3.78848442 1.20215056 1.78606234
 2.11346092 2.86847179 2.1553515  4.15737326 0.41769812 5.82302041]
 ||$wsqaoa_euc_shape2_paramseed-11_p-12.txt$optimal function value: 59.367672529999965
optimal value: [0. 0. 1. 0. 0. 0. 0. 1. 0. 1. 0. 0. 0. 0. 0. 0.]
status: SUCCESS
 ||[2.42112719 3.51713618 3.90345731 3.92572077 1.59543447 3.69071404
 1.58014104 3.21644165 1.9788246  4.98242561 0.29566241 1.90629712
 0.28482762 5.08714284 2.17849496 0.26308752 3.08567161 6.06176557
 2.0543508  3.86771351 1.49476235 0.0943087  1.65994549 0.37414992]
 ||$wsqaoa_euc_shape3_paramseed-11_p-12.txt$optimal function value: 70.38812845999996
optimal value: [0. 0. 0. 1. 0. 0. 0. 0. 1. 0. 0. 0. 0. 1. 1. 0.]
status: SUCCESS
 ||[2.42115729 4.51716459 3.90331509 2.92574289 2.59536838 3.69081289
 0.57996553 3.21627146 1.978852   4.98255462 0.29574871 1.90643843
 0.28510165 5.08715671 3.17842129 0.26319969 3.08570893 6.06172357
 2.05445905 3.86770163 0.49472228 0.09426609 1.65994243 0.37412736]
 ||$wsqaoa_euc_shape2_paramseed-12_p-12.txt$optimal function value: 75.84751230999998
optimal value: [0. 0. 1. 0. 0. 1. 0. 0. 1. 0. 0. 0. 1. 0. 0. 0.]
status: SUCCESS
 ||[2.48888093 4.13027242 2.10753956 1.89678116 0.03044594 2.34766549
 0.86060952 5.09066318 2.16932914 3.78090815 1.75550646 4.15136748
 0.45676905 2.76288528 1.50589666 5.69179957 0.18429891 5.14613216
 0.2342775  4.31521344 1.0600524  2.54162398 2.64745659 0.11924621]
 ||$wsqaoa_euc_shape3_paramseed-12_p-12.txt$optimal function value: 82.63061898000001
optimal value: [1. 0. 0. 0. 0. 1. 0. 0. 1. 0. 0. 0. 0. 0. 1. 0.]
status: SUCCESS
 ||[2.4888644  5.25525015 3.09464075 0.89350391 0.03753876 2.36004092
 0.85938457 6.09150593 2.17391655 3.77697745 1.75849964 4.15333193
 0.46449879 2.76370698 0.50851233 5.69499725 0.18263361 5.14737319
 0.23651187 4.31615049 1.05566237 3.5424109  2.64671723 1.11455692]
 ||$wsqaoa_euc_shape2_paramseed-13_p-12.txt$optimal function value: 64.29719343999997
optimal value: [0. 0. 1. 0. 0. 0. 0. 1. 1. 1. 0. 0. 0. 0. 0. 0.]
status: SUCCESS
 ||[0.81358933 5.30566833 2.1490455  5.33640331 0.58346304 1.44871326
 0.46240387 1.41483164 2.30607094 0.81798801 1.66935197 2.34405592
 0.9256603  2.71156516 2.63151339 3.82269661 0.04517425 1.73324943
 0.46077934 5.47445152 2.54393278 5.06476885 3.59596481 4.67958686]
 ||$wsqaoa_euc_shape3_paramseed-13_p-12.txt$optimal function value: 37.817205
optimal value: [0. 0. 0. 1. 0. 1. 0. 0. 0. 0. 1. 0. 1. 0. 0. 0.]
status: SUCCESS
 ||[0.89440423 4.34446332 2.18536467 5.35958607 0.61286307 2.48462877
 0.45191715 1.43022257 2.31003258 0.80023028 1.65247847 1.34456647
 0.91038445 2.72061369 2.61823299 3.8070161  0.02593105 1.73662917
 0.44801862 5.4580953  2.5266817  5.05133    2.59418213 4.65364068]
 ||$wsqaoa_euc_shape2_paramseed-14_p-12.txt$optimal function value: 72.55634906999998
optimal value: [0. 0. 1. 0. 0. 0. 0. 0. 1. 0. 0. 1. 0. 1. 0. 0.]
status: SUCCESS
 ||[1.38548609 5.41792131 2.07403222 5.95371702 0.86809077 1.52697993
 2.31277597 4.17711023 0.96568041 4.33117394 1.26502389 4.91608108
 0.36939373 2.42428005 2.83299917 2.23432536 1.79890746 5.04016451
 1.98372858 0.92569068 1.74462083 4.17033814 0.43465185 5.0915461 ]
 ||$wsqaoa_euc_shape3_paramseed-14_p-12.txt$optimal function value: 61.949961970000004
optimal value: [0. 0. 1. 0. 0. 1. 0. 0. 0. 0. 0. 0. 0. 0. 0. 1.]
status: SUCCESS
 ||[0.34952174 4.40086722 2.05691909 6.91510242 0.83464289 1.85297845
 2.33521795 4.13509132 0.94798981 4.29047164 1.24153774 4.86940107
 0.36995559 1.39421025 2.83350387 2.24633214 0.81593255 5.05139313
 1.98213539 0.93623954 1.72692469 4.1697328  0.50784614 4.0894856 ]
 ||$wsqaoa_euc_shape2_paramseed-15_p-12.txt$optimal function value: 60.964423169999975
optimal value: [1. 0. 0. 0. 0. 0. 0. 1. 0. 0. 1. 0. 0. 0. 0. 0.]
status: SUCCESS
 ||[3.03232827 1.07346227 3.31200064 1.99269976 3.098808   0.10507776
 2.76275652 4.28060392 2.69374863 6.28242625 0.75260311 2.12468108
 2.22451507 2.76301272 0.82636208 1.43614616 2.69498684 5.49491837
 2.50816486 1.404338   2.90698752 3.21384391 0.72574857 2.86107009]
 ||$wsqaoa_euc_shape3_paramseed-15_p-12.txt$optimal function value: 67.43459432999998
optimal value: [0. 1. 0. 0. 1. 0. 0. 0. 0. 0. 0. 0. 0. 0. 0. 1.]
status: SUCCESS
 ||[3.03240323 0.07321567 3.3121811  0.99281583 3.09868794 0.1060727
 3.76299199 4.28105573 3.69345737 6.28202815 0.75306439 2.1241936
 2.2248282  1.76293574 0.82724116 1.43638651 2.69496268 5.49482643
 2.50577404 1.40359781 2.90552424 3.21305436 0.72694331 2.8622454 ]
 ||$wsqaoa_euc_shape2_paramseed-16_p-12.txt$optimal function value: 30.655645410000005
optimal value: [0. 0. 0. 1. 0. 0. 1. 0. 0. 1. 0. 0. 1. 0. 0. 0.]
status: SUCCESS
 ||[1.13592633 3.01884539 1.31032488 2.80486189 1.28689025 4.13253752
 0.81270681 3.98970816 0.03158031 1.89701447 1.05255565 0.89225341
 2.33595887 1.9487894  2.47974936 6.00796002 0.79673091 5.61436639
 2.53679875 4.19384747 0.08622673 2.87001073 1.96950235 1.86093442]
 ||$wsqaoa_euc_shape3_paramseed-16_p-12.txt$optimal function value: 37.817205
optimal value: [0. 0. 1. 0. 1. 0. 0. 0. 0. 0. 0. 1. 0. 1. 0. 0.]
status: SUCCESS
 ||[1.13649859 2.9188981  2.33848747 2.77079119 1.30057436 4.13204654
 0.8697796  3.98774069 0.13520551 1.92073852 0.96579345 0.84202657
 2.2456727  1.94727903 2.50894222 5.93069899 0.68338137 5.99613989
 3.34447923 4.18930746 1.08972241 2.85983492 1.95521908 1.85168303]
 ||$wsqaoa_euc_shape2_paramseed-17_p-12.txt$optimal function value: 63.14874757999999
optimal value: [0. 0. 1. 0. 0. 0. 0. 0. 0. 1. 0. 0. 1. 0. 0. 0.]
status: SUCCESS
 ||[ 2.63992049  5.06855798  4.01758829  1.81961133  2.40662497  5.42481732
  2.07762393  0.86225843 -0.09871329  2.41372011  2.34474679  1.58554419
  2.5758634   1.99454526  2.65861921  5.93876736  1.26238145  6.27176029
  0.19544552  5.10576536  2.74990785  0.94823819  2.21656998  3.51165798]
 ||$wsqaoa_euc_shape3_paramseed-17_p-12.txt$optimal function value: 37.817205
optimal value: [1. 0. 0. 0. 0. 0. 1. 0. 0. 0. 0. 1. 0. 1. 0. 0.]
status: SUCCESS
 ||[2.64257595 5.06712487 3.01622114 1.81983719 2.40741625 4.42532991
 2.07703678 0.69221352 0.09157844 2.41538562 2.31550448 1.53644938
 1.58338045 2.00199948 2.67021432 5.94266697 1.27025326 6.28066791
 0.20317369 5.11384233 3.7582599  1.94672835 3.21679967 3.51166502]
 ||$wsqaoa_euc_shape2_paramseed-18_p-12.txt$optimal function value: 68.07826849
optimal value: [0. 0. 1. 0. 1. 0. 0. 0. 0. 1. 0. 0. 1. 0. 0. 0.]
status: SUCCESS
 ||[0.5698753  4.15420441 1.0517929  2.24401591 1.5379219  4.10508255
 1.50707496 2.88137909 0.83336736 1.59641647 2.17418847 2.03616567
 2.12022153 4.94805153 2.7199252  5.93126362 0.7357269  1.49310872
 2.30818212 3.61657089 0.63608309 4.25663762 2.74290449 5.25188053]
 ||$wsqaoa_euc_shape3_paramseed-18_p-12.txt$optimal function value: 71.93359236000003
optimal value: [0. 0. 1. 0. 0. 1. 0. 0. 0. 0. 0. 0. 1. 0. 0. 1.]
status: SUCCESS
 ||[1.53272915 5.2135521  0.87506435 1.27517947 1.70357679 3.01925506
 1.64968326 2.87769413 0.88390269 1.73254013 2.15506411 1.88434929
 2.13052349 4.91364876 2.73978029 5.93183248 0.69501893 1.50093509
 2.32385566 3.56863207 0.64251705 4.27885334 2.70221778 5.25422878]
 ||$wsqaoa_euc_shape2_paramseed-19_p-12.txt$optimal function value: 32.55298180999998
optimal value: [0. 0. 1. 0. 1. 0. 0. 0. 0. 1. 0. 0. 0. 0. 0. 1.]
status: SUCCESS
 ||[3.58814851 4.92653013 2.6353578  4.21753321 1.42866193 6.26352409
 0.90743527 0.93361792 0.81532992 1.64271551 1.0235385  1.68425958
 0.33899127 2.04178525 0.97635616 3.57541786 0.65000539 0.39082388
 0.65299652 4.42472616 1.22185326 4.61071119 2.52592192 3.60294266]
 ||$wsqaoa_euc_shape3_paramseed-19_p-12.txt$optimal function value: 71.93359236000003
optimal value: [0. 0. 1. 0. 0. 0. 0. 1. 0. 0. 0. 0. 1. 1. 0. 0.]
status: SUCCESS
 ||[2.13045163 5.92547787 1.62621746 3.20892586 1.23856519 6.26721077
 0.91349386 0.91905645 0.81670549 2.64471059 1.01778884 1.66104385
 0.33544318 2.01693132 0.95833436 3.55126218 0.60094367 0.42165558
 0.63572836 3.47226781 1.45285675 4.60744856 2.52161739 2.60297225]
 ||$wsqaoa_euc_shape2_paramseed-20_p-12.txt$optimal function value: 84.10666794
optimal value: [1. 0. 0. 0. 1. 0. 0. 0. 0. 0. 1. 0. 0. 1. 0. 0.]
status: SUCCESS
 ||[3.84512824 4.31195534 3.40801875 5.68381374 0.81627189 3.99437402
 2.84300683 5.47972071 1.79992889 1.06424771 1.29282389 6.2444464
 0.32437202 2.00523361 2.98464223 2.82367227 0.65548344 1.99116504
 2.85456667 2.10840299 1.34260419 3.9438277  3.53080721 3.0920551 ]
 ||$wsqaoa_euc_shape3_paramseed-20_p-12.txt$optimal function value: 65.58951586999999
optimal value: [0. 0. 0. 1. 0. 0. 1. 0. 1. 0. 0. 0. 0. 0. 0. 0.]
status: SUCCESS
 ||[2.84604    4.31487221 2.40227416 5.68632363 0.81794308 4.00034673
 3.83642415 5.4801435  1.80278163 1.06344814 1.29383101 6.24242141
 0.32608128 2.99624703 2.98689041 2.82871886 0.652456   1.99138944
 2.84982054 2.10220943 1.34011665 3.95192152 2.53920348 3.08747069]
 ||$wsqaoa_euc_shape3_paramseed-1_p-13.txt$optimal function value: 61.949961970000004
optimal value: [0. 0. 1. 0. 0. 1. 0. 0. 0. 0. 0. 0. 0. 0. 0. 1.]
status: SUCCESS
 ||[0.42213687 5.32457979 2.39948385 1.60264997 2.55645262 2.82424735
 3.04710047 4.9556897  0.29486327 0.17811002 2.62565969 2.71917935
 2.39476294 0.01322429 1.39920802 4.53357278 0.71868176 5.93931865
 2.83191439 0.19219476 0.07992922 3.4018498  2.95044526 2.39517959
 0.68046806 2.65223759]
 ||$wsqaoa_euc_shape3_paramseed-2_p-13.txt$optimal function value: 32.53962615999998
optimal value: [0. 1. 0. 0. 0. 0. 1. 0. 1. 0. 0. 0. 0. 0. 0. 1.]
status: SUCCESS
 ||[3.00528728 5.95743542 0.20601855 0.53722421 2.61924957 4.61900341
 2.05774676 1.95221883 1.9074981  3.81400396 1.82306993 0.99682907
 1.33190088 2.50359968 2.26809909 6.25496568 2.98328154 3.41544368
 1.39640725 2.68774719 0.12416092 0.1709288  1.46059045 2.00020125
 1.19406301 5.60353417]
 ||$wsqaoa_euc_shape3_paramseed-3_p-13.txt$optimal function value: 70.38812845999996
optimal value: [0. 0. 0. 1. 0. 0. 0. 0. 1. 1. 0. 0. 0. 0. 1. 0.]
status: SUCCESS
 ||[1.21320514 3.39458504 1.2209773  4.79770563 2.00346168 0.37922644
 0.00999603 5.24827628 0.84609746 1.43539857 4.08936568 2.91136136
 2.34678749 2.94955119 3.00791588 0.9374543  1.96876805 5.4354105
 1.65703328 4.61935459 2.09388458 0.70198942 2.69120852 3.71867961
 0.9442487  0.1487028 ]
 ||$wsqaoa_euc_shape3_paramseed-4_p-13.txt$optimal function value: 65.58951586999999
optimal value: [0. 0. 0. 1. 0. 0. 1. 0. 1. 0. 0. 0. 0. 0. 0. 0.]
status: SUCCESS
 ||[1.74429958 0.65031091 1.24439342 0.97450821 0.20907544 2.52407139
 2.88424634 5.0292125  2.40362406 1.39452202 2.68613354 1.73816272
 0.54280017 0.66749235 1.67379311 6.82888131 2.60458515 5.06703336
 2.51581821 1.21437802 0.97294854 3.93892039 2.29833214 5.36886403
 2.76478896 0.54525415]
 ||$wsqaoa_euc_shape3_paramseed-5_p-13.txt$optimal function value: 32.53962615999998
optimal value: [1. 0. 0. 0. 0. 0. 0. 1. 0. 1. 0. 0. 0. 0. 1. 0.]
status: SUCCESS
 ||[2.95753126 5.65584239 2.49875726 5.92264141 2.31960063 5.79023782
 0.09666691 3.92440468 2.96673879 4.07581954 2.82880545 0.70888844
 1.47272659 1.54947716 1.70815333 3.60634416 0.04156823 1.36317962
 0.87771631 5.75723712 2.40514756 1.00255437 2.50372075 0.87205384
 1.93804595 0.79516193]
 ||$wsqaoa_euc_shape3_paramseed-6_p-13.txt$optimal function value: 70.08851390000001
optimal value: [1. 0. 0. 0. 0. 1. 0. 0. 0. 0. 0. 1. 0. 0. 0. 1.]
status: SUCCESS
 ||[2.49757557 6.17277501 1.52085674 2.63876566 0.00625241 4.16775498
 1.46514649 4.76760408 1.16390454 5.2586513  0.80913299 5.04424158
 2.1026551  3.41458996 2.69141378 4.28207941 0.60378405 3.4762565
 2.52754803 1.66434946 2.52023971 4.30713088 2.64914012 2.10330898
 0.28959941 5.02330799]
 ||$wsqaoa_euc_shape3_paramseed-7_p-13.txt$optimal function value: 73.72662588
optimal value: [0. 0. 1. 0. 1. 0. 0. 0. 0. 1. 0. 0. 0. 0. 0. 0.]
status: SUCCESS
 ||[1.01744887 0.94784708 3.04290837 1.45425304 1.6829262  2.29706344
 0.18281568 3.18996616 0.11780507 2.7243206  0.21947504 0.56987374
 1.33344225 5.19553052 0.38930362 1.40119532 1.97046058 5.95434002
 1.81247975 2.4922489  4.06638248 0.29267165 2.69652611 1.81929983
 0.45486268 0.73944521]
 ||$wsqaoa_euc_shape3_paramseed-8_p-13.txt$optimal function value: 71.93359235999998
optimal value: [1. 0. 0. 0. 0. 1. 1. 0. 0. 0. 0. 0. 0. 0. 0. 1.]
status: SUCCESS
 ||[0.70850733 7.05506756 0.3869195  4.43450833 0.26065078 1.55284969
 3.14365309 1.3197455  2.01110289 2.88381536 1.42610235 3.1150732
 0.6022644  5.21763539 0.28878838 1.47370353 1.05299881 1.5646947
 1.27986208 5.6662978  1.20870618 0.74137704 0.80313004 6.23321206
 0.20021523 3.89882048]
 ||$wsqaoa_euc_shape3_paramseed-9_p-13.txt$optimal function value: 70.08851390000001
optimal value: [0. 0. 0. 1. 1. 0. 0. 0. 0. 0. 1. 0. 1. 0. 0. 0.]
status: SUCCESS
 ||[2.45466452 3.34557121 1.43524428 6.44475152 0.02023995 3.15912862
 2.82211366 0.50779917 1.74134162 3.87454974 0.12847541 2.38144773
 2.21007467 2.84011949 2.27787808 0.98745419 1.74778831 0.6971594
 2.59047305 5.80459591 1.85485481 4.86451838 1.20534043 4.68783627
 0.31942085 1.8295055 ]
 ||$wsqaoa_euc_shape3_paramseed-10_p-13.txt$optimal function value: 37.817205
optimal value: [1. 0. 0. 0. 0. 0. 1. 0. 0. 0. 0. 1. 0. 1. 0. 0.]
status: SUCCESS
 ||[2.79519317 2.69410492 1.81611147 1.29536527 2.55512316 5.17505464
 2.05251154 1.00679543 1.63568357 2.05950965 0.78545321 5.98673536
 3.1308367  0.2799497  2.70236484 3.78997355 1.19892718 1.78202662
 2.12052333 2.87039091 2.15476799 4.1584934  0.41774324 4.82438651
 4.08638637 6.09088745]
 ||$wsqaoa_euc_shape2_paramseed-11_p-13.txt$optimal function value: 64.74549821999997
optimal value: [0. 0. 0. 0. 0. 0. 0. 1. 0. 0. 1. 0. 0. 1. 0. 0.]
status: SUCCESS
 ||[1.4196896  3.51613179 2.90336934 2.92646358 1.71993826 3.65452626
 0.55313002 3.17606811 1.9912158  4.85681315 0.29616532 1.90652999
 0.28626084 5.08720132 2.17862263 0.26261434 3.086048   6.06122635
 2.05422192 3.86782578 0.49456266 0.09432    1.65929212 0.3736327
 0.59761099 1.51952184]
 ||$wsqaoa_euc_shape3_paramseed-11_p-13.txt$optimal function value: 37.817205
optimal value: [1. 0. 0. 0. 0. 0. 1. 0. 0. 0. 0. 1. 0. 1. 0. 0.]
status: SUCCESS
 ||[ 2.59723832  4.55558523  3.98261354  3.93779493  2.75234901  3.5488364
  0.2796288   3.14373988  1.62957263  4.54215414  0.2445759   1.88691451
  0.17288109  4.8460099   2.0849829  -0.06042659  2.99074546  6.04273391
  1.72330331  3.7614359   0.37338834 -0.02227692  1.32778668  0.29806365
  0.42193698  1.28035971]
 ||$wsqaoa_euc_shape2_paramseed-12_p-13.txt$optimal function value: 64.29719343999997
optimal value: [1. 1. 0. 0. 0. 0. 0. 1. 0. 0. 1. 0. 0. 0. 0. 0.]
status: SUCCESS
 ||[ 1.46176154e+00  4.12978853e+00  2.11858988e+00  7.69385882e-01
 -3.34683474e-03  2.35823637e+00  8.50430601e-01  5.03529790e+00
  2.17741730e+00  3.74413999e+00  1.76171749e+00  4.19699705e+00
  6.85772210e-01  2.76223689e+00  5.09735038e-01  5.69437374e+00
  1.82995692e-01  5.13636286e+00  2.33593638e-01  4.31856968e+00
  9.69636935e-01  2.61440716e+00  2.64340210e+00  1.11987796e-01
  1.88188178e-01  5.74992056e+00]
 ||$wsqaoa_euc_shape3_paramseed-12_p-13.txt$optimal function value: 70.08851390000001
optimal value: [1. 0. 0. 0. 0. 0. 0. 1. 0. 1. 0. 0. 0. 1. 0. 0.]
status: SUCCESS
 ||[2.48407234 5.1393257  2.07045396 0.87476136 0.01249449 2.33065688
 0.84089198 5.06923173 3.1447623  3.78224259 1.75807141 4.15747282
 0.46172619 2.76867044 0.51141058 5.70122349 1.18415353 5.14621087
 0.23646338 4.31960162 1.06227075 2.54567931 2.65004541 0.11741664
 0.19515573 5.7501918 ]
 ||$wsqaoa_euc_shape1_paramseed-13_p-13.txt$optimal function value: 108.76294779999998
optimal value: [0. 1. 0. 0. 0. 0. 0. 1. 1. 0. 1. 0. 0. 0. 0. 0.]
status: SUCCESS
 ||[0.81374899 4.30562993 2.1490766  5.33657332 0.58345814 1.44869964
 0.46230051 1.41476988 2.30614956 0.81810131 1.6691722  1.34399123
 0.92566865 2.71162294 2.63144455 3.82270546 1.04541505 1.73314681
 0.46097289 5.47447273 2.54389579 5.06461953 2.59618227 4.67937273
 2.98243306 4.98744049]
 ||$wsqaoa_euc_shape2_paramseed-13_p-13.txt$optimal function value: 60.964423169999975
optimal value: [0. 1. 0. 0. 1. 0. 0. 0. 0. 0. 0. 1. 0. 0. 0. 0.]
status: SUCCESS
 ||[1.816277   4.31458545 2.14930044 5.33045639 0.58080011 2.45292048
 1.46401486 1.40583598 2.30403978 0.81604509 1.67072461 1.33879147
 0.91924198 2.69880262 2.62764394 3.81613723 0.04204961 1.72271004
 0.45242422 5.4621787  2.53046843 5.06344501 2.58709748 4.70214696
 2.97329454 5.03255579]
 ||$wsqaoa_euc_shape3_paramseed-13_p-13.txt$optimal function value: 72.23320691999999
optimal value: [0. 0. 1. 0. 1. 0. 0. 0. 0. 0. 1. 0. 0. 1. 0. 0.]
status: SUCCESS
 ||[ 1.6518483   4.22640616  3.13189211  5.28424324  0.48871513  1.40100406
  0.4680556   2.39657331  3.38175396  1.87799993  1.72762834  2.03020582
  0.88748821  3.88657125  2.69766868  4.24843982 -0.10304748  1.75801636
  0.47509319  5.45109371  2.4430164   5.03962871  2.47843123  4.63660596
  2.7629574   4.94236391]
 ||$wsqaoa_euc_shape2_paramseed-14_p-13.txt$optimal function value: 68.07826849
optimal value: [0. 0. 1. 0. 0. 0. 1. 0. 0. 1. 0. 0. 1. 0. 0. 0.]
status: SUCCESS
 ||[1.35286358 4.39959968 2.05840508 5.90921649 0.49428662 1.95573351
 2.29665275 4.13658594 0.95029607 4.29927387 1.24719922 4.89849322
 0.37086217 1.40635718 2.82854497 2.2513362  0.81714452 5.05528163
 1.98443752 1.94533253 1.72659526 4.16647635 0.51412614 4.09066579
 0.38133918 2.11229774]
 ||$wsqaoa_euc_shape3_paramseed-14_p-13.txt$optimal function value: 70.38812846000002
optimal value: [0. 1. 1. 0. 0. 0. 0. 0. 0. 0. 0. 1. 1. 0. 0. 0.]
status: SUCCESS
 ||[1.36633174 4.39595479 2.05070311 5.89365677 0.83557859 1.60197388
 2.29635252 4.1110074  0.93203609 4.30175948 1.22456383 4.87362366
 0.34533049 1.39503565 2.83245219 2.23571775 0.80312434 6.05334419
 1.99324229 0.89966248 1.68455917 4.14226435 0.61024879 4.30360034
 0.38531722 2.11505521]
 ||$wsqaoa_euc_shape2_paramseed-15_p-13.txt$optimal function value: 30.655645410000005
optimal value: [0. 1. 0. 0. 0. 0. 1. 0. 0. 0. 0. 1. 1. 0. 0. 0.]
status: SUCCESS
 ||[4.03061463 0.07404157 2.3094247  1.00084747 4.09690395 1.10972498
 2.76054779 4.28647008 2.68962903 6.28000946 0.74532996 2.12513342
 2.29298181 1.65965252 0.84304587 1.43140305 2.68448487 5.4999413
 2.50149077 1.39707379 2.89583368 3.2098127  0.81818961 2.77391897
 1.31845756 0.49274316]
 ||$wsqaoa_euc_shape3_paramseed-15_p-13.txt$optimal function value: 71.93359235999998
optimal value: [0. 0. 0. 1. 1. 1. 0. 0. 0. 0. 0. 0. 0. 0. 1. 0.]
status: SUCCESS
 ||[4.03241092 1.07324815 2.31213822 0.9927587  3.09873118 1.1061026
 2.76297869 4.28102959 2.69340632 6.28201828 1.75315112 2.12424234
 2.22487262 1.76293026 0.82722795 1.43637653 2.6949643  5.49483692
 2.50579153 1.40355435 2.90547678 3.21308135 0.72687339 2.86220017
 1.31906034 0.49608779]
 ||$wsqaoa_euc_shape2_paramseed-16_p-13.txt$optimal function value: 59.367672529999965
optimal value: [0. 1. 0. 0. 0. 0. 1. 0. 1. 0. 0. 0. 0. 0. 0. 0.]
status: SUCCESS
 ||[1.13542169 3.01883864 1.31004001 2.80827954 1.28663241 4.13262868
 0.83351074 3.97381652 0.03188713 1.89800272 1.05260998 0.87814228
 2.34718946 1.94840684 2.4798364  7.00814836 0.79671906 5.61425001
 2.53754028 4.19401673 0.08653828 2.87037831 1.96881418 1.86072867
 0.70404433 1.9461938 ]
 ||$wsqaoa_euc_shape3_paramseed-16_p-13.txt$optimal function value: 32.53962615999998
optimal value: [1. 0. 0. 0. 0. 0. 0. 1. 0. 1. 0. 0. 0. 0. 1. 0.]
status: SUCCESS
 ||[ 1.94477349  2.86624411  1.15250255  2.68047816  1.17033067  3.99254281
  0.6681395   4.9240812  -0.03025847  1.81295803  1.01646965  0.826262
  2.24262938  1.87786185  2.4277875   5.93770487  0.71666192  5.53089576
  2.4865022   4.12853943 -0.01523655  2.80416657  1.89226377  1.8152755
  0.61496496  1.89872411]
 ||$wsqaoa_euc_shape2_paramseed-17_p-13.txt$optimal function value: 62.50655003999998
optimal value: [0. 1. 0. 0. 0. 0. 0. 0. 1. 0. 0. 0. 0. 0. 1. 0.]
status: SUCCESS
 ||[2.64037989 5.0685051  4.01801075 1.8194552  2.40367267 4.42482981
 2.07744838 0.69427168 0.0904583  2.41372147 2.34485459 1.58508922
 1.57620969 1.99501572 2.6567553  6.93857629 1.26163854 6.27576049
 0.19553387 5.10596225 2.75015383 0.94838059 2.21682957 3.51191861
 3.00025259 1.31929652]
 ||$wsqaoa_euc_shape3_paramseed-17_p-13.txt$optimal function value: 37.817205
optimal value: [0. 0. 0. 1. 0. 1. 0. 0. 0. 0. 1. 0. 1. 0. 0. 0.]
status: SUCCESS
 ||[2.63982668 6.06857752 3.01751463 1.81974898 2.40681972 4.42470658
 2.07781941 0.69215805 0.08459108 2.4138433  2.34486997 1.58576698
 1.57582569 1.99448668 2.65878107 5.93882196 1.26163565 6.27341805
 0.19537835 5.10576954 2.74987854 0.9482165  2.21661497 3.5116193
 3.00084075 1.31952971]
 ||$wsqaoa_euc_shape2_paramseed-18_p-13.txt$optimal function value: 64.74549821999997
optimal value: [0. 0. 0. 0. 0. 0. 1. 0. 0. 0. 0. 1. 1. 0. 0. 0.]
status: SUCCESS
 ||[0.56945544 4.15588936 1.05109316 1.24364597 1.5378397  3.10408563
 1.50721613 2.8799303  0.831048   1.5946878  2.17360645 2.03842242
 2.11995865 4.94606161 2.72046553 5.93148906 0.73688273 1.49161618
 2.30854346 3.61625101 0.63421218 4.25752369 2.74334688 5.25145171
 0.67890765 1.87830729]
 ||$wsqaoa_euc_shape3_paramseed-18_p-13.txt$optimal function value: 63.02959926
optimal value: [0. 0. 0. 1. 0. 0. 0. 0. 1. 0. 0. 0. 0. 0. 1. 0.]
status: SUCCESS
 ||[0.57050433 4.15534593 1.05182105 1.24606207 1.53698155 4.35018944
 1.56431387 2.87955764 0.83197672 1.59513338 3.17363574 2.03763436
 2.11975216 4.94858421 2.72163082 5.93175404 0.73807441 1.49100263
 2.30960438 3.61630809 0.63484018 4.253534   2.74181343 6.24819056
 0.67978512 1.87663891]
 ||$wsqaoa_euc_shape2_paramseed-19_p-13.txt$optimal function value: 32.55298180999998
optimal value: [1. 0. 0. 0. 0. 0. 1. 0. 0. 0. 0. 1. 0. 1. 0. 0.]
status: SUCCESS
 ||[3.12666564 4.92985269 1.69849726 4.7120917  2.2362522  6.74454566
 1.90791224 0.93112385 1.85176352 1.60395284 0.99587913 1.65140647
 0.30652435 2.1071918  0.71739966 3.55698863 0.61341247 0.4258523
 0.61726854 3.38926264 1.20127042 4.58946382 2.50407757 2.58471146
 0.29238783 5.55316524]
 ||$wsqaoa_euc_shape3_paramseed-19_p-13.txt$optimal function value: 62.24957653000001
optimal value: [0. 0. 0. 1. 0. 0. 0. 0. 0. 1. 0. 0. 1. 0. 0. 0.]
status: SUCCESS
 ||[3.12734058 5.93141802 1.6346397  3.2136184  2.23624966 6.26288692
 0.90950853 0.93133953 1.82017726 1.63603183 1.02900696 1.68411769
 0.3376959  2.04498298 0.97722167 3.57689983 0.63372357 0.44413217
 0.63616073 3.40761912 1.22008853 4.60870834 2.52309491 2.60346704
 0.31243716 4.57401004]
 ||$wsqaoa_euc_shape2_paramseed-20_p-13.txt$optimal function value: 32.55298180999998
optimal value: [0. 0. 0. 1. 0. 1. 0. 0. 0. 0. 1. 0. 1. 0. 0. 0.]
status: SUCCESS
 ||[2.84504776 5.31192004 2.40803088 6.68388745 0.81632105 3.99439642
 2.84294073 5.47983612 1.79997166 1.06423173 1.29283238 6.24443582
 0.32436047 2.00519417 3.984627   2.82368991 0.65550416 1.99114454
 2.85452941 2.10843145 1.342594   3.94382449 2.53083026 3.09205304
 0.25593996 4.60159474]
 ||$wsqaoa_euc_shape3_paramseed-20_p-13.txt$optimal function value: 65.88913043
optimal value: [0. 0. 1. 0. 0. 0. 0. 0. 0. 0. 0. 1. 1. 0. 0. 0.]
status: SUCCESS
 ||[3.76052447 4.28941827 2.37092791 6.63870671 0.88123352 4.04660704
 2.903565   5.52908763 1.78819333 1.09365997 1.33064249 6.31606572
 0.34891407 2.01558955 2.99366864 2.86882802 0.70671418 2.0402928
 2.86556192 2.18187619 1.36221479 3.97070692 2.59881602 3.11790215
 1.35127779 3.64553593]
 ||$wsqaoa_euc_shape3_paramseed-1_p-14.txt$optimal function value: 64.87467772
optimal value: [0. 0. 0. 1. 0. 1. 0. 0. 0. 0. 0. 0. 1. 0. 0. 0.]
status: SUCCESS
 ||[0.4234591  5.32618987 3.41461066 1.60452685 1.55477848 2.82462465
 3.04691196 4.95599594 0.29530201 1.17830828 2.62426774 2.71851449
 2.39451951 0.01309761 1.39873377 5.53357792 0.71812563 5.9388705
 2.83158241 0.19143862 1.07920626 3.40206796 2.95065652 2.39580347
 0.68139145 2.65255019 0.09171494 2.39350853]
 ||$wsqaoa_euc_shape3_paramseed-2_p-14.txt$optimal function value: 62.24957653000001
optimal value: [0. 0. 1. 0. 0. 0. 0. 0. 1. 0. 0. 0. 0. 0. 0. 1.]
status: SUCCESS
 ||[3.00346812 5.95537144 0.177661   0.53323425 2.6247149  4.62429416
 2.10402738 1.93609429 1.90366484 3.81266296 1.82591413 0.99518266
 2.35297389 2.47260684 2.2714312  6.25065859 2.98258991 4.41911303
 1.39755101 1.6854008  0.11286326 0.17243686 1.46053355 2.00102214
 1.19389973 5.60329166 1.65173046 3.52181327]
 ||$wsqaoa_euc_shape3_paramseed-3_p-14.txt$optimal function value: 71.93359236000003
optimal value: [0. 1. 1. 0. 1. 0. 0. 0. 0. 0. 0. 0. 0. 0. 0. 1.]
status: SUCCESS
 ||[1.74188238 3.42015831 1.16364682 3.79369647 1.96467446 1.41246482
 0.0412368  5.28194572 0.56715697 1.47061052 3.12738044 2.95437491
 2.62713554 2.99250407 3.0076145  0.94504466 1.99393957 5.4515017
 1.64344233 4.65600179 2.10861987 0.40250985 2.38340824 3.71359611
 0.94714178 0.19520954 2.71783606 2.96923371]
 ||$wsqaoa_euc_shape3_paramseed-4_p-14.txt$optimal function value: 73.50787463999995
optimal value: [1. 0. 1. 0. 0. 0. 0. 1. 0. 0. 0. 0. 0. 1. 0. 0.]
status: SUCCESS
 ||[0.74518931 0.65186673 2.21407043 0.97375073 1.2099908  2.50827299
 2.89327419 6.02893397 2.65209711 1.39490261 1.68641897 1.73850871
 0.54275156 0.66678379 0.67362414 5.82770729 2.60254979 5.06773753
 2.51625031 1.21672575 0.97340934 3.94061626 2.29950082 5.37008879
 2.76672164 0.54650837 1.90347148 4.22070174]
 ||$wsqaoa_euc_shape3_paramseed-5_p-14.txt$optimal function value: 34.11246652
optimal value: [0. 1. 0. 0. 1. 0. 0. 0. 0. 0. 0. 1. 0. 0. 1. 0.]
status: SUCCESS
 ||[2.95702789e+00 4.66057067e+00 2.49801269e+00 5.92172370e+00
 2.32395965e+00 6.79506940e+00 9.11274418e-02 3.92577303e+00
 2.96360967e+00 4.07741635e+00 3.82728440e+00 7.11166171e-01
 1.47412947e+00 1.54695751e+00 1.70822019e+00 3.60631212e+00
 4.14202258e-02 1.36177804e+00 8.77810972e-01 5.75740894e+00
 2.40572587e+00 1.00298111e+00 2.50437605e+00 8.71573724e-01
 1.94154885e+00 7.96286835e-01 4.80379182e-03 5.47551887e+00]
 ||$wsqaoa_euc_shape3_paramseed-6_p-14.txt$optimal function value: 62.24957653000001
optimal value: [0. 0. 1. 0. 0. 0. 0. 0. 1. 0. 0. 0. 0. 1. 0. 0.]
status: SUCCESS
 ||[2.49233144e+00 5.16531727e+00 2.52312908e+00 1.64099449e+00
 9.64729009e-04 4.16272892e+00 1.47817094e+00 4.76426671e+00
 1.17952572e+00 4.83799620e+00 8.56845233e-01 5.03868682e+00
 2.29273053e+00 2.60027775e+00 1.69026733e+00 4.28503746e+00
 6.06166627e-01 3.47858704e+00 2.52850784e+00 1.66766116e+00
 2.52268202e+00 4.30734926e+00 2.65187112e+00 2.10719098e+00
 2.92431334e-01 5.02783447e+00 2.52757643e+00 2.80528064e+00]
 ||$wsqaoa_euc_shape3_paramseed-7_p-14.txt$optimal function value: 34.11246652
optimal value: [0. 1. 0. 0. 0. 0. 1. 0. 0. 0. 0. 1. 1. 0. 0. 0.]
status: SUCCESS
 ||[2.01701121 0.94776074 1.92040434 0.45587096 1.7011976  2.29776901
 0.18253677 3.1888153  0.11750905 2.72454738 0.21893223 0.57026993
 1.33356347 5.19578741 0.38854156 1.40189482 1.96934409 5.95563692
 1.8126249  2.49328383 3.06706639 0.29292072 2.69590288 1.81978108
 0.45181794 0.73960032 0.96864165 5.12711825]
 ||$wsqaoa_euc_shape3_paramseed-8_p-14.txt$optimal function value: 65.58951586999999
optimal value: [0. 0. 0. 1. 0. 0. 1. 0. 1. 0. 0. 0. 0. 0. 0. 0.]
status: SUCCESS
 ||[0.71222109 6.04627774 0.39688835 5.42848627 0.26761257 2.55479224
 3.13885379 1.31563827 2.01649857 2.8848197  1.42358987 3.1100894
 0.60386948 5.21831116 0.28141462 1.4714018  0.06281919 1.67616208
 1.28072433 5.66784915 2.19090908 0.71463533 1.81163333 6.23040131
 0.19823526 3.89661754 1.18500851 4.1521763 ]
 ||$wsqaoa_euc_shape3_paramseed-9_p-14.txt$optimal function value: 67.73420888999999
optimal value: [0. 0. 0. 0. 0. 0. 0. 1. 0. 1. 0. 0. 0. 0. 1. 0.]
status: SUCCESS
 ||[2.45459705 2.34559664 0.43521826 5.44477353 0.02019447 3.1590632
 2.82213359 0.50779846 1.74130449 3.87452544 0.12843527 2.38143781
 2.210041   2.8401482  2.27781684 0.98742909 0.74773161 0.69709479
 1.59049016 5.80458658 1.85487599 4.86449862 1.20529398 4.68785864
 0.31939062 1.82952729 2.11816778 5.55973651]
 ||$wsqaoa_euc_shape3_paramseed-10_p-14.txt$optimal function value: 64.87467772
optimal value: [0. 0. 0. 1. 0. 1. 0. 0. 0. 0. 0. 0. 0. 0. 1. 0.]
status: SUCCESS
 ||[2.79527573 2.69519739 2.81628554 1.29475242 2.55533303 5.17489356
 2.05318493 2.0068328  1.63566618 2.05946339 0.78535976 5.98694638
 3.13088595 0.28041667 2.70221189 3.78979601 1.19885797 1.78241878
 2.12042622 2.87038069 3.15476932 4.1585023  0.41790252 4.82469241
 3.08581308 6.09070023 1.9267949  0.27807557]
 ||$wsqaoa_euc_shape2_paramseed-11_p-14.txt$optimal function value: 64.29719343999997
optimal value: [1. 1. 0. 0. 0. 0. 1. 0. 0. 0. 0. 1. 0. 0. 0. 0.]
status: SUCCESS
 ||[1.47554759 3.51741086 2.99159339 3.94330182 1.59414872 4.64976018
 0.61087014 2.73640371 1.91755513 5.00749605 0.335106   1.9247211
 0.32569948 5.1119692  2.19913619 0.31134414 3.10052417 6.07991567
 2.08197724 3.87394725 0.51900173 0.13558504 1.67762702 1.40810406
 0.54679229 1.49307318 0.14979941 2.90598032]
 ||$wsqaoa_euc_shape3_paramseed-11_p-14.txt$optimal function value: 37.817205
optimal value: [0. 1. 0. 0. 0. 0. 0. 1. 0. 0. 1. 0. 1. 0. 0. 0.]
status: SUCCESS
 ||[2.42218604 3.51694606 2.90347617 2.92568603 1.59588045 3.6905371
 1.58006783 3.21640136 1.97862323 4.98395553 1.31488679 1.89699941
 0.30738059 5.08702884 3.17837772 0.26278842 3.08536138 6.06156018
 2.05395539 3.86782419 0.49507244 0.09396241 1.65984114 0.37386932
 0.59733026 1.52032555 0.0938581  2.91477746]
 ||$wsqaoa_euc_shape2_paramseed-12_p-14.txt$optimal function value: 63.14874757999999
optimal value: [1. 0. 0. 0. 0. 0. 0. 0. 0. 0. 0. 1. 0. 0. 1. 0.]
status: SUCCESS
 ||[ 1.50106973  5.1338392   2.09366975  1.9478864  -0.04166054  2.28942787
  0.82445293  5.04472169  2.1254246   3.73341539  1.72034574  4.13562648
  1.03122381  2.73404775  0.52879687  5.66170637  0.14550912  5.09674079
  0.22169812  4.26342221  1.02522133  2.48278378  2.60747313  0.08461296
  0.14543024  6.72228303  1.59652679  0.56782049]
 ||$wsqaoa_euc_shape3_paramseed-12_p-14.txt$optimal function value: 80.78698243999997
optimal value: [0. 1. 0. 1. 1. 0. 0. 0. 0. 0. 1. 0. 0. 0. 0. 0.]
status: SUCCESS
 ||[2.49092125 4.13112637 2.093573   0.89608261 0.03419347 2.40802531
 0.74809965 5.09472345 2.15928936 3.77039702 1.76164732 4.15513913
 0.45650851 2.76481327 0.50978086 5.691983   0.18519865 5.14443968
 0.23472456 4.31616093 1.05861414 2.54221693 2.64649118 0.1167361
 0.19102293 5.74947914 1.59854839 0.57162208]
 ||$wsqaoa_euc_shape1_paramseed-13_p-14.txt$optimal function value: 82.43943937
optimal value: [1. 0. 0. 0. 0. 0. 0. 1. 0. 0. 0. 0. 0. 1. 0. 0.]
status: SUCCESS
 ||[2.00749236 5.3042117  2.14223031 5.32994148 0.65287618 1.4442853
 0.45394535 1.41712634 2.31164299 0.81914684 1.67167346 1.34129831
 0.92173396 2.70116787 2.63948741 3.81192609 0.04088882 1.72617518
 0.44393841 5.46627514 2.64843137 4.97993043 2.59921178 4.67247976
 2.97596052 4.98506211 0.79520717 5.34018175]
 ||$wsqaoa_euc_shape2_paramseed-13_p-14.txt$optimal function value: 64.29719343999997
optimal value: [0. 0. 1. 1. 0. 1. 0. 0. 1. 0. 0. 0. 0. 0. 0. 0.]
status: SUCCESS
 ||[0.81462386 4.30444597 2.1504372  6.33660097 0.58268847 1.44535128
 0.46369172 2.41165712 2.30254373 0.81613417 1.66352579 1.32241361
 0.92059245 2.69364768 2.62609894 3.80645099 0.03685809 1.7157787
 0.46119323 5.45862809 2.54210331 5.049548   2.59570662 4.76978239
 3.2112023  4.98741699 0.80638831 5.33922946]
 ||$wsqaoa_euc_shape3_paramseed-13_p-14.txt$optimal function value: 34.11246652
optimal value: [0. 0. 0. 1. 1. 0. 0. 0. 0. 1. 0. 0. 0. 0. 1. 0.]
status: SUCCESS
 ||[ 0.88315587  4.11760912  2.14762042  5.33223596  1.63109046  1.3491049
  0.40023064  1.75394176  3.32142324  0.71489605  1.57915837  1.33892088
  0.76354679  2.64300554  2.43463677  3.69856874 -0.07332792  1.62934024
  0.26563636  5.37075787  2.48997518  4.93789764  2.53287639  4.60731223
  2.9394578   4.80118463  0.52602226  5.21347147]
 ||$wsqaoa_euc_shape2_paramseed-14_p-14.txt$optimal function value: 59.367672529999965
optimal value: [0. 1. 0. 0. 0. 0. 1. 0. 1. 0. 0. 0. 0. 0. 0. 0.]
status: SUCCESS
 ||[0.33570628 4.41465852 2.04843801 5.90845941 0.85173985 2.60710375
 2.3048048  4.1367701  0.9519577  4.29919194 1.24621127 5.88523688
 0.37199371 1.4028564  2.83202688 2.24951686 1.8180539  5.05345536
 1.98448063 1.92717557 1.7248016  4.17509254 0.51831554 4.09474131
 0.38654875 2.11786861 0.26140395 1.28440788]
 ||$wsqaoa_euc_shape3_paramseed-14_p-14.txt$optimal function value: 73.50787463999995
optimal value: [0. 1. 0. 1. 1. 0. 0. 0. 0. 0. 0. 0. 0. 0. 1. 0.]
status: SUCCESS
 ||[1.13312204 4.30777753 2.93436272 6.44572322 1.05936584 2.62734896
 2.30473991 4.13357678 0.94993749 4.31440223 1.26184208 4.86832525
 0.43017734 1.36634683 2.80840843 2.24045778 0.84454231 5.04933185
 1.97108739 0.93194575 1.71982343 4.16463838 0.49903475 4.10338374
 0.35053304 2.11214118 0.24571488 1.26421233]
 ||$wsqaoa_euc_shape2_paramseed-15_p-14.txt$optimal function value: 34.534382419999986
optimal value: [0. 0. 1. 0. 0. 1. 0. 0. 0. 0. 0. 1. 1. 0. 0. 0.]
status: SUCCESS
 ||[ 2.95371223 -0.17283219  2.22382676  2.05956222  3.07603231  1.17102164
  2.67513079  4.1599589   2.42204722  6.09704786  1.8010407   2.11077436
  2.0650803   1.57475082  0.64888606  1.13144321  3.70284365  5.23841581
  2.47045445  1.18602614  2.71730504  2.71398297  0.69962867  2.67824086
  1.22536113  0.37193844  1.39864322  3.31755257]
 ||$wsqaoa_euc_shape3_paramseed-15_p-14.txt$optimal function value: 32.53962615999998
optimal value: [1. 0. 0. 0. 0. 1. 0. 0. 0. 0. 0. 1. 0. 0. 1. 0.]
status: SUCCESS
 ||[3.03237481 1.07325256 2.31215995 0.99280561 4.09865913 0.10603537
 2.76296316 4.28106271 2.69341987 6.28203554 0.75308263 2.1242667
 2.22484298 1.76295673 0.82721815 1.43636522 2.69497003 5.49484301
 2.50574307 1.40362249 2.90548828 3.21301434 0.72691867 2.86225148
 1.31910767 0.49615546 1.77404279 2.26169088]
 ||$wsqaoa_euc_shape2_paramseed-16_p-14.txt$optimal function value: 59.367672529999965
optimal value: [1. 0. 0. 0. 0. 1. 0. 0. 0. 0. 0. 1. 0. 0. 0. 0.]
status: SUCCESS
 ||[2.135619   3.01890366 1.30976749 2.80727697 1.28674688 4.13243282
 0.81325245 3.98983332 0.03181351 2.0206127  2.27042889 0.89200438
 2.33547182 1.9484427  2.4795277  6.00794881 0.79654504 5.61424089
 3.53731955 4.19350318 0.08601274 2.87015153 1.96911883 1.86115873
 0.70484429 1.94655459 0.81126617 4.94990232]
 ||$wsqaoa_euc_shape3_paramseed-16_p-14.txt$optimal function value: 34.11246652
optimal value: [1. 0. 0. 0. 0. 1. 0. 0. 0. 0. 1. 0. 0. 0. 0. 1.]
status: SUCCESS
 ||[1.13488859 3.02244129 1.30909789 2.80708256 1.27948443 4.13954493
 0.81154371 3.98902722 0.03161137 1.89634211 1.05091068 0.89104376
 2.33653677 1.94689057 2.47685192 6.00554692 0.80234083 5.60486702
 2.53884629 4.19876898 0.08538261 2.86727316 2.9655042  1.86148012
 0.70507513 1.94664023 0.81159019 4.94996483]
 ||$wsqaoa_euc_shape1_paramseed-17_p-14.txt$optimal function value: 74.31243116000002
optimal value: [0. 1. 0. 0. 0. 0. 0. 0. 0. 0. 1. 0. 1. 0. 0. 0.]
status: SUCCESS
 ||[1.63982216 5.0686089  3.01738883 2.81970485 2.40686016 4.42486307
 2.07780475 0.69222181 0.08469048 2.41385907 2.34482627 1.58576089
 1.57585121 1.99476756 2.65870265 5.93886687 1.26152849 6.27335937
 0.19515354 5.10577669 3.74980443 0.94818203 2.21636068 3.51179766
 3.00059147 2.31974621 1.69613427 5.54450767]
 ||$wsqaoa_euc_shape2_paramseed-17_p-14.txt$optimal function value: 30.655645410000005
optimal value: [0. 1. 0. 0. 0. 0. 1. 0. 0. 0. 0. 1. 1. 0. 0. 0.]
status: SUCCESS
 ||[1.63994479 5.06851459 4.01748134 2.81981037 2.40683108 4.42472193
 2.0775316  0.69224301 0.08452559 2.41384422 2.34485039 1.5601606
 1.59373709 1.99475471 2.65857356 6.93883631 1.26171861 6.27313385
 0.19542873 5.10574288 2.7499076  0.94824979 2.21671773 3.51173174
 3.00071462 1.31945116 1.69634373 5.54467687]
 ||$wsqaoa_euc_shape3_paramseed-17_p-14.txt$optimal function value: 37.817205
optimal value: [0. 0. 1. 0. 1. 0. 0. 0. 0. 0. 0. 1. 0. 1. 0. 0.]
status: SUCCESS
 ||[2.63906582 5.07162246 4.01694511 1.82138604 2.40856619 5.42339023
 2.07987187 0.94205646 1.08468643 2.41951772 2.34458608 1.58528391
 1.57620434 1.99490229 2.65931327 5.93885793 1.26144134 6.27316465
 0.1951877  5.10569112 2.75018961 0.94795598 2.21674832 3.51123669
 3.00089941 1.31953409 1.69631247 5.54462007]
 ||$wsqaoa_euc_shape1_paramseed-18_p-14.txt$optimal function value: 48.13067508999998
optimal value: [0. 1. 0. 0. 0. 0. 0. 1. 0. 0. 1. 0. 1. 0. 0. 0.]
status: SUCCESS
 ||[0.56927262 4.15581373 1.05118194 2.24398003 1.53760866 3.10377508
 1.5073433  2.87948518 0.83086429 1.5943485  2.17375152 2.1580745
 1.90049562 4.94593504 2.72037577 5.93147944 0.736662   1.49142494
 3.30846783 3.61600498 0.63409886 4.25920563 2.74278526 5.25085392
 0.68110436 1.88024318 0.02009119 6.12935417]
 ||$wsqaoa_euc_shape2_paramseed-18_p-14.txt$optimal function value: 34.534382419999986
optimal value: [0. 0. 1. 0. 0. 0. 0. 1. 0. 1. 0. 0. 1. 0. 0. 0.]
status: SUCCESS
 ||[0.56948304 4.15590908 1.05098958 1.24364184 1.53792977 3.10414
 1.50726161 2.87977498 0.83105931 1.59467713 2.17361088 2.03851628
 2.12000858 4.94595153 2.72050885 5.93151518 0.73686567 1.49162975
 2.30854938 4.61620363 0.63417542 4.2575364  2.74334449 5.41404666
 0.48902134 1.87839679 1.0209142  6.13037374]
 ||$wsqaoa_euc_shape3_paramseed-18_p-14.txt$optimal function value: 72.64698858999998
optimal value: [0. 0. 0. 1. 1. 0. 0. 0. 0. 1. 0. 0. 0. 0. 0. 0.]
status: SUCCESS
 ||[1.52968771 5.11163902 2.04863145 1.24704737 1.54099718 3.11083375
 1.51117008 2.88328557 0.83342691 1.60183187 2.1765206  2.04189666
 2.12722203 4.94781022 2.72846806 5.93773927 0.74132889 2.49210631
 2.30757855 3.61513274 0.63342088 4.25669662 2.74186911 5.25088311
 0.67768667 1.87716994 0.02062194 6.12926485]
 ||$wsqaoa_euc_shape2_paramseed-19_p-14.txt$optimal function value: 68.07826849
optimal value: [1. 0. 0. 0. 0. 0. 1. 0. 0. 0. 0. 1. 0. 0. 1. 0.]
status: SUCCESS
 ||[2.64090294 4.93083094 1.59410408 3.2088785  1.21714715 6.24801496
 0.90713417 0.92563154 1.82341939 2.63991996 0.8191974  1.65240606
 0.3066398  2.18748196 0.94208253 3.53315445 0.62558248 0.43574273
 0.63119083 4.41104745 1.17966427 4.60101715 2.51768326 2.59630412
 0.30316102 4.5539115  2.33541256 2.46622731]
 ||$wsqaoa_euc_shape3_paramseed-19_p-14.txt$optimal function value: 37.817205
optimal value: [1. 0. 0. 0. 0. 0. 1. 0. 0. 0. 0. 1. 0. 1. 0. 0.]
status: SUCCESS
 ||[3.18481883 4.93779557 1.64685702 3.15537661 1.19778093 6.42907997
 1.06895564 0.92546265 0.81593728 1.63018688 1.02315056 1.67209233
 0.33007598 2.04148077 0.97063364 3.56827958 0.62604202 0.44143679
 0.63247796 3.40263887 1.21927304 4.60431111 2.5127602  2.60239061
 0.30495547 4.57393931 2.3694996  2.48359728]
 ||$wsqaoa_euc_shape1_paramseed-20_p-14.txt$optimal function value: 87.33848693000002
optimal value: [0. 0. 1. 0. 0. 0. 0. 0. 0. 0. 0. 1. 1. 1. 0. 0.]
status: SUCCESS
 ||[3.84589686 4.31152599 2.40709366 5.68518806 0.81698648 3.99337684
 2.84464248 5.4800182  1.80006373 2.06533487 1.29164837 6.24344196
 1.32403921 2.00361956 2.98323844 2.82119059 0.65777057 1.99147018
 2.85280852 2.11161358 1.3439892  4.94412262 2.53102653 3.09162107
 0.25567406 3.60290805 0.10790308 0.59072811]
 ||