$hadfield_euc_shape3_paramseed-16_sp-0213_p-18.txt$optimal function value: 32.53962615999998
optimal value: [0. 1. 0. 0. 0. 0. 1. 0. 1. 0. 0. 0. 0. 0. 0. 1.]
status: SUCCESS
 ||[1.13611906 3.01920966 2.31147191 2.80615468 1.28744668 4.13301972
 0.81376353 3.98923368 0.03156355 1.89944404 1.05016961 0.97736873
 2.2478153  1.94844769 2.47994404 6.00813704 0.79697326 5.61393819
 2.5372216  4.19375047 0.08500862 2.87081732 1.96903489 1.86033232
 0.70553769 1.94642554 0.8109962  4.95003386 1.09235128 2.65917896
 2.02003506 5.95828391 0.92096418 0.27628334 3.0597673  5.23098702]
 ||$hadfield_neuc_shape3_paramseed-17_sp-0213_p-18.txt$optimal function value: 44.55872038000001
optimal value: [0. 1. 0. 0. 1. 0. 0. 0. 0. 0. 1. 0. 0. 0. 0. 1.]
status: SUCCESS
 ||[2.6047941  5.03144647 2.96459981 1.91883896 2.83376368 5.37428808
 2.05044723 0.64791419 1.11592386 2.44626666 2.35353477 1.52936625
 1.57326655 1.99353297 2.68344686 6.96417088 1.30899964 6.22005728
 0.28577896 5.11562489 2.76463667 0.90537656 2.16507191 3.54572843
 2.94087082 1.35466131 1.63793235 5.59585898 2.08781733 1.98081113
 0.20335405 5.91668016 1.55039499 6.22374986 1.49436854 5.00390256]
 ||$hadfield_euc_shape1_paramseed-17_sp-0213_p-18.txt$optimal function value: 48.13067508999998
optimal value: [0. 0. 1. 0. 1. 0. 0. 0. 0. 1. 0. 0. 0. 0. 0. 1.]
status: SUCCESS
 ||[2.6407484  6.0723971  3.0189019  1.81902517 2.40431693 4.42610099
 2.0748309  0.68920354 0.08310355 2.41526235 2.11819714 1.68310007
 1.58449092 1.99910632 2.66528172 5.94036418 1.2668571  6.27807395
 0.20226242 5.11458158 2.75664174 0.95376936 2.22120847 3.51746906
 3.00607365 1.32625715 1.70154972 5.55130976 2.01243241 1.94268469
 0.26499754 5.90891695 1.49540545 6.26728312 0.45080771 6.10957124]
 ||$hadfield_euc_shape2_paramseed-17_sp-0213_p-18.txt$optimal function value: 30.655645410000005
optimal value: [0. 0. 1. 0. 0. 1. 0. 0. 1. 0. 0. 0. 0. 0. 0. 1.]
status: SUCCESS
 ||[1.59730848 5.51879074 2.97440504 1.77752177 2.36247743 4.38199067
 2.03453428 0.65159829 0.0401942  2.3705512  2.30097703 1.54232065
 1.53316644 1.9527715  2.61706284 5.89703978 1.22751208 6.2267829
 0.15347999 5.06316908 2.70653344 0.90467209 2.17108877 3.46899855
 2.95775795 1.27586178 1.65278728 6.5005111  2.00580056 1.92159572
 0.27878824 5.90499607 1.48976899 6.26007212 0.44581652 5.10630102]
 ||$hadfield_euc_shape3_paramseed-17_sp-0213_p-18.txt$optimal function value: 32.53962615999998
optimal value: [0. 1. 0. 0. 0. 0. 1. 0. 1. 0. 0. 0. 0. 0. 0. 1.]
status: SUCCESS
 ||[ 3.03772455  4.83774094  2.75396735  1.53554596  2.31363762  4.10474052
  1.83933328  0.5747984  -0.71571691  3.20244894  1.9997985   1.58729328
  1.2948859   2.06530747  2.39579435  5.98672733  1.20300585  6.02830402
  0.48850203  4.79755918  2.75105463  1.10133884  2.13846837  3.74887025
  2.93722861  1.09028977  1.68055716  5.52827737  1.8523364   1.94596664
  0.34349279  6.01655831  1.28409791  6.30513108  0.36467037  6.41497635]
 ||$hadfield_neuc_shape2_paramseed-18_sp-0213_p-18.txt$optimal function value: 65.76070403
optimal value: [0. 0. 1. 0. 0. 1. 0. 0. 1. 0. 0. 0. 0. 0. 0. 1.]
status: SUCCESS
 ||[1.56852778 4.15561805 1.05158004 1.24311722 1.76143219 3.10624144
 1.40210003 2.8652777  0.81608298 1.61919556 2.13633929 1.99372302
 2.08517998 4.9487164  3.72211584 5.9316249  0.73796184 1.48985909
 2.30154463 4.6165037  0.63437715 4.25798414 2.74291392 5.25061751
 0.67951669 1.87963957 0.02242314 6.13090736 0.69316984 4.56818796
 1.69003735 3.72915142 1.65535063 5.18671935 1.88446817 1.90569449]
 ||$hadfield_neuc_shape3_paramseed-18_sp-0213_p-18.txt$optimal function value: 44.55872038000001
optimal value: [0. 1. 0. 0. 1. 0. 0. 0. 0. 0. 1. 0. 0. 0. 0. 1.]
status: SUCCESS
 ||[1.56929453 5.15587764 2.05095618 1.24367214 1.53761558 3.10431962
 1.50735814 3.87977436 0.83113583 1.59468234 2.17364195 2.0383278
 2.12001123 4.94608589 2.72050082 5.93148991 1.73686273 1.49166602
 2.30849858 3.6164819  0.63413126 4.25747735 2.74347736 5.25130568
 0.67890444 1.87832742 0.0210021  6.13014529 0.69260535 4.56858521
 1.69000417 3.72866638 1.65479378 5.18693498 1.88463339 1.90496594]
 ||$hadfield_euc_shape1_paramseed-18_sp-0213_p-18.txt$optimal function value: 48.13067508999998
optimal value: [0. 0. 1. 0. 1. 0. 0. 0. 0. 1. 0. 0. 0. 0. 0. 1.]
status: SUCCESS
 ||[0.48204513 4.15603205 1.03892412 1.33162313 1.53799684 3.10379664
 1.50728399 3.87996074 0.96704973 1.38479526 2.18030043 2.03866551
 3.12032001 4.94611965 2.72018034 5.92998451 1.73605848 1.49031797
 2.3096073  3.61534261 0.63414878 4.25796266 2.74399766 5.25176842
 0.67827593 1.87758686 0.02087984 6.12991809 0.6921233  4.56899164
 2.68922797 3.72879542 1.65424391 5.18760773 1.88496165 1.90518051]
 ||$hadfield_euc_shape2_paramseed-18_sp-0213_p-18.txt$optimal function value: 30.655645410000005
optimal value: [0. 0. 1. 0. 0. 1. 0. 0. 1. 0. 0. 0. 0. 0. 0. 1.]
status: SUCCESS
 ||[1.56952536 4.15939791 1.05087198 1.24859243 1.53258864 4.10457718
 2.5074459  2.8801737  0.83038325 1.59315496 2.1703618  2.03901465
 2.12370066 4.94176352 2.72203516 5.93379836 1.73767824 1.49210715
 2.3085879  4.61624713 0.63419346 4.25776913 2.7440501  5.25109528
 0.67834318 1.87833292 0.0216633  6.21817726 0.60408205 4.56934463
 1.69012606 3.72911789 1.65537171 5.18661667 1.88487304 1.90449381]
 ||$hadfield_euc_shape3_paramseed-18_sp-0213_p-18.txt$optimal function value: 32.53962615999998
optimal value: [0. 1. 0. 0. 0. 0. 1. 0. 1. 0. 0. 0. 0. 0. 0. 1.]
status: SUCCESS
 ||[0.56835417 5.1559225  1.05102362 1.24277118 1.53960039 4.10831704
 1.5062398  2.87703867 0.8285734  1.59311212 2.17340466 2.03929044
 3.10676323 4.93369516 2.71993127 5.93452694 0.73737574 2.49326769
 2.3084221  3.61594136 0.63309953 4.25749042 2.74321809 5.25134791
 0.67856827 1.87522152 0.0238851  6.12790434 0.69274211 4.5686782
 1.70864066 3.70987256 1.65468405 5.18758828 1.88447706 2.90625015]
 ||