$hadfield_euc_shape3_paramseed-14_sp-0213_p-18.txt$optimal function value: 32.53962615999998
optimal value: [0. 1. 0. 0. 1. 0. 0. 0. 0. 0. 1. 0. 0. 0. 0. 1.]
status: SUCCESS
 ||[0.34334592 4.42068064 2.04852612 5.93188066 0.87657718 2.55961721
 2.30272239 4.13292507 0.9373051  4.28073749 1.24679011 4.88634969
 0.37327864 1.40216899 2.83526605 2.25002077 0.8162096  5.05349995
 1.98612235 1.94044407 1.73144117 4.17234359 0.51803465 4.09419597
 0.38642846 2.11770686 0.26129142 1.28409858 3.07228098 2.53700139
 3.11123188 2.75557487 1.90873674 5.4821798  2.15700893 0.69998649]
 ||$hadfield_neuc_shape2_paramseed-15_sp-0213_p-18.txt$optimal function value: 65.76070403
optimal value: [0. 0. 1. 0. 0. 1. 0. 0. 1. 0. 0. 0. 0. 0. 0. 1.]
status: SUCCESS
 ||[ 3.0332214   1.07222298  3.31138792  1.99120721  3.0999009  -0.01752436
  2.76403141  4.28245274  2.69440395  6.2806088   0.75058011  2.22553747
  2.15546677  1.76285879  0.82960723  1.43881174  2.69457127  5.49416909
  2.50554249  1.40346709  2.90536     3.21287786  0.72677907  2.86193967
  1.31887511  0.49609613  1.77381202  2.26144046  1.78927224  5.84457757
  2.02813126  2.54522948  2.71309707  6.25268273  1.54003908  5.93772747]
 ||$hadfield_neuc_shape3_paramseed-15_sp-0213_p-18.txt$optimal function value: 44.55872038000001
optimal value: [0. 1. 0. 0. 0. 0. 1. 0. 1. 0. 0. 0. 0. 0. 0. 1.]
status: SUCCESS
 ||[4.04669354 0.08007313 3.31665301 0.99555453 3.11508616 0.09157282
 2.77079484 4.27179273 2.68286703 6.27735878 0.76225859 2.10275603
 2.21861978 2.77763465 0.82240446 1.39883002 2.69595155 5.47215246
 2.50481151 1.37883801 2.90716412 3.17711462 0.72261526 3.11165218
 1.74547916 0.49469271 2.77476064 2.25810691 1.78595653 5.84170624
 2.02583809 2.54139366 2.70784891 6.25220199 1.53680875 5.93645155]
 ||$hadfield_euc_shape1_paramseed-15_sp-0213_p-18.txt$optimal function value: 48.13067508999998
optimal value: [0. 0. 1. 0. 1. 0. 0. 0. 0. 1. 0. 0. 0. 0. 0. 1.]
status: SUCCESS
 ||[4.31688437 0.11619972 2.36126963 1.03930524 3.14074676 0.144759
 2.80505256 4.32069483 2.73660257 6.32390522 0.37885884 2.16274349
 2.2680269  1.8061626  0.86611125 2.48948443 2.69073444 5.49178976
 2.50576351 1.39127261 2.89749296 3.21275255 0.70858762 2.84066196
 1.31272656 0.4931552  1.76233878 2.24391177 1.77209508 5.83503681
 2.01379724 2.5353462  2.70250081 6.2416386  1.5337282  5.92540707]
 ||$hadfield_euc_shape2_paramseed-15_sp-0213_p-18.txt$optimal function value: 30.655645410000005
optimal value: [1. 0. 0. 0. 0. 1. 0. 0. 0. 0. 1. 0. 0. 0. 0. 1.]
status: SUCCESS
 ||[ 4.003478   -0.15200566  3.30876272  1.01279457  4.09999523  0.09314722
  2.76086342  4.27590457  2.69986356  6.28723654  0.76261797  2.13160043
  2.233962    1.75009281  0.82370174  1.44663016  2.68657631  5.50121685
  2.51236844  1.40564388  2.91004273  3.32243215  0.94531525  2.85476919
  1.31088773  0.4906222   1.76752582  2.25617451  1.78284375  5.83758419
  2.02016435  2.53949892  2.70599452  6.24658686  1.53321138  5.93129486]
 ||$hadfield_euc_shape3_paramseed-15_sp-0213_p-18.txt$optimal function value: 32.53962615999998
optimal value: [0. 1. 0. 0. 0. 0. 1. 0. 1. 0. 0. 0. 0. 0. 0. 1.]
status: SUCCESS
 ||[4.03075144 1.08365759 2.32039051 0.99267375 4.09735347 0.10778968
 2.76428456 4.2815208  2.69542915 6.28493876 0.75573451 2.12673457
 2.22692591 1.76385162 0.82870234 2.43951537 2.69359059 5.49268274
 2.50601018 1.40232787 3.90460541 3.21295158 0.72638086 2.86287571
 1.31934182 0.49401751 1.77414089 2.26022629 1.78909747 5.84458465
 2.02927542 3.54646271 2.71405654 6.25260943 1.54052335 5.93789422]
 ||$hadfield_neuc_shape2_paramseed-16_sp-0213_p-18.txt$optimal function value: 65.76070403
optimal value: [0. 0. 1. 0. 0. 1. 0. 0. 1. 0. 0. 0. 0. 0. 0. 1.]
status: SUCCESS
 ||[ 2.13560063  3.01816667  1.30116637  2.82868826  1.29409906  4.12522244
  0.93141907  3.98980327 -0.03886892  1.90587054  1.04075878  0.89137362
  2.33683477  2.0445477   2.39998868  6.00706983  0.79738959  5.61593646
  2.53696066  4.19435763  0.08548137  2.87040872  1.96939919  1.86064546
  0.70389617  1.94687193  0.81265334  4.94990589  1.09227286  2.65909707
  2.02030148  5.95909788  0.92066998  0.27650779  3.05951359  5.23164933]
 ||$hadfield_neuc_shape3_paramseed-16_sp-0213_p-18.txt$optimal function value: 44.55872038000001
optimal value: [0. 1. 0. 0. 0. 0. 1. 0. 1. 0. 0. 0. 0. 0. 0. 1.]
status: SUCCESS
 ||[2.14362793 3.02614023 1.30993887 3.80685789 2.28735214 5.13267979
 0.81331938 3.99034463 0.03111765 2.89738064 1.14566395 0.8082854
 2.40585443 1.94839391 2.37600993 5.99670053 0.79997129 5.6159966
 2.53756662 4.19383505 0.08619803 2.87036851 1.96862516 1.86143577
 0.7049131  1.94771464 0.81317523 4.95033278 1.09251365 2.65848905
 2.02031255 5.95791146 0.92004667 0.27592163 3.05979061 5.23145538]
 ||$hadfield_euc_shape1_paramseed-16_sp-0213_p-18.txt$optimal function value: 48.13067508999998
optimal value: [0. 0. 1. 0. 1. 0. 0. 0. 0. 1. 0. 0. 0. 0. 0. 1.]
status: SUCCESS
 ||[ 1.14407339  3.03658813  2.31776832  2.82498399  1.25775414  4.1731336
  0.8008783   3.98787809 -0.01723634  1.88583216  0.97262375  0.85220768
  3.32912843  1.92266864  2.42015487  6.04327171  0.80709561  5.56134426
  2.58579306  4.2002058   0.03480973  2.84945586  1.96804061  1.82675721
  0.35130701  2.28026642  0.85231564  4.93369125  1.38800623  2.92421565
  1.81947267  6.75244908  0.91113146  0.27444173  3.04417427  5.2175378 ]
 ||$hadfield_euc_shape2_paramseed-16_sp-0213_p-18.txt$optimal function value: 30.655645410000005
optimal value: [0. 0. 1. 0. 0. 1. 0. 0. 1. 0. 0. 0. 0. 0. 0. 1.]
status: SUCCESS
 ||[2.1305603  3.01138341 1.30518705 2.80919144 1.2361213  4.15727704
 0.8028019  3.98969885 0.03451359 1.89214603 1.00173473 0.89084714
 2.35891897 1.739076   3.44567478 6.99001644 0.83683133 5.60804558
 2.53683859 4.19351755 0.08657873 3.87122028 1.96840447 1.86039842
 0.70384147 1.9455078  0.81056892 4.95070153 1.09166962 2.65741429
 2.01964268 5.95816296 0.92097803 0.27587112 3.05991673 5.23050836]
 ||