optimal function value: 64.29719343999997
optimal value: [0. 1. 0. 0. 1. 0. 0. 0. 0. 0. 1. 1. 0. 0. 0. 0.]
status: SUCCESS
 ||[0.74156771 0.64821487 1.24425587 0.97372078 0.20896165 2.52327385
 2.88383111 5.02936721 2.40382366 2.39439915 1.68604942 1.73847974
 0.54244884 0.66719533 0.67354342 5.82745482 2.60412009 5.06834786
 2.51468777 1.21539293 0.97344506 4.9394266  2.2993127  5.36993152
 2.76477319 0.5448759  2.90333489 4.22043141 1.58950549 1.1171084
 1.48780167 0.5613655  2.93611639 5.43797219 1.72047157 1.88647974
 2.855311   3.59627779]
 ||