optimal function value: 84.66180500000002
optimal value: [0. 0. 0. 0. 0. 0. 1. 0. 1. 0. 0. 0. 0. 1. 0. 0.]
status: SUCCESS
 ||[2.50077812e+00 5.17047744e+00 2.52974918e+00 1.64902327e+00
 1.97369803e-03 4.16254364e+00 1.48023534e+00 4.77075317e+00
 2.16543260e+00 4.83646124e+00 8.63974701e-01 5.04271854e+00
 2.28187598e+00 2.59189689e+00 2.68017346e+00 4.27116456e+00
 6.21241441e-01 3.45577160e+00 2.52376055e+00 1.65485875e+00
 2.53694577e+00 4.29608483e+00 2.64170769e+00 2.11647094e+00
 2.84767235e-01 5.00493299e+00 2.51636931e+00 2.77723092e+00
 2.90565735e-01 1.21022186e+00 1.99745291e+00 1.80671827e+00
 2.98278352e+00 3.67968692e+00 6.29674913e-01 4.27523695e+00
 1.31332064e+00 5.85876931e+00 2.85670961e+00 3.23355885e+00]
 ||