optimal function value: 34.11246652
optimal value: [0. 0. 0. 1. 0. 0. 1. 0. 0. 1. 0. 0. 1. 0. 0. 0.]
status: SUCCESS
 ||[2.13599577 3.01854709 1.30989808 2.80734186 1.28634727 5.13241561
 0.81268398 3.98945768 0.03215625 1.89888016 1.82538538 0.8751127
 2.31869132 1.93163982 2.5547058  5.99101118 0.77963331 5.5975469
 2.51963409 4.17868609 0.06896011 2.85323817 1.95213942 1.84424827
 0.69048301 1.92872708 0.79386853 4.93258964 1.07519014 3.64125733]
 ||optimal function value: 34.11246652
optimal value: [0. 0. 0. 1. 0. 0. 1. 0. 0. 1. 0. 0. 1. 0. 0. 0.]
status: SUCCESS
 ||[2.13599577 3.01854709 1.30989808 2.80734186 1.28634727 5.13241561
 0.81268398 3.98945768 0.03215625 1.89888016 1.82538538 0.8751127
 2.31869132 1.93163982 2.5547058  5.99101118 0.77963331 5.5975469
 2.51963409 4.17868609 0.06896011 2.85323817 1.95213942 1.84424827
 0.69048301 1.92872708 0.79386853 4.93258964 1.07519014 3.64125733]
 ||