optimal function value: 91.83066781999995
optimal value: [1. 0. 0. 0. 0. 0. 0. 1. 0. 0. 0. 1. 0. 1. 0. 0.]
status: SUCCESS
 ||[2.49257543e+00 5.16461260e+00 1.52391347e+00 1.64541931e+00
 8.75322535e-04 4.16439804e+00 1.47732030e+00 4.77327025e+00
 1.17225098e+00 4.83874767e+00 8.56686469e-01 5.03826501e+00
 2.29251533e+00 2.60134423e+00 1.69111257e+00 4.28512220e+00
 6.04906426e-01 3.47897016e+00 2.52921318e+00 1.66841876e+00
 2.52386011e+00 4.30856648e+00 2.65256745e+00 2.10889252e+00
 2.92571759e-01 5.02889037e+00 2.52834830e+00 2.79764712e+00
 2.94556468e-01 1.23933177e+00 1.99501012e+00 1.82922856e+00
 2.98869143e+00 3.69831456e+00 6.30069802e-01 4.11798225e+00
 1.13251838e+00 6.86100782e+00 3.85748392e+00 3.23309605e+00]
 ||