optimal function value: 83.58928574000004
optimal value: [1. 0. 0. 0. 0. 0. 0. 0. 0. 0. 0. 1. 0. 0. 1. 0.]
status: SUCCESS
 ||[0.6234496  4.12393907 0.63659814 2.2094854  1.46660151 4.13941318
 1.5582637  3.88779446 1.86285505 1.75673923 2.17951974 2.54694661
 2.08170636 5.91243117 2.72783358 6.97510773 0.6559838  1.42643382
 2.33150272 3.59079936 0.62174115 4.20967799 2.68140129 5.15369606
 0.65372107 2.88136182]
 ||optimal function value: 83.58928574000004
optimal value: [1. 0. 0. 0. 0. 0. 0. 0. 0. 0. 0. 1. 0. 0. 1. 0.]
status: SUCCESS
 ||[0.6234496  4.12393907 0.63659814 2.2094854  1.46660151 4.13941318
 1.5582637  3.88779446 1.86285505 1.75673923 2.17951974 2.54694661
 2.08170636 5.91243117 2.72783358 6.97510773 0.6559838  1.42643382
 2.33150272 3.59079936 0.62174115 4.20967799 2.68140129 5.15369606
 0.65372107 2.88136182]
 ||