optimal function value: 85.74198708
optimal value: [0. 0. 1. 0. 1. 0. 0. 0. 0. 1. 0. 0. 0. 0. 0. 1.]
status: SUCCESS
 ||[2.12727206 4.93194779 2.63480021 4.21365091 1.23902343 6.26747069
 0.91127049 1.93046974 0.82386763 1.64148543 1.03200601 1.68634187
 0.34049802 3.04485437 1.22675707 3.57666904 0.63337004 0.44480935
 0.63629599 3.40829783 1.22082102 4.60854821 2.52286579 2.6039612
 0.31215607 4.57416532 2.37393511 2.4884958  2.06803922 1.87894248
 2.87417439 5.23895216 2.4879761  5.99357706 0.73140352 3.42590273
 2.29764656 5.03579487 1.22603932 0.87039944]
 ||