optimal function value: 83.75459395999997
optimal value: [0. 0. 1. 0. 0. 0. 0. 1. 1. 0. 0. 1. 0. 1. 0. 0.]
status: SUCCESS
 ||[1.7121377  7.04705958 1.39684523 5.42889468 0.26762341 1.55472875
 3.1384096  1.31568641 2.01651411 2.88514489 1.42364004 3.11014503
 0.60396691 5.21838508 0.28143421 1.47139196 0.06290921 1.6761934
 1.28054413 6.66791572 2.19116241 0.71461209 0.81167944 6.2302677
 0.19822383 3.89665515 1.185018   4.1523094  1.06320063 4.34361266
 1.56318889 4.0823189  2.83177186 3.65392646 0.4465178  0.40446196
 2.97217832 3.07048133]
 ||