optimal function value: 68.77527402000001
optimal value: [0. 0. 0. 1. 0. 0. 1. 0. 1. 0. 0. 0. 0. 0. 1. 0.]
status: SUCCESS
 ||[2.50484152 5.17932457 3.07462229 0.91274972 0.0118129  2.32630271
 0.89615635 5.0810056  2.16710018 3.80072006 1.75458677 4.16783573
 0.47236896 2.51404884 0.50779067 5.67137988 0.21131498 5.23134552
 0.63579538 4.12708663 0.99481071 2.55553141 2.71395111 0.15395066
 1.0098169  5.73216457 1.58651237 0.56527266 3.09169758 5.94832109
 0.34964258 2.65701812 0.4147516  1.94964837 1.94821096 1.02616432
 2.18229431 0.31804239]
 ||