optimal function value: 109.84240542
optimal value: [1. 0. 0. 0. 0. 0. 1. 0. 0. 0. 0. 0. 0. 1. 0. 1.]
status: SUCCESS
 ||[1.39089962 4.47666579 3.26367911 3.26010497 1.59158775 3.67846343
 1.58152086 3.20856017 1.95529724 4.97959513 0.27743473 1.89936982
 0.26684166 5.08494342 2.15951143 0.24145063 3.07090189 6.04885032
 3.05545705 3.85096644 0.48924041 0.08437218 1.64175258 0.36366408
 0.57244516 1.50845878 0.08101676 2.90057079 1.36904708 5.28454347
 1.61907216 4.00684596 1.54717183 4.15715563]
 ||optimal function value: 109.84240542
optimal value: [1. 0. 0. 0. 0. 0. 1. 0. 0. 0. 0. 0. 0. 1. 0. 1.]
status: SUCCESS
 ||[1.39089962 4.47666579 3.26367911 3.26010497 1.59158775 3.67846343
 1.58152086 3.20856017 1.95529724 4.97959513 0.27743473 1.89936982
 0.26684166 5.08494342 2.15951143 0.24145063 3.07090189 6.04885032
 3.05545705 3.85096644 0.48924041 0.08437218 1.64175258 0.36366408
 0.57244516 1.50845878 0.08101676 2.90057079 1.36904708 5.28454347
 1.61907216 4.00684596 1.54717183 4.15715563]
 ||