optimal function value: 37.817205
optimal value: [1. 0. 0. 0. 0. 0. 1. 0. 0. 0. 0. 1. 0. 1. 0. 0.]
status: SUCCESS
 ||[2.48048754 5.15899987 1.50651201 1.65021123 1.00308718 4.16807243
 1.46992733 4.75619446 1.17626698 4.83414061 0.84944811 5.03115585
 2.2929987  2.60285991 2.69849756 4.25951294 0.74195388 3.27315087
 2.52902021 1.67298816 2.5084959  4.34524234 2.66778668 2.13237173
 0.30466135 4.98528653 2.54545609 2.78994161 0.2447666  1.26012573
 1.96388705 1.83584084 2.94635952 3.69654903 0.59220937 4.1101919
 1.10564954 5.87149402 2.86886489 3.18128498]
 ||