optimal function value: 62.91817746000001
optimal value: [1. 0. 0. 0. 0. 0. 1. 0. 0. 0. 0. 0. 0. 0. 0. 1.]
status: SUCCESS
 ||[2.12723096 4.93170461 1.63467603 3.21378554 1.23631692 6.26319025
 0.90911962 0.93151925 0.82017949 1.63636693 1.02848512 1.68366366
 0.33799286 2.04522299 0.97722551 3.57664333 0.63345092 0.44478967
 0.63633155 3.40825014 1.22066088 4.6085543  2.52294018 2.6039872
 0.31215276 4.57414533 2.37402885 2.48853323 2.06808935 1.87927656
 2.87384477 5.23906305 3.48805331 5.99360206 0.73128361 3.42543965
 2.29789516 5.03604839 1.22632357 0.87049568]
 ||