optimal function value: 97.34933445000001
optimal value: [0. 0. 0. 1. 0. 1. 0. 0. 0. 0. 0. 1. 1. 0. 0. 0.]
status: SUCCESS
 ||[3.49335480e+00 5.16469158e+00 1.52416356e+00 1.64210193e+00
 1.57188620e-03 4.16378716e+00 1.45678069e+00 4.74576005e+00
 1.16917375e+00 4.84177071e+00 9.01557638e-01 5.04714755e+00
 2.24915021e+00 2.58196603e+00 1.69681093e+00 4.29430718e+00
 5.99889204e-01 3.44786176e+00 2.54364239e+00 1.68102233e+00
 2.53688382e+00 4.32283803e+00 2.66703346e+00 3.12139261e+00
 1.71582851e-01 5.02886708e+00 2.53169648e+00 2.79787605e+00
 2.94834593e-01 1.23888891e+00 1.99470966e+00 1.83030735e+00
 2.98941730e+00 3.69813660e+00 6.31210956e-01 4.11860221e+00
 1.13289237e+00 5.86081053e+00]
 ||