optimal function value: 56.76419967999999
optimal value: [0. 1. 0. 0. 0. 0. 0. 1. 1. 0. 0. 0. 0. 0. 0. 0.]
status: SUCCESS
 ||[3.47571662e+00 5.14624780e+00 1.52517941e+00 1.64479633e+00
 3.38752499e-03 4.16677726e+00 1.47740537e+00 4.77445859e+00
 1.17218082e+00 4.83942705e+00 8.56561863e-01 5.04869192e+00
 2.27723192e+00 2.60181113e+00 1.69120083e+00 4.28615543e+00
 6.04542919e-01 3.47877169e+00 2.52908816e+00 1.66884916e+00
 2.52475460e+00 4.30819580e+00 2.65233363e+00 2.10844133e+00
 2.92733340e-01 5.02845692e+00 2.52804918e+00 2.79574976e+00
 2.94261470e-01 1.23908427e+00 1.99530388e+00 1.82872008e+00
 2.98870669e+00 3.69820953e+00]
 ||