optimal function value: 51.381437919999996
optimal value: [0. 0. 1. 0. 0. 1. 0. 0. 1. 0. 0. 0. 0. 0. 0. 1.]
status: SUCCESS
 ||[1.95711854e+00 5.65367817e+00 2.49812383e+00 6.92161072e+00
 2.35301383e+00 5.79388487e+00 9.10230188e-02 2.92615721e+00
 4.08507269e+00 4.07748898e+00 2.82818676e+00 7.11212234e-01
 1.47299466e+00 1.54942054e+00 1.70828159e+00 3.60604403e+00
 4.11132596e-02 1.36173510e+00 8.78225301e-01 5.75783877e+00
 2.40568890e+00 1.00263359e+00 2.50432276e+00 8.71594945e-01
 1.93859048e+00 7.97200144e-01 5.35250425e-03 5.47522758e+00
 6.58002671e-01 1.35383043e+00 3.08497806e+00 5.48195687e+00
 9.09460582e-01 6.04060027e+00 1.69308640e+00 4.26026082e+00]
 ||