optimal function value: 62.66379329
optimal value: [0. 0. 0. 0. 0. 0. 1. 0. 0. 1. 0. 0. 0. 0. 0. 1.]
status: SUCCESS
 ||[1.74158811 0.64829321 2.24416374 1.97352835 1.20886164 2.52342744
 2.88391501 5.02936978 2.40374563 1.39455386 1.68595695 2.7383598
 1.5425912  0.6673243  0.6735566  6.827491   2.60413077 5.06831067
 2.51462713 1.215402   1.97339532 3.93930732 2.29931457 5.37002127
 2.76484777 0.54498673 1.90330264 4.22052705 1.58935884 1.11703707
 1.48773058 0.56143762 2.93607836 5.43787338 2.72046018 2.88653343
 2.85535105 3.5962198 ]
 ||