optimal function value: 88.08146663000002
optimal value: [1. 0. 0. 0. 0. 0. 0. 1. 0. 1. 0. 0. 0. 0. 0. 0.]
status: SUCCESS
 ||[2.14363326 4.03211108 1.30745833 3.82033879 1.30059666 4.13110871
 0.81146508 3.98524693 0.04276602 1.90805967 1.04821072 0.88672418
 2.33695227 1.95165933 2.48185815 6.02080911 0.78727962 6.61428466
 2.53679703 4.19267447 0.08539693 2.87107548 1.96824391 1.86079701
 0.69942506 1.94294543 0.80748221 4.94874884 1.09231126 2.65613577
 2.00971102 5.95907125 1.92349111 0.27560137]
 ||optimal function value: 88.08146663000002
optimal value: [1. 0. 0. 0. 0. 0. 0. 1. 0. 1. 0. 0. 0. 0. 0. 0.]
status: SUCCESS
 ||[2.14363326 4.03211108 1.30745833 3.82033879 1.30059666 4.13110871
 0.81146508 3.98524693 0.04276602 1.90805967 1.04821072 0.88672418
 2.33695227 1.95165933 2.48185815 6.02080911 0.78727962 6.61428466
 2.53679703 4.19267447 0.08539693 2.87107548 1.96824391 1.86079701
 0.69942506 1.94294543 0.80748221 4.94874884 1.09231126 2.65613577
 2.00971102 5.95907125 1.92349111 0.27560137]
 ||