optimal function value: 116.92786546999997
optimal value: [0. 0. 1. 0. 0. 1. 0. 0. 1. 0. 0. 0. 0. 0. 1. 0.]
status: SUCCESS
 ||[0.32675633 4.41913447 1.1575821  3.79453677 2.9662283  0.41117368
 0.3112208  5.26195876 0.8146522  1.4721056  3.12736509 2.95409183
 2.62800426 2.99266908 2.20695606 1.07431618 1.97435087 5.43427938
 1.62395916 4.6377804  2.09015941 0.38250768 2.36092395 3.69198917
 0.928172   0.17578278 2.69975597 2.95146441 2.23938611 5.50218768
 2.2242518  5.76803642 2.2212662  5.03275878 1.39753815 6.87845678
 2.76153456 0.61299719]
 ||