optimal function value: 30.655645410000005
optimal value: [0. 0. 0. 1. 0. 0. 1. 0. 0. 1. 0. 0. 1. 0. 0. 0.]
status: SUCCESS
 ||[4.00354121 5.95552931 0.17768236 0.53324091 2.6247869  4.62425008
 2.10403355 1.93611966 1.9035821  3.81258153 1.82589329 0.99518719
 1.35299665 2.47263085 2.27141536 6.25057683 2.98260114 3.41919822
 1.39757683 1.6854171  0.1128647  0.17252426 1.46046722 2.00097632
 1.19379375 5.60322478 1.65172775 3.52177059 0.74184685 0.14986987
 1.02149936 0.85894634 1.60295096 6.2749347  2.11886013 1.14255292
 2.80721847 5.00624453]
 ||