optimal function value: 123.73704050999999
optimal value: [1. 0. 0. 0. 0. 1. 0. 0. 0. 0. 1. 1. 0. 0. 0. 0.]
status: SUCCESS
 ||[1.45382183 2.34515103 1.43511181 5.44356145 1.01980539 3.15883275
 2.82231446 0.50503519 1.74082795 3.87421416 0.12747117 2.38144497
 2.20994136 2.83988714 2.27774606 0.98750263 0.74732483 0.69678868
 1.59058547 5.80437087 1.85486872 4.86475738 1.20540597 4.68830182
 0.3197784  1.83049521 2.11815218 4.56020306 1.32481832 0.55053529
 0.95595893 1.27783651 0.88215211 5.08455112 0.62663326 5.56943475
 2.75595914 0.34273514]
 ||