optimal function value: 87.33848693000002
optimal value: [0. 1. 1. 0. 0. 0. 0. 0. 0. 0. 0. 1. 1. 0. 0. 0.]
status: SUCCESS
 ||[3.0309036  0.0700361  2.31404925 0.98488584 3.09116531 0.1016922
 2.76121325 4.28061508 2.69530113 6.26324346 0.73974711 2.12401384
 2.21821843 1.78313187 0.85411874 1.47717993 2.7114277  5.4943166
 2.50751598 1.39364109 2.90533682 3.21253578 0.72724166 2.86159552
 1.32000848 0.49478375]
 ||optimal function value: 87.33848693000002
optimal value: [0. 1. 1. 0. 0. 0. 0. 0. 0. 0. 0. 1. 1. 0. 0. 0.]
status: SUCCESS
 ||[3.0309036  0.0700361  2.31404925 0.98488584 3.09116531 0.1016922
 2.76121325 4.28061508 2.69530113 6.26324346 0.73974711 2.12401384
 2.21821843 1.78313187 0.85411874 1.47717993 2.7114277  5.4943166
 2.50751598 1.39364109 2.90533682 3.21253578 0.72724166 2.86159552
 1.32000848 0.49478375]
 ||