optimal function value: 64.29719343999997
optimal value: [0. 0. 1. 1. 0. 1. 0. 0. 1. 0. 0. 0. 0. 0. 0. 0.]
status: SUCCESS
 ||[2.02981571e+00 9.53650836e-01 3.13476525e+00 3.08310448e-01
 1.55156992e+00 3.34973895e+00 2.63884680e-03 2.96399632e+00
 3.37203755e-01 2.61025885e+00 3.15140533e-02 2.29570602e-01
 9.90523017e-01 5.05334533e+00 1.07342201e-01 1.11231805e+00
 1.83347364e+00 5.62342757e+00 1.75092312e+00 2.27724401e+00
 2.86682075e+00 1.71070135e-01 2.45026806e+00 1.69246186e+00
 2.56296166e-01 9.66244463e-01 9.06706109e-01 4.88922636e+00
 4.10984786e-01 3.40721689e+00 1.89940084e+00 2.24920306e+00
 1.56149948e+00 2.70841349e-01]
 ||