optimal function value: 134.57795812
optimal value: [0. 1. 0. 0. 0. 1. 0. 0. 1. 0. 0. 0. 0. 0. 0. 1.]
status: SUCCESS
 ||[2.79525062 2.69468439 1.81598427 1.29484768 3.55521024 5.17308748
 2.05381824 1.00409871 1.63858561 2.05891124 0.78455418 5.9861551
 3.13024354 0.2791852  2.70180504 3.78986868 1.19824756 1.78170975
 2.12022694 2.86995806 2.15466737 4.15787774 0.41740756 4.82377501
 3.09015107 6.09541641 1.92707017 0.27814069 0.01306231 0.84174424
 2.95651264 1.9028693  1.15056443 5.64359091 0.98783575 3.44942713
 1.3701237  0.40813185 1.83589203 5.30202905]
 ||