optimal function value: 58.525315439999986
optimal value: [0. 0. 0. 1. 0. 0. 0. 0. 0. 1. 0. 0. 1. 0. 0. 0.]
status: SUCCESS
 ||[1.81371779 4.30559076 2.14909955 5.33652025 0.58352051 1.44865084
 0.4623262  2.41471973 2.3059798  0.81816193 1.66918581 1.34399484
 1.92570443 2.71168961 2.6315508  3.82264501 0.04533013 1.73312077
 0.4609169  5.47448002 2.54391534 5.06459696 2.59607487 4.67937044
 2.98239192 4.98738323 0.80647165 5.34033088 1.52927825 4.74379899
 1.77232154 2.69908778 1.14417154 2.70062555 0.98569057 0.73738989
 2.57497882 5.01560322 3.09658544 4.34120779]
 ||