optimal function value: 68.07826849
optimal value: [1. 0. 0. 0. 0. 0. 1. 0. 0. 1. 0. 0. 0. 0. 1. 0.]
status: SUCCESS
 ||[1.33584262 4.41430352 2.04931392 5.91118119 1.87934814 1.61376918
 2.31352555 4.14138287 1.96133148 4.29814809 1.24704102 4.88632438
 0.37263304 1.40345441 2.83339733 2.2507807  0.81911432 5.05485019
 1.98594634 0.9411511  2.73326608 4.17235136 0.5172246  4.09613386
 0.38652694 2.11763354 0.25932635 1.28058493 3.07597581 2.53922904
 3.11119264 2.75658719 1.91025147 5.48577848 2.15345445 0.69910471
 1.8511563  3.98181432]
 ||