optimal function value: 64.29719343999997
optimal value: [0. 0. 1. 0. 0. 1. 0. 0. 1. 0. 0. 1. 0. 0. 0. 0.]
status: SUCCESS
 ||[3.49226612e+00 6.16446476e+00 1.52382944e+00 1.64383965e+00
 1.38879112e-03 4.16461230e+00 1.47737995e+00 4.77352567e+00
 1.17235396e+00 4.83898794e+00 8.56655389e-01 5.03865632e+00
 3.29287361e+00 3.60128255e+00 2.69110202e+00 4.28548467e+00
 6.06270628e-01 3.47843069e+00 2.52936411e+00 1.66831775e+00
 2.52385109e+00 4.30832255e+00 2.65241689e+00 2.10852714e+00
 2.92617159e-01 5.02832154e+00 2.52829531e+00 2.79736148e+00
 2.94606649e-01 1.23882101e+00 1.99465000e+00 1.82957626e+00
 2.98879499e+00 3.69810707e+00 6.31061071e-01 4.11802755e+00
 1.13212558e+00 5.86059307e+00 2.85713571e+00 3.23170170e+00]
 ||