optimal function value: 34.11246652
optimal value: [0. 1. 0. 0. 1. 0. 0. 0. 0. 0. 0. 1. 0. 0. 1. 0.]
status: SUCCESS
 ||[3.03246006 0.07328397 3.31219248 1.99269742 3.09880983 0.1063273
 2.76310423 4.28112039 2.69352208 6.28209165 0.75327754 3.12427373
 2.22475544 1.7627842  0.82734206 1.43628988 2.69478758 5.49504511
 2.50592349 1.40332121 2.90558813 3.21361196 0.72692465 2.86224739
 1.31903554 0.49604733 1.77409536 2.26175918 1.78944898 5.84470987
 2.02788424 2.54501757 2.71302303 6.25288072 1.5402196  5.93780759
 0.05881883 0.88159745]
 ||