optimal function value: 34.534382419999986
optimal value: [0. 0. 1. 0. 0. 0. 0. 1. 0. 1. 0. 0. 1. 0. 0. 0.]
status: SUCCESS
 ||[2.38586751 3.37089816 0.3074429  5.29333041 0.01637034 3.15130225
 2.94146577 0.4003619  1.76573107 3.87313027 0.07602795 2.26432273
 2.12064121 3.40304932 2.30103495 1.13072031 0.75997328 0.63640973
 1.52004916 5.70136327 1.73189377 4.81856018 1.17862541 4.52773339
 0.21118692 1.69612319 2.13123198 4.56704373 2.27548533 0.49456568
 0.71955013 1.3941546  0.65363727 5.01002761 0.35993093 5.6838411
 2.85574386 0.45017431]
 ||