optimal function value: 66.57253768999999
optimal value: [0. 0. 0. 1. 0. 0. 0. 0. 1. 0. 0. 0. 0. 1. 1. 0.]
status: SUCCESS
 ||[ 3.00852584e+00 -3.62175531e-03  2.11682835e+00  9.78701627e-01
  4.14525159e+00  6.78667979e-02  2.64464770e+00  4.19528615e+00
  2.57010442e+00  6.31896282e+00  6.48071726e-01  2.02386362e+00
  2.09422196e+00  1.77155659e+00  5.27048901e-01  1.31961379e+00
  2.56896756e+00  5.42588971e+00  2.45178774e+00  1.36968022e+00
  2.83363548e+00  3.17815958e+00  6.78032755e-01  2.71706513e+00
  1.06320271e+00  3.64631654e-01  1.70221629e+00  2.18521907e+00
  1.78959890e+00  5.76907925e+00  1.90612565e+00  2.50007860e+00
  3.04767934e+00  6.14004720e+00  1.41445068e+00  5.79847709e+00]
 ||