optimal function value: 59.367672529999965
optimal value: [0. 0. 1. 0. 0. 0. 0. 1. 0. 1. 0. 0. 0. 0. 0. 0.]
status: SUCCESS
 ||[3.82981386 4.29645954 2.40899568 6.66862511 0.80951442 3.99117508
 3.84259033 5.47673765 1.81070734 1.05871451 2.29265301 6.251467
 0.33141322 2.0164835  2.97949342 2.84042948 0.65222194 1.52697462
 3.02359162 2.13159313 1.35974974 3.96729162 2.55281514 3.08730337
 0.25803868 3.6530984  0.1362697  0.62751957 1.61977777 4.35634397
 1.89055379 4.32539077 0.51296959 0.73486547 0.0788282  4.42927845
 2.69598448 1.37168735]
 ||