optimal function value: 23.895113699999996
optimal value: [1. 0. 0. 0. 0. 0. 1. 0. 0. 1. 0. 0. 0. 0. 0. 1.]
status: SUCCESS
 ||[4.28853973e-01 6.31607212e+00 2.39423139e+00 1.59279898e+00
 2.06950646e+00 2.82711287e+00 3.04401107e+00 5.95809679e+00
 2.93105440e-01 1.77000844e-01 2.62486826e+00 2.71654636e+00
 3.40593774e+00 2.60719116e-03 1.38792528e+00 4.52260209e+00
 7.08954816e-01 5.92957144e+00 2.82065223e+00 1.80461955e-01
 7.02198374e-02 3.38356904e+00 2.94906290e+00 2.38338006e+00
 6.67967886e-01 3.64371016e+00]
 ||