optimal function value: 91.83066781999995
optimal value: [0. 0. 0. 1. 0. 0. 1. 0. 1. 0. 0. 0. 1. 0. 0. 0.]
status: SUCCESS
 ||[2.35684382 3.43952527 3.95225038 2.97333699 1.45739916 3.72368627
 0.53506523 3.18149877 2.43524618 5.01401261 1.29239695 1.903012
 0.25771121 6.08629405 2.16251291 0.23653664 3.13646868 6.06135764
 2.02820381 3.86199719 0.48936722 0.09380654 1.66174842 0.37570739
 0.59303673 1.47977235 0.08894986 2.8951136  1.39286636 5.26401538
 1.72179599 3.99508214 1.55236761 4.11121833 1.43666001 1.74760584
 4.12264437 6.24860398]
 ||optimal function value: 91.83066781999995
optimal value: [0. 0. 0. 1. 0. 0. 1. 0. 1. 0. 0. 0. 1. 0. 0. 0.]
status: SUCCESS
 ||[2.35684382 3.43952527 3.95225038 2.97333699 1.45739916 3.72368627
 0.53506523 3.18149877 2.43524618 5.01401261 1.29239695 1.903012
 0.25771121 6.08629405 2.16251291 0.23653664 3.13646868 6.06135764
 2.02820381 3.86199719 0.48936722 0.09380654 1.66174842 0.37570739
 0.59303673 1.47977235 0.08894986 2.8951136  1.39286636 5.26401538
 1.72179599 3.99508214 1.55236761 4.11121833 1.43666001 1.74760584
 4.12264437 6.24860398]
 ||