optimal function value: 23.895113699999996
optimal value: [0. 0. 1. 0. 1. 0. 0. 0. 0. 0. 0. 1. 0. 1. 0. 0.]
status: SUCCESS
 ||[1.95691421e+00 4.66076608e+00 3.49818995e+00 6.92153640e+00
 3.32444041e+00 5.79511862e+00 9.11298305e-02 2.92557534e+00
 2.96363534e+00 4.07762855e+00 2.83023651e+00 7.11277090e-01
 1.47362232e+00 1.54923587e+00 1.70828934e+00 3.60614348e+00
 4.12044209e-02 1.36176062e+00 8.78017444e-01 5.75755851e+00
 2.40559716e+00 1.00278117e+00 2.50429528e+00 8.71897894e-01
 1.93978006e+00 7.96109339e-01 5.55052224e-03 5.47520242e+00
 6.57960379e-01 1.35391176e+00 3.08639530e+00 5.48153241e+00
 9.08841146e-01 6.04115775e+00 1.69411113e+00 4.25890969e+00
 6.43293987e-01 5.91233818e+00]
 ||