optimal function value: 37.817205
optimal value: [0. 1. 0. 0. 0. 0. 0. 1. 0. 0. 1. 0. 1. 0. 0. 0.]
status: SUCCESS
 ||[2.13575473 4.0189876  1.30989097 2.80707361 1.28654048 4.13249787
 0.8132084  3.989812   0.03181847 1.897785   2.05262447 0.8918767
 2.33552478 1.94848143 3.47946525 6.00800486 0.79638209 5.61426439
 2.53723607 4.19349872 0.08596498 2.87006964 1.96897145 1.86123437
 0.70475677 1.94647884 0.81126905 4.95009671 1.09258007 2.65857639
 2.02010114 5.95885396]
 ||optimal function value: 37.817205
optimal value: [0. 1. 0. 0. 0. 0. 0. 1. 0. 0. 1. 0. 1. 0. 0. 0.]
status: SUCCESS
 ||[2.13575473 4.0189876  1.30989097 2.80707361 1.28654048 4.13249787
 0.8132084  3.989812   0.03181847 1.897785   2.05262447 0.8918767
 2.33552478 1.94848143 3.47946525 6.00800486 0.79638209 5.61426439
 2.53723607 4.19349872 0.08596498 2.87006964 1.96897145 1.86123437
 0.70475677 1.94647884 0.81126905 4.95009671 1.09258007 2.65857639
 2.02010114 5.95885396]
 ||