optimal function value: 113.12343117
optimal value: [0. 0. 1. 0. 1. 0. 0. 0. 0. 0. 0. 1. 0. 0. 0. 0.]
status: SUCCESS
 ||[1.74399995e+00 2.69274481e+00 2.01654859e+00 1.42941600e+00
 2.54756874e+00 5.17277616e+00 2.04783146e+00 1.00048940e+00
 1.63246853e+00 2.04218626e+00 7.84640049e-01 5.87747374e+00
 3.19420550e+00 2.74928899e-01 2.69705360e+00 3.78269269e+00
 1.19781724e+00 1.77652065e+00 2.11417029e+00 2.86720139e+00
 2.14533396e+00 4.15325174e+00 4.10955475e-01 4.81924995e+00
 3.08174888e+00 6.08051896e+00 1.91563975e+00 2.67773230e-01
 5.70057670e-03 8.39314195e-01 2.94913570e+00 1.89643419e+00
 1.14691608e+00 5.63748258e+00]
 ||