optimal function value: 48.13067508999998
optimal value: [0. 0. 1. 0. 1. 0. 0. 0. 0. 1. 0. 0. 0. 0. 0. 1.]
status: SUCCESS
 ||[1.64558041 6.06745854 3.01804869 2.81864145 3.42688465 4.42898237
 2.08085082 0.69616348 0.0915511  2.42112135 2.3483404  1.56925995
 1.59105189 2.07069849 2.70848313 5.92496588 1.26122182 6.25688803
 0.18073943 5.08950594 2.74174715 0.94236918 2.18802275 4.51421271
 3.06646875 1.31863979 1.69598205 5.55104373 2.00274339 1.94638353]
 ||optimal function value: 48.13067508999998
optimal value: [0. 0. 1. 0. 1. 0. 0. 0. 0. 1. 0. 0. 0. 0. 0. 1.]
status: SUCCESS
 ||[1.64558041 6.06745854 3.01804869 2.81864145 3.42688465 4.42898237
 2.08085082 0.69616348 0.0915511  2.42112135 2.3483404  1.56925995
 1.59105189 2.07069849 2.70848313 5.92496588 1.26122182 6.25688803
 0.18073943 5.08950594 2.74174715 0.94236918 2.18802275 4.51421271
 3.06646875 1.31863979 1.69598205 5.55104373 2.00274339 1.94638353]
 ||