optimal function value: 80.78554051999998
optimal value: [0. 1. 1. 0. 0. 0. 0. 1. 1. 0. 0. 0. 0. 0. 0. 0.]
status: SUCCESS
 ||[1.45631668 2.34467204 0.43771806 5.44579963 0.02217821 4.15750369
 2.8281818  0.5135376  1.73857843 4.87425498 0.14426184 2.37434266
 2.20704215 2.83583991 2.27273097 0.98551247 0.74561348 0.69785046
 1.58922183 5.80093832 1.85222416 4.86369924 1.40048018 4.79627024
 0.28540202 1.79651128 2.0879198  4.5274208  1.29029507 0.52047837
 0.80775891 1.2414127  0.88018155 5.05640851 1.61500234 5.56878767
 2.76307515 0.34506675]
 ||