optimal function value: 112.09232586999997
optimal value: [0. 0. 0. 1. 0. 0. 1. 0. 0. 0. 0. 0. 0. 1. 0. 0.]
status: SUCCESS
 ||[1.13575626 3.01891236 1.30991318 2.80707519 1.28655074 4.13247601
 0.81321977 3.98980366 1.03184087 1.89781229 1.05262153 0.89189236
 2.33552181 1.94847724 2.47948731 7.00800001 0.79640446 5.6142988
 3.53726065 4.19354819 0.08598891 3.87010295 1.96895407 1.86124007
 0.70476199 2.94641189 0.81127585 4.95008463 1.09255504 2.65859387
 2.02013002 5.95885182 0.92056914 0.27651066 3.05953435 5.23117856
 2.48289668 3.2884732  0.73761515 0.97078513]
 ||