optimal function value: 64.29719343999997
optimal value: [0. 0. 1. 0. 0. 0. 0. 1. 1. 1. 0. 0. 0. 0. 0. 0.]
status: SUCCESS
 ||[0.81341361 4.3059696  2.15035881 5.33768307 1.58317957 1.44990542
 0.4630197  1.41352483 2.30512692 0.81740211 1.6687778  1.3439914
 0.92409936 2.71231771 2.64070468 3.81503596 0.04323098 1.73365297
 0.46057707 5.47428148 2.54385261 5.06397426 2.5704371  4.67901989
 2.99483662 4.98641552 0.80578833 5.33938832 1.52928107 4.74431792
 1.77122453 2.69850825 1.14406445 2.7009073  0.98572868 0.73769699
 2.57430825 5.01552537]
 ||