optimal function value: 32.53962615999998
optimal value: [0. 0. 1. 0. 0. 1. 0. 0. 0. 0. 0. 1. 1. 0. 0. 0.]
status: SUCCESS
 ||[3.99358747 5.95759606 0.17867193 0.52819375 2.62224852 5.6384733
 2.10680562 1.94775921 1.89723638 4.83347803 1.82996324 1.9989753
 1.31833973 2.48302832 2.25246307 6.25063758 2.96899993 3.40708948
 1.60639733 1.80745894 0.11187525 0.16928008 1.45713851 1.99878961
 1.19165528 5.59934044 1.64785129 3.51751606 0.73943342 0.12990299
 1.02056647 0.85626167 1.59910054 6.27200582 2.11673824 1.13855737
 2.80488812 5.00492187 2.30432194 5.69526279]
 ||