optimal function value: 59.367672529999965
optimal value: [0. 0. 1. 0. 0. 0. 0. 1. 0. 1. 0. 0. 0. 0. 0. 0.]
status: SUCCESS
 ||[0.58187318 4.12430468 1.02107298 1.20529761 1.48851962 3.14094734
 1.46325968 2.92260009 0.79250057 1.64246737 2.13406702 2.06193229
 2.03935867 4.98217843 3.8058138  5.84617652 0.70234236 1.43535011
 3.66296193 3.38173001 0.67393908 4.29263523 2.7851368  5.29396081
 0.72138193 1.9152216  0.05746449 6.16930981 0.72859807 4.59751467
 1.73073905 3.76102327 1.69720773 5.23141972 1.92068892 2.95415953
 0.34132365 2.9935313 ]
 ||