optimal function value: 64.29719343999997
optimal value: [0. 0. 0. 1. 0. 1. 1. 0. 1. 0. 0. 0. 0. 0. 0. 0.]
status: SUCCESS
 ||[ 2.82684189  4.65757804  3.45156856  5.96649499  2.37403467  5.85443099
  0.17532105  2.96543689  3.05602128  4.13646289  3.90757837  0.80142009
  1.46758506  1.54286813  1.70091479  3.59810522  0.03330185  1.35246328
  0.87231589  5.75390317  2.40038321  1.01410267  2.49676418  0.86525396
  1.9331447   0.79183831 -0.00757382  5.46823944  0.65272669  1.34916757
  3.08203473  5.47760295  0.90596292  6.01288237  1.68606771  4.26008636
  0.63986983  5.90900877  2.15336837  6.07258493]
 ||