optimal function value: 60.521521639999975
optimal value: [0. 0. 1. 0. 0. 1. 0. 0. 0. 0. 0. 1. 1. 0. 0. 0.]
status: SUCCESS
 ||[3.84508905 4.3120583  2.40747138 5.68406945 1.81601155 3.9945137
 2.8435278  5.47959695 1.79987998 1.06421455 1.29297586 6.24401023
 0.32482071 3.00520618 2.98484777 2.82384274 0.65605953 1.99102545
 2.85466082 2.10845399 1.34382962 3.94398077 2.53090553 3.09203471
 0.256092   3.60163023 1.11022262 0.594038   0.59799704 4.35685169
 0.8904835  4.3374858  0.51384797 0.73884638 0.07271568 4.43433171
 2.69893034 1.37998585]
 ||optimal function value: 60.521521639999975
optimal value: [0. 0. 1. 0. 0. 1. 0. 0. 0. 0. 0. 1. 1. 0. 0. 0.]
status: SUCCESS
 ||[3.84508905 4.3120583  2.40747138 5.68406945 1.81601155 3.9945137
 2.8435278  5.47959695 1.79987998 1.06421455 1.29297586 6.24401023
 0.32482071 3.00520618 2.98484777 2.82384274 0.65605953 1.99102545
 2.85466082 2.10845399 1.34382962 3.94398077 2.53090553 3.09203471
 0.256092   3.60163023 1.11022262 0.594038   0.59799704 4.35685169
 0.8904835  4.3374858  0.51384797 0.73884638 0.07271568 4.43433171
 2.69893034 1.37998585]
 ||