optimal function value: 84.11755562999997
optimal value: [0. 0. 1. 0. 0. 0. 0. 1. 0. 1. 0. 0. 1. 0. 0. 0.]
status: SUCCESS
 ||[0.42214141 5.32457758 2.3994563  1.60269774 1.55647707 3.82422014
 3.04703525 5.9556915  0.29487148 0.17809366 2.62560083 2.71912632
 2.39479812 0.01323272 2.39923865 4.53356659 0.71861252 5.93932822
 2.83191664 0.19220317 0.07993407 3.40181338 2.95038183 2.39516512
 0.68049055 2.65223454 0.09123093 1.39288117 1.37563949 3.11529697
 0.73228032 1.45058285 0.70914317 2.76470957 0.91047077 0.13508039
 2.63134228 3.49634299 2.01778831 1.168075  ]
 ||