optimal function value: 60.964423169999975
optimal value: [1. 0. 0. 0. 0. 0. 0. 1. 0. 0. 1. 0. 0. 0. 0. 0.]
status: SUCCESS
 ||[2.13281326 3.05118752 2.31256141 3.80478708 1.28518608 4.13368239
 0.85437812 4.98215597 1.03066828 1.89608148 1.05491007 1.89293626
 2.33184455 1.94140395 2.47901213 6.00979471 0.78542858 5.61155118
 2.53710722 5.19075182 0.08429027 2.86078849 1.96830609 1.86942458
 0.70901845 1.94101182 0.80304781 4.94911431 1.09632826 2.6603107
 2.01651731 5.95639545 0.93031995 0.28241909 4.07982599 5.23248167
 2.4834539  3.2847032  0.74040649 0.96965238]
 ||