optimal function value: 106.31425612999999
optimal value: [0. 0. 0. 0. 0. 1. 0. 0. 0. 0. 1. 0. 1. 0. 0. 0.]
status: SUCCESS
 ||[1.78125129 2.66628862 1.81404869 1.29443228 2.55444217 5.17461469
 2.05146306 1.00599518 1.6351801  2.05839392 1.78560591 6.03246839
 4.10199171 0.28023972 2.70253146 3.79011937 1.19900621 1.78215881
 2.12067175 2.87048958 2.15471805 4.15861603 0.41790298 4.82487408
 4.08631255 6.09064883 1.92872686 0.27594394 0.012429   0.83973387
 2.9570382  1.9040777  1.15051387 5.64396483 0.98797003 3.44928814
 1.37018366 0.40856226]
 ||