optimal function value: 82.43943937
optimal value: [1. 0. 0. 0. 0. 1. 0. 0. 0. 0. 0. 0. 0. 0. 0. 1.]
status: SUCCESS
 ||[1.64049381 6.0688567  3.01741843 2.81988641 2.3871061  4.42463861
 3.0994603  0.69207927 0.09265909 2.42081231 2.34474433 2.58605672
 1.57549859 1.99440545 2.6578328  5.9390616  1.26144902 6.27320036
 0.19629956 5.10573172 2.75009116 0.94830723 2.21661732 3.5115051
 3.00066398 1.31942933 1.69630855 5.54444189 2.00681721 1.94265135
 0.25690476 6.90479992]
 ||optimal function value: 82.43943937
optimal value: [1. 0. 0. 0. 0. 1. 0. 0. 0. 0. 0. 0. 0. 0. 0. 1.]
status: SUCCESS
 ||[1.64049381 6.0688567  3.01741843 2.81988641 2.3871061  4.42463861
 3.0994603  0.69207927 0.09265909 2.42081231 2.34474433 2.58605672
 1.57549859 1.99440545 2.6578328  5.9390616  1.26144902 6.27320036
 0.19629956 5.10573172 2.75009116 0.94830723 2.21661732 3.5115051
 3.00066398 1.31942933 1.69630855 5.54444189 2.00681721 1.94265135
 0.25690476 6.90479992]
 ||