optimal function value: 23.895113699999996
optimal value: [0. 0. 0. 1. 0. 1. 0. 0. 0. 0. 1. 0. 1. 0. 0. 0.]
status: SUCCESS
 ||[0.33580409 4.41873923 2.04807211 5.90667097 0.85588606 1.61058594
 3.29730004 4.16128777 0.95037564 4.29924349 1.24811194 4.88508425
 0.37811161 1.41842165 2.83201391 2.25045521 0.82024727 5.0530155
 1.98387015 0.93733677 1.73116586 4.17363177 0.51837584 4.09525017
 0.38497473 2.11953425 0.26167339 1.28523652 3.07204024 2.53681472
 3.1113724  2.75789268 1.90854249 5.48367454 2.15668438 0.70294486
 1.8518184  3.98138918 0.56949076 0.59657463]
 ||