optimal function value: 101.61429879000002
optimal value: [0. 1. 0. 0. 0. 0. 1. 0. 0. 0. 0. 1. 0. 0. 0. 1.]
status: SUCCESS
 ||[3.19256352 5.01272288 1.64678717 3.28423851 1.20289722 6.28602081
 0.82840404 0.92641533 0.7610945  1.66658461 1.04744449 1.55790448
 0.27651025 1.79904215 0.66267199 3.62587408 0.7370268  0.55985441
 0.72519597 3.51083468 1.33592069 4.69857477 3.62872639 2.58926832
 1.30748415 4.59521568 2.37395065 2.48927988 2.05072386 1.86627994
 2.86368052 5.27327471 3.49033162 6.00830184 0.7257697  3.41164695
 2.29199064 5.05612121]
 ||