optimal function value: 93.09448287000001
optimal value: [0. 0. 0. 1. 0. 0. 1. 0. 0. 1. 0. 0. 0. 0. 0. 0.]
status: SUCCESS
 ||[3.12195607 5.93138147 1.63613216 4.21508275 1.23735742 6.26189064
 0.91061561 0.93034195 0.81717684 1.6314482  1.02904729 1.68777716
 0.33771247 3.04037721 0.96783624 3.57705094 0.63047544 0.44902414
 0.63029091 3.4078341  1.2252567  4.61085791 2.52288395 2.60582442
 0.31296559 4.57693987 2.37674498 2.49044649 2.06872144 1.88066523
 3.87346084 5.2384835  2.48891462 5.99322727 0.73187237 3.42730425
 2.29703693 5.03434477]
 ||optimal function value: 93.09448287000001
optimal value: [0. 0. 0. 1. 0. 0. 1. 0. 0. 1. 0. 0. 0. 0. 0. 0.]
status: SUCCESS
 ||[3.12195607 5.93138147 1.63613216 4.21508275 1.23735742 6.26189064
 0.91061561 0.93034195 0.81717684 1.6314482  1.02904729 1.68777716
 0.33771247 3.04037721 0.96783624 3.57705094 0.63047544 0.44902414
 0.63029091 3.4078341  1.2252567  4.61085791 2.52288395 2.60582442
 0.31296559 4.57693987 2.37674498 2.49044649 2.06872144 1.88066523
 3.87346084 5.2384835  2.48891462 5.99322727 0.73187237 3.42730425
 2.29703693 5.03434477]
 ||