optimal function value: 105.21444587000002
optimal value: [0. 0. 0. 0. 0. 0. 1. 0. 0. 1. 0. 0. 1. 0. 0. 0.]
status: SUCCESS
 ||[1.71160432 6.05009126 0.3995268  4.42553467 0.26816439 1.54878794
 3.14322824 1.31894433 2.08393527 2.88386674 1.34283836 3.16154084
 0.56948987 5.21487842 0.27848362 1.47151446 0.06421064 1.67779584
 1.27916591 5.66612254 1.19555473 1.71503962 0.81549717 6.2300254
 0.20564799 3.8933271  1.19936223 5.15780823 1.07362012 4.33353248
 2.55995925 5.07768587 2.83011087 3.64680727 0.44927344 0.39640853
 2.97910525 3.06473661]
 ||