optimal function value: 66.31815352000001
optimal value: [0. 0. 1. 0. 1. 0. 0. 0. 0. 1. 0. 0. 1. 0. 0. 0.]
status: SUCCESS
 ||[ 0.57335739  4.14306348  1.03089143  1.21238815  1.53030953  3.09076804
  1.51209954  2.86786101  0.81037701  1.58234019  2.15028021  2.02073655
  2.1196585   5.4290227   2.70244184  6.93231892  0.71577357  2.49725605
  2.33622256  3.58044744  0.63514971  4.23453987  2.72099345  5.22393709
  0.65974193  1.86338606 -0.00877779  6.098507    0.65617737  4.55997903
  1.67889096  3.7125058   1.62410458  5.13775195  1.84511952  1.88371785
  0.33955725  2.99283046  2.89106531  0.89844561]
 ||