optimal function value: 34.11246652
optimal value: [0. 0. 0. 1. 0. 0. 1. 0. 0. 1. 0. 0. 1. 0. 0. 0.]
status: SUCCESS
 ||[ 0.58131209  4.17473676  2.06580854  2.23327425  1.52420443  3.09721925
  1.49233295  2.87704633  0.80976312  1.58146802  2.16655572  2.04968682
  2.12761785  4.943479    2.71213559  5.93260811  0.73954439  1.4974992
  2.31686574  3.60302002  0.63531302  4.24477082  2.71531199  5.23570966
  0.67755437  1.88789502 -0.01070506  6.10428288  0.66975633  4.54361652
  1.67430364  3.73300015  1.63784147  6.21556825  2.13023661  1.89261599
  0.37451623  3.00288329]
 ||optimal function value: 34.11246652
optimal value: [0. 0. 0. 1. 0. 0. 1. 0. 0. 1. 0. 0. 1. 0. 0. 0.]
status: SUCCESS
 ||[ 0.58131209  4.17473676  2.06580854  2.23327425  1.52420443  3.09721925
  1.49233295  2.87704633  0.80976312  1.58146802  2.16655572  2.04968682
  2.12761785  4.943479    2.71213559  5.93260811  0.73954439  1.4974992
  2.31686574  3.60302002  0.63531302  4.24477082  2.71531199  5.23570966
  0.67755437  1.88789502 -0.01070506  6.10428288  0.66975633  4.54361652
  1.67430364  3.73300015  1.63784147  6.21556825  2.13023661  1.89261599
  0.37451623  3.00288329]
 ||