optimal function value: 65.58951586999999
optimal value: [1. 0. 0. 0. 0. 0. 0. 1. 0. 1. 0. 0. 0. 0. 0. 0.]
status: SUCCESS
 ||[0.74757682 3.41943274 1.16219143 3.79430508 1.96583217 0.41175035
 0.04129374 5.26198541 0.814762   1.47224794 4.12789687 2.95444122
 2.62761992 2.99288685 2.00776737 0.94622737 1.99455097 5.45392763
 1.64353718 4.6574117  2.10940415 0.40232548 2.38229506 3.71404573
 0.94647201 0.19487641 2.719125   2.97034432 2.2583494  5.52168598
 2.2434446  5.78748002 1.24080643 5.03230162 1.39683924 5.87839023
 2.76098437 0.61229944 0.42718822 1.36323518]
 ||