optimal function value: 60.521521639999975
optimal value: [0. 0. 0. 1. 1. 0. 0. 0. 0. 0. 1. 0. 0. 1. 0. 0.]
status: SUCCESS
 ||[2.79502958 2.69476442 1.81615946 1.29499105 3.55504736 5.17474201
 2.05291245 1.00673474 1.6356754  2.05948559 0.7854126  5.98667903
 3.13781093 0.29450734 2.70262835 3.78675698 1.19582658 1.80071991
 2.11773624 2.85944901 2.14402737 5.14860264 0.41689073 4.82355579
 3.08543707 6.08997235 1.92588077 0.27721479 0.01185868 0.84086553
 2.95533084 1.90200381 2.1493064  5.64350925 0.98764387 3.44932037
 1.36982217 0.40842379 1.83635704 5.30344029]
 ||