optimal function value: 64.29719343999997
optimal value: [1. 0. 0. 0. 0. 0. 1. 1. 0. 1. 0. 0. 0. 0. 0. 0.]
status: SUCCESS
 ||[ 5.30099377e-01  4.11098852e+00  9.84746459e-01  2.16035596e+00
  1.42510513e+00  3.15622423e+00  1.50488694e+00  2.81762715e+00
  1.81277463e+00  1.59390935e+00  2.15942543e+00  2.05901974e+00
  2.06943088e+00  4.84823500e+00  2.67376226e+00  5.88730880e+00
  6.85713747e-01  1.48102915e+00  2.31744655e+00  3.61780450e+00
  6.37482969e-01  4.20584950e+00  2.66257091e+00  5.18331017e+00
  5.84652400e-01  1.89254826e+00 -5.33109689e-03  6.09724141e+00
  7.16196309e-01  4.51415988e+00  1.67381036e+00  3.68812281e+00
  2.69736631e+00  5.18257276e+00  1.88225498e+00  1.90700175e+00]
 ||