optimal function value: 30.655645410000005
optimal value: [0. 1. 0. 0. 0. 0. 1. 0. 0. 0. 0. 1. 1. 0. 0. 0.]
status: SUCCESS
 ||[1.00786048 1.96292736 2.040018   0.44348952 1.68487409 3.30503799
 0.16671597 3.17775629 0.10348264 2.72172989 0.2053461  0.5706407
 1.32992307 5.20285093 0.41407712 1.38309103 1.96653693 5.95281368
 1.79754608 2.49239284 3.05402373 0.29632192 2.69546391 1.82668722
 0.34334046 0.75596153 0.99872257 6.14442108 0.46659528 3.65619809
 2.00690723 2.33935495 1.72173182 0.39630737 0.18656047 1.29350991
 2.13947874 2.68908195]
 ||