optimal function value: 123.73704050999999
optimal value: [0. 0. 0. 1. 0. 1. 1. 0. 1. 0. 0. 0. 0. 0. 0. 0.]
status: SUCCESS
 ||[2.13573023 3.01898872 1.30959971 2.80798734 2.28650104 4.13262164
 0.81307783 3.98978096 0.03237945 1.89781035 1.05309804 0.89211381
 2.33581162 1.94878106 2.47963566 6.00793861 0.7964653  5.61426841
 2.53718915 4.19339329 0.08591006 2.86996314 1.96899315 1.86126257
 0.70477405 1.9455527  0.81247214 4.9509319  1.09233062 2.65830942
 2.01995327 5.95871412 0.92020461 0.2761936  3.0594922  5.23124191
 2.48294747 3.28843358]
 ||