optimal function value: 48.13067508999998
optimal value: [0. 0. 1. 0. 1. 0. 0. 0. 0. 0. 0. 1. 0. 1. 0. 0.]
status: SUCCESS
 ||[2.00580059 0.93967362 3.03518694 0.48302418 2.18505542 2.29786672
 0.1797406  3.18573874 1.11808595 2.72070143 0.21707906 0.56781836
 1.33188552 5.1889283  0.38735699 1.3968975  1.97060872 5.95119563
 1.80714319 2.48786497 3.0617467  0.2894755  2.6942481  1.81683785
 0.45056705 0.73634706 0.96606686 5.12364161 0.56651256 3.65150863
 2.00023776 2.33665587 1.71871653 0.39289328 0.18442484 1.29013317
 2.13478037 2.68289032]
 ||