optimal function value: 66.29076064
optimal value: [1. 0. 0. 0. 0. 0. 1. 0. 0. 1. 0. 1. 0. 0. 0. 0.]
status: SUCCESS
 ||[8.78665197e-01 4.21565757e+00 2.20075079e+00 6.29670073e+00
 5.57171458e-01 1.39296041e+00 4.35422744e-01 1.37199266e+00
 3.32155909e+00 7.89979906e-01 1.63372658e+00 1.31170722e+00
 8.82013271e-01 2.67365199e+00 2.57067395e+00 3.80087414e+00
 1.05878988e-03 1.70843651e+00 4.43084962e-01 5.43651530e+00
 2.48259000e+00 5.03186014e+00 2.54465213e+00 4.60583901e+00
 2.94559708e+00 4.96881358e+00 7.79770967e-01 5.76299270e+00
 1.50852460e+00 4.65789893e+00 1.71729687e+00 2.66906473e+00
 2.14346334e+00 2.83217132e+00 7.66371637e-01 7.16251599e-01
 2.56635103e+00 4.98531713e+00 4.10755572e+00 4.29939369e+00]
 ||