optimal function value: 48.697738310000005
optimal value: [0. 1. 0. 0. 0. 0. 1. 0. 0. 0. 0. 1. 1. 0. 0. 0.]
status: SUCCESS
 ||[1.49073075 4.12427314 2.08898048 0.89527519 1.0385578  2.35549641
 0.85384262 5.09956395 2.15533249 3.77549975 1.72995628 4.14484551
 0.45469388 2.76689387 0.53765508 5.68548643 0.22936513 6.14824137
 0.22907828 4.30854429 1.05799905 2.53565858 2.64433185 0.17088665
 0.28240241 5.74812109 1.60148319 0.56678314 3.10660884 6.94668639
 0.34817131 2.64660133 0.42483764 1.95774277]
 ||optimal function value: 48.697738310000005
optimal value: [0. 1. 0. 0. 0. 0. 1. 0. 0. 0. 0. 1. 1. 0. 0. 0.]
status: SUCCESS
 ||[1.49073075 4.12427314 2.08898048 0.89527519 1.0385578  2.35549641
 0.85384262 5.09956395 2.15533249 3.77549975 1.72995628 4.14484551
 0.45469388 2.76689387 0.53765508 5.68548643 0.22936513 6.14824137
 0.22907828 4.30854429 1.05799905 2.53565858 2.64433185 0.17088665
 0.28240241 5.74812109 1.60148319 0.56678314 3.10660884 6.94668639
 0.34817131 2.64660133 0.42483764 1.95774277]
 ||