optimal function value: 85.74198708
optimal value: [1. 0. 0. 0. 0. 0. 1. 0. 0. 0. 0. 1. 0. 1. 0. 0.]
status: SUCCESS
 ||[1.56970093 4.15865003 1.048886   2.23787723 1.53399187 3.09730848
 1.50526058 2.8719475  0.8379093  1.57917507 2.16832484 2.05265554
 2.10879121 4.9444784  2.70461907 5.93796623 0.72894546 1.49121422
 2.2957636  3.59184486 0.61697983 4.23604265 2.74131545 5.22846747
 0.65868813 1.86233489 0.01418434 6.10042179 0.68398742 4.54246589
 1.68041245 3.709164   1.65589039 5.4153683  1.94997104 1.90412877
 0.35961607 2.99742584]
 ||