optimal function value: 71.93359236000003
optimal value: [1. 1. 0. 0. 0. 0. 0. 1. 0. 0. 0. 0. 0. 0. 1. 0.]
status: SUCCESS
 ||[1.8026459  2.69572617 2.80716289 1.29043293 2.56176683 6.19325446
 2.05426805 1.00819883 1.63943498 2.07923432 0.77541646 5.9933448
 3.12198925 0.25138124 2.6890933  3.76711045 1.23963712 1.65090558
 2.07570795 2.85721921 2.32372128 4.32745752 0.41605592 4.82039244
 3.0849643  6.08849234 1.92486386 0.27566059 0.01201966 0.8410762
 2.95515771 1.90215607 1.14823589 5.64343545 0.9847755  3.44803524
 1.36832854 0.40815708]
 ||