optimal function value: 23.895113699999996
optimal value: [1. 0. 0. 0. 0. 0. 1. 0. 0. 1. 0. 0. 0. 0. 0. 1.]
status: SUCCESS
 ||[ 1.49724946  5.09488568  3.03224828  2.87406529  2.29810063  4.27731221
  1.80610654  0.6500415  -0.09930807  2.09592818  2.23637244  1.50848676
  1.2906204   1.77096971  2.41605076  5.77299817  1.18879445  6.14511441
 -0.10733785  5.11865214  2.72606613  0.67599186  2.10493495  3.17435041
  2.75093823  1.22206358  1.57945777  5.3829929   1.82214607  1.84503067
  0.13215431  5.67991568  1.28752125  6.20390355  0.34604503  5.10134058
  2.33559202  5.72928598]
 ||