optimal function value: 85.74198708
optimal value: [0. 0. 1. 0. 1. 0. 0. 0. 0. 0. 0. 1. 0. 1. 0. 0.]
status: SUCCESS
 ||[2.01903592 0.94077016 3.04109704 0.45364932 1.6818684  2.29626207
 0.18638492 3.18525195 0.11962052 3.72409977 0.22154638 0.57132295
 1.33180452 5.19363979 0.38731872 1.40141445 1.97111723 5.94873035
 1.80653771 2.48854368 3.06373235 0.29167859 2.69535372 1.81638937
 0.45225329 0.73967337 0.9678004  5.12580826 0.56636898 3.65123434
 2.00667261 2.33857096 1.72078227 0.40088244 0.17361436 1.29217692
 2.13654272 2.67934706 0.98684732 3.67771028]
 ||