optimal function value: 70.10982533999999
optimal value: [1. 0. 0. 1. 0. 1. 0. 0. 0. 0. 1. 0. 0. 0. 0. 0.]
status: SUCCESS
 ||[4.07682397 7.03294673 0.19208861 0.44906584 2.63283656 5.03845811
 2.08143275 1.93783748 2.89052683 3.8421529  1.82374612 0.92604984
 1.30893952 2.48928607 2.23290788 6.21694724 3.03206511 3.4038804
 1.35930321 1.68978551 0.07170654 0.15264972 1.47114822 2.00637641
 1.14446808 5.60620326 1.63021894 3.49084848 0.76494299 0.17495765
 1.0336113  0.85801607 1.61324087 7.32111627 3.02387897 1.16430016
 2.75417806 5.03219846]
 ||