optimal function value: 63.02959926
optimal value: [0. 0. 0. 1. 0. 0. 0. 0. 0. 0. 1. 0. 1. 0. 0. 0.]
status: SUCCESS
 ||[0.33828534 5.41074482 3.05461437 5.90654348 0.85744733 1.60851756
 2.30258965 5.1423277  0.94753245 4.30685061 1.24373172 4.89127758
 0.37028986 1.40919442 2.83626095 3.25297158 0.83049582 5.05723253
 1.97458351 0.94974129 1.71348899 4.17894147 0.50396912 4.10536939
 0.38016374 2.1112003  0.24876357 1.28434541 3.06422043 2.54037639
 3.09433175 2.75680331 1.89846478 5.47597944 2.13863249 0.70318683
 2.0414538  4.13537209]
 ||optimal function value: 63.02959926
optimal value: [0. 0. 0. 1. 0. 0. 0. 0. 0. 0. 1. 0. 1. 0. 0. 0.]
status: SUCCESS
 ||[0.33828534 5.41074482 3.05461437 5.90654348 0.85744733 1.60851756
 2.30258965 5.1423277  0.94753245 4.30685061 1.24373172 4.89127758
 0.37028986 1.40919442 2.83626095 3.25297158 0.83049582 5.05723253
 1.97458351 0.94974129 1.71348899 4.17894147 0.50396912 4.10536939
 0.38016374 2.1112003  0.24876357 1.28434541 3.06422043 2.54037639
 3.09433175 2.75680331 1.89846478 5.47597944 2.13863249 0.70318683
 2.0414538  4.13537209]
 ||