optimal function value: 106.17063797000003
optimal value: [0. 0. 0. 0. 0. 0. 1. 0. 1. 0. 0. 1. 0. 1. 0. 0.]
status: SUCCESS
 ||[4.03253628 1.07113643 2.31148762 0.99351556 3.10004836 1.10691093
 2.76396867 4.28042007 2.69914665 6.28604348 1.75432063 2.1243232
 3.22489407 1.76206106 0.82692792 1.43586549 2.7032896  5.50114866
 2.50637041 1.40402257 2.91057579 3.21925823 0.72725244 2.86276862
 1.31841131 0.49533282 1.77380376 2.26189979 1.78953814 5.84499698
 2.02786861 2.54562517 2.71162136 6.2516002  1.53873625 5.93653767
 0.05903655 0.8812421 ]
 ||