optimal function value: 80.10546582
optimal value: [0. 0. 1. 0. 0. 1. 0. 0. 0. 0. 0. 0. 1. 0. 0. 0.]
status: SUCCESS
 ||[3.49090028e+00 5.16689461e+00 1.51914585e+00 1.64539074e+00
 1.16093701e-03 4.16643969e+00 2.47002588e+00 4.77105539e+00
 1.17016761e+00 4.83818934e+00 9.38401477e-01 4.94681824e+00
 2.26568262e+00 2.60817851e+00 1.68173541e+00 4.29551369e+00
 6.09962083e-01 3.48394909e+00 2.52972225e+00 1.67007489e+00
 2.52306479e+00 4.30809662e+00 2.65289620e+00 2.11204747e+00
 2.90606306e-01 5.02439876e+00 2.52713946e+00 2.79762827e+00
 2.90520834e-01 1.23489542e+00 1.99406351e+00 1.83071196e+00
 2.98624434e+00 3.69753505e+00]
 ||