optimal function value: 61.949961970000004
optimal value: [1. 0. 0. 0. 0. 1. 0. 0. 0. 0. 0. 0. 0. 0. 0. 1.]
status: SUCCESS
 ||[1.42106936 4.51774292 2.90464822 3.92711785 1.59555774 3.69081756
 1.58063756 4.2155067  1.97749286 5.04049494 0.29021233 1.89981858
 0.28480081 5.08402636 2.17043633 0.26911509 3.07775406 6.05347337
 2.04609943 3.85990281 1.48719792 0.10092332 1.65992872 0.37410581
 0.59740452 1.52015319 0.09429877 2.91470252 1.38392603 5.29293375
 1.63111962 4.02291463 1.5703291  4.16254873 1.43676027 1.747829
 3.13437903 6.25614117]
 ||