optimal function value: 32.55298180999998
optimal value: [1. 0. 0. 0. 0. 0. 1. 0. 0. 1. 0. 0. 0. 0. 0. 1.]
status: SUCCESS
 ||[4.00311082 6.9464782  1.17300467 0.52979857 2.6309378  4.62363459
 2.14905712 1.91429698 1.89400272 3.8123535  2.82469699 0.99384382
 1.35355685 2.47145945 2.27228844 6.36135553 2.9270729  3.41874209
 1.39718071 1.68521079 0.11277279 0.17220984 1.46029974 2.00089492
 1.19392831 5.60304038 1.65167067 3.52164088 0.74161619 0.1499061
 1.02126744 0.85858563 1.60275855 6.27470958 2.11894222 1.14240149
 2.8065602  5.0061593  2.30867176 5.69708539]
 ||