optimal function value: 69.15699916
optimal value: [0. 0. 1. 0. 0. 0. 0. 0. 1. 0. 0. 0. 0. 1. 0. 1.]
status: SUCCESS
 ||[3.12727515 4.93174946 1.63509827 4.21373642 1.23631681 6.26310899
 0.90905752 0.93161586 0.82029669 2.63633755 1.02845044 1.68327116
 0.33822259 2.0451293  0.97725561 3.57663929 0.63345704 0.44480374
 1.63631388 3.40828366 1.22074416 4.60858148 2.52289521 2.60402445
 0.31215655 4.57415903 2.37398505 2.48852316 2.06809736 1.87894352
 2.87417601 5.23901918 3.48811367 5.99365843 0.73146304 3.42594775
 2.29761994 5.03583218]
 ||