optimal function value: 34.11246652
optimal value: [1. 0. 0. 0. 0. 1. 0. 0. 0. 0. 1. 0. 0. 0. 0. 1.]
status: SUCCESS
 ||[2.40425683 6.07178507 4.02703216 1.80910966 3.42071159 4.39955493
 3.02525755 0.65366231 0.06320237 2.39958743 2.32412929 1.56934514
 1.55939186 1.97345197 2.61493139 6.95542591 1.21338091 6.22405739
 0.17668605 5.06063075 2.69766639 0.87892321 2.17720675 3.48711691
 2.96809931 1.29739736 1.64549245 5.48896283 1.95769211 1.91914125
 0.22561461 5.8529805  1.4354705  6.23234258 0.39245839 5.07417117
 2.5260092  5.74731151]
 ||