optimal function value: 62.06260308999998
optimal value: [0. 1. 0. 0. 1. 0. 0. 0. 0. 0. 0. 1. 0. 0. 0. 0.]
status: SUCCESS
 ||[1.64236154 6.07326837 3.01718959 1.82214211 3.40771654 4.4169955
 2.08649506 1.69045112 0.08713336 2.41566099 2.34639741 1.58744659
 1.57671495 2.99687275 2.65780174 5.93768955 1.26193082 6.27296684
 1.19479683 5.10662857 2.74827251 0.95111973 2.21616006 3.50998259
 3.00214384 1.31826395 1.69609462 5.54584402 2.00746799 1.93995962
 0.25815806 5.90530263 1.49040615 6.25921188 0.44728288 5.10447751
 2.55520826 5.77928033 0.05740192 2.34147491]
 ||