optimal function value: 70.38812845999996
optimal value: [0. 0. 0. 1. 0. 0. 0. 0. 1. 1. 0. 0. 0. 0. 1. 0.]
status: SUCCESS
 ||[2.4050596  3.71604062 3.45075047 2.91015585 1.58568383 3.67559579
 0.73775292 3.21053631 1.96673043 4.96205499 0.28417562 1.90139656
 0.26071309 5.06967293 2.16355823 0.20905636 3.08226213 6.04122987
 2.05269911 3.86422446 0.31400699 0.08727376 1.65440274 0.36618057
 0.57925437 1.32433815 0.255296   2.90451772 1.38003356 5.29117835
 1.61278166 4.01895963 1.59731745 4.14597431 1.42277364 1.74178739
 3.13134893 6.25665053 2.62406536 4.43515268]
 ||