optimal function value: 66.14353598000002
optimal value: [0. 1. 0. 1. 0. 0. 0. 0. 0. 0. 1. 0. 1. 0. 0. 0.]
status: SUCCESS
 ||[1.71257686 6.04490057 0.39698628 5.42845937 0.26523779 2.55676887
 3.13576344 1.31573293 2.03110939 2.90928925 1.43161933 3.10152266
 0.59569982 6.20901048 1.2807374  1.47114082 0.06204075 1.67491534
 1.27997826 5.67503424 1.18006495 0.70852865 0.81812703 6.22937001
 0.1980804  3.89457675 1.18450187 4.15156767 1.0623049  4.34516572
 1.56507542 4.08276025 2.83317223 3.65290451 0.44625378 0.40453878
 2.97154469 3.06955659 0.6076642  5.9557977 ]
 ||