optimal function value: 77.94725848000002
optimal value: [0. 0. 0. 1. 0. 0. 0. 0. 0. 1. 0. 0. 1. 0. 0. 0.]
status: SUCCESS
 ||[1.13585244 3.01909589 0.8096434  3.80714311 2.28656062 4.13241998
 0.81326914 4.98999646 0.03189362 1.89781108 1.05265098 1.89191401
 2.33546393 1.94841567 2.47935664 6.00802145 0.79641278 5.61425
 2.53724476 4.19352046 0.08597771 2.87009988 1.96901663 1.86149955
 0.70476561 1.94633901]
 ||optimal function value: 77.94725848000002
optimal value: [0. 0. 0. 1. 0. 0. 0. 0. 0. 1. 0. 0. 1. 0. 0. 0.]
status: SUCCESS
 ||[1.13585244 3.01909589 0.8096434  3.80714311 2.28656062 4.13241998
 0.81326914 4.98999646 0.03189362 1.89781108 1.05265098 1.89191401
 2.33546393 1.94841567 2.47935664 6.00802145 0.79641278 5.61425
 2.53724476 4.19352046 0.08597771 2.87009988 1.96901663 1.86149955
 0.70476561 1.94633901]
 ||