optimal function value: 58.02846945999997
optimal value: [0. 0. 1. 0. 1. 0. 0. 0. 0. 0. 0. 1. 0. 0. 0. 0.]
status: SUCCESS
 ||[0.50225387 3.3180087  1.09210131 3.4826072  1.68967287 0.3957091
 1.18909841 5.04615058 0.5510668  1.16785689 2.86501434 2.89267635
 2.42997492 2.79079599 1.85343161 0.79638118 1.62812665 5.21995223
 1.38555997 4.62791578 1.96617935 0.32267943 2.20242705 3.63178133
 0.92050062 0.17187256 2.68372803 2.79006788 2.16230855 5.35499541
 2.31315111 5.59674744 1.1155967  4.90025052 1.40608772 5.51444416
 2.60445465 0.60003369 0.36640894 1.20683352]
 ||