optimal function value: 68.77527402000001
optimal value: [1. 0. 0. 0. 0. 1. 0. 0. 0. 0. 0. 1. 0. 1. 0. 0.]
status: SUCCESS
 ||[1.65460363 5.05404961 3.02898613 1.78740414 3.44341589 4.43108436
 2.16100965 1.17891298 0.10579685 2.39211658 2.34658822 1.56230455
 1.59755793 1.98506372 3.91773665 6.17531265 1.22015777 6.23328134
 0.18620906 5.09821444 2.73334059 0.93914403 2.17350989 3.74084533
 2.98535186 1.25806644 1.63935499 5.51823144 1.95704736 2.68085694
 0.25923273 5.90379824 2.49060691 6.26417924 0.44405502 5.3190636
 2.559209   5.77741315]
 ||