optimal function value: 117.39362593999999
optimal value: [0. 0. 0. 1. 0. 0. 1. 0. 0. 0. 1. 0. 0. 1. 0. 0.]
status: SUCCESS
 ||[2.95672525e+00 4.66096408e+00 2.49786795e+00 5.92123129e+00
 2.32479181e+00 5.79581261e+00 9.13999767e-02 2.92572715e+00
 2.96330027e+00 4.07769383e+00 2.83038320e+00 7.11453848e-01
 1.47378248e+00 1.54925398e+00 1.70819593e+00 3.60625286e+00
 4.08067794e-02 1.36233770e+00 8.78024910e-01 5.75712922e+00
 2.40520143e+00 1.00292692e+00 2.50392669e+00 8.72203434e-01
 1.93998190e+00 7.95814948e-01 5.90717891e-03 5.47604043e+00
 6.58241389e-01 1.35495560e+00 3.08686426e+00 5.48167125e+00
 9.09266929e-01 6.04135293e+00 1.69421751e+00 4.25920368e+00
 6.43744862e-01 5.91248903e+00]
 ||