optimal function value: 44.55872038000001
optimal value: [0. 0. 1. 0. 0. 1. 0. 0. 0. 0. 0. 1. 1. 0. 0. 0.]
status: SUCCESS
 ||[ 1.84131964  4.14607491  0.8827768   1.23303731  1.45489303  2.85352216
  2.54780844  2.77889759  0.68041522  1.51069359  2.14878406  2.03488494
  1.93303225  4.66796162  2.60029382  5.80085991  0.59297351  1.3171085
  2.1880082   3.51376685  0.5079542   4.09321045  2.55856724  5.22477834
  0.57532302  1.60057256 -0.11040582  5.91457849  0.56564904  4.25136788
  1.46108134  3.76912904  2.71337126  4.99275819  1.86022357  1.75637675
  0.12075311  2.79972962]
 ||