optimal function value: 116.92786546999997
optimal value: [1. 0. 0. 0. 0. 1. 0. 0. 1. 0. 0. 0. 0. 0. 1. 0.]
status: SUCCESS
 ||[0.33650901 4.41394018 3.05143144 5.9131155  0.84966861 1.61088607
 3.31042641 4.1262134  0.95178946 4.30042021 1.24576894 4.89245414
 0.36857657 1.40226271 2.82779408 2.24947043 0.81884796 5.04308409
 1.99542666 1.94213893 1.72803325 4.1689262  0.51365843 4.08979004
 0.37251415 2.10775394 0.25543618 1.27631215 3.07104397 2.51974184
 3.10655599 2.749218   1.91471615 5.50754529 2.19271926 0.72647869
 1.8487654  3.97466983]
 ||