optimal function value: 75.57170434
optimal value: [0. 0. 0. 0. 1. 0. 0. 0. 0. 0. 0. 1. 0. 1. 0. 0.]
status: SUCCESS
 ||[0.56938097 4.14677051 2.02192048 1.41242894 1.71725215 3.09989475
 1.50148626 2.91932053 0.81421764 1.58943371 2.16714247 2.02851464
 2.11380662 4.827422   2.71016883 5.92751597 0.73170421 1.48889138
 2.30427475 3.61106732 0.62912839 4.25525524 2.73703663 5.24568753
 0.67555467 1.87290746]
 ||optimal function value: 75.57170434
optimal value: [0. 0. 0. 0. 1. 0. 0. 0. 0. 0. 0. 1. 0. 1. 0. 0.]
status: SUCCESS
 ||[0.56938097 4.14677051 2.02192048 1.41242894 1.71725215 3.09989475
 1.50148626 2.91932053 0.81421764 1.58943371 2.16714247 2.02851464
 2.11380662 4.827422   2.71016883 5.92751597 0.73170421 1.48889138
 2.30427475 3.61106732 0.62912839 4.25525524 2.73703663 5.24568753
 0.67555467 1.87290746]
 ||