optimal function value: 109.75689225999997
optimal value: [0. 1. 0. 0. 1. 0. 1. 0. 0. 0. 0. 1. 0. 0. 0. 0.]
status: SUCCESS
 ||[1.43858507 3.3403841  1.43276808 5.43897725 0.02088042 3.15318089
 2.81940536 1.53883225 1.7358043  3.89049167 0.13785387 3.37931579
 2.20507342 2.83893202 2.28458786 0.99494546 0.75938696 0.69255863
 1.59048762 5.80735222 1.85397197 4.86832    1.21294532 4.69803362
 0.31446752 1.82564281 2.11207958 4.55634957 1.33261422 0.55859907
 0.84151857 1.31470492 0.8821825  5.085343   0.62911974 5.57486385
 2.75886346 0.33768627 1.20693922 3.12297784]
 ||