optimal function value: 64.29719343999997
optimal value: [0. 0. 0. 1. 1. 0. 0. 0. 0. 1. 1. 0. 0. 0. 0. 0.]
status: SUCCESS
 ||[1.45455026 3.34558927 1.43519861 5.44479975 0.01990664 3.1591554
 2.82171514 0.50784136 1.74125524 3.87458986 0.12843533 2.38133284
 2.21009098 2.94653927 2.21212981 0.98743904 0.74770603 0.69711876
 1.5904634  5.80457667 1.85485076 4.86447759 1.20530834 4.68782791
 0.31939844 1.82967191 2.11832253 4.55970705 1.32496969 0.55113122
 0.83801553 1.31890523 0.88366719 5.08662198 0.62696913 5.56898216
 2.76242789 0.34446103 1.19037943 3.08953679]
 ||