optimal function value: 74.31243116000002
optimal value: [0. 0. 1. 0. 0. 0. 0. 0. 0. 1. 0. 0. 0. 0. 0. 1.]
status: SUCCESS
 ||[0.4221037  6.32456591 2.39946658 1.60262879 1.55644488 2.82425788
 2.04704379 4.95568259 0.29487965 0.17812357 2.62560117 2.71914244
 2.39475728 0.01321247 1.39918901 4.53355328 0.71867694 5.93933033
 2.83191654 0.1922315  0.07993084 3.40181177 2.95043428 2.39517407
 0.68046465 2.65223443 0.09123574 1.39292795 1.37565977 3.11527899
 0.73225122 1.45054968 0.68733697 2.88777835 1.91038724 0.13503778
 2.63135294 3.49627408]
 ||