optimal function value: 48.13067508999998
optimal value: [0. 0. 1. 0. 1. 0. 0. 0. 0. 0. 0. 1. 0. 1. 0. 0.]
status: SUCCESS
 ||[1.63946211 5.06861983 3.01755498 1.81976893 3.40679697 5.42465427
 2.07776853 0.69207494 1.0845948  2.41397954 2.34507474 1.58578397
 1.57581    1.99466678 2.65917373 5.93935089 1.26175349 6.27350491
 0.19543899 5.10587314 2.74942085 0.94774434 2.2167653  3.51179902
 3.00097607 1.3198071  1.69593965 5.54386573 2.00633087 1.94224739
 0.25721353 5.90484455 1.48994144 6.2605475  0.44427397 5.10299249
 2.5557859  5.78062869]
 ||optimal function value: 48.13067508999998
optimal value: [0. 0. 1. 0. 1. 0. 0. 0. 0. 0. 0. 1. 0. 1. 0. 0.]
status: SUCCESS
 ||[1.63946211 5.06861983 3.01755498 1.81976893 3.40679697 5.42465427
 2.07776853 0.69207494 1.0845948  2.41397954 2.34507474 1.58578397
 1.57581    1.99466678 2.65917373 5.93935089 1.26175349 6.27350491
 0.19543899 5.10587314 2.74942085 0.94774434 2.2167653  3.51179902
 3.00097607 1.3198071  1.69593965 5.54386573 2.00633087 1.94224739
 0.25721353 5.90484455 1.48994144 6.2605475  0.44427397 5.10299249
 2.5557859  5.78062869]
 ||