optimal function value: 82.31916009
optimal value: [0. 0. 0. 1. 0. 1. 0. 0. 0. 0. 1. 0. 0. 0. 1. 0.]
status: SUCCESS
 ||[1.58368837 4.17340696 1.06906091 1.24482205 1.55334747 3.09465163
 1.51624841 2.88149069 0.84165333 1.57568277 2.19369476 2.20956647
 1.94160054 4.93345277 2.72459527 6.90126424 0.72557702 1.48585128
 2.28510108 3.59951445 0.64487953 4.28116302 2.73054534 5.24664964
 0.67336414 1.86068509 0.05908038 6.13003288 0.65264602 4.56063684
 1.72405369 3.72857022 1.67732816 5.1605625  1.93764138 1.92316789
 0.49230741 3.21632005 2.8891206  0.89495321]
 ||