optimal function value: 61.570007299999986
optimal value: [0. 1. 0. 0. 0. 0. 0. 1. 1. 0. 0. 0. 0. 0. 1. 0.]
status: SUCCESS
 ||[1.0223621  1.9332883  2.03465117 0.43935756 2.72442856 3.29409242
 0.16983669 3.1824577  0.46302179 2.3687321  1.23841653 0.58563355
 1.33332768 5.17687559 0.38850472 1.40013252 2.98751935 5.94973247
 1.81162774 2.48916978 3.06467214 0.28379993 2.69153372 1.81593229
 0.45109464 0.73359014 0.96264193 5.12485682 0.56051609 3.65035735
 1.99931719 2.33546929 1.71307157 0.38796016 0.18239231 1.28771737
 2.13051505 2.68232083 0.98237698 3.6724755 ]
 ||