optimal function value: 87.33848693000002
optimal value: [1. 0. 0. 0. 0. 0. 0. 0. 0. 1. 1. 0. 0. 0. 0. 1.]
status: SUCCESS
 ||[0.32259813 5.11627735 1.05076472 1.24358722 1.53754544 3.10424217
 1.50704659 2.87912236 0.83103807 1.59435921 2.17359602 2.0383539
 2.11986435 4.94605485 2.7205077  5.93179564 1.73677653 1.49079593
 2.30908759 3.61641433 0.63385118 4.25841084 3.74498384 5.25101378
 0.6785896  1.87843062 0.02061345 6.12934294 0.6921071  4.56806902
 1.68998612 3.72881945 1.65480219 5.18580713]
 ||optimal function value: 87.33848693000002
optimal value: [1. 0. 0. 0. 0. 0. 0. 0. 0. 1. 1. 0. 0. 0. 0. 1.]
status: SUCCESS
 ||[0.32259813 5.11627735 1.05076472 1.24358722 1.53754544 3.10424217
 1.50704659 2.87912236 0.83103807 1.59435921 2.17359602 2.0383539
 2.11986435 4.94605485 2.7205077  5.93179564 1.73677653 1.49079593
 2.30908759 3.61641433 0.63385118 4.25841084 3.74498384 5.25101378
 0.6785896  1.87843062 0.02061345 6.12934294 0.6921071  4.56806902
 1.68998612 3.72881945 1.65480219 5.18580713]
 ||