optimal function value: 74.10710375999997
optimal value: [0. 0. 1. 0. 0. 0. 0. 0. 1. 0. 0. 0. 0. 1. 0. 1.]
status: SUCCESS
 ||[1.71289512 7.05003763 0.39407784 4.42775683 1.26508229 1.55243181
 3.14026283 1.31801951 2.01680863 2.88187861 1.42578163 3.11043961
 0.6051175  5.22032421 0.28179581 1.47053361 0.06795171 1.6759861
 1.27940444 5.66702236 1.19441665 0.71407968 0.81220989 6.2309292
 0.19707791 3.8960373  1.18902443 4.15171081 1.06430643 4.34538257
 1.56361239 4.08301201 2.83016728 3.65484642 0.45039582 0.39814886
 2.98026379 3.04342684 0.60891551 5.94470649]
 ||