optimal function value: 118.90150090999998
optimal value: [1. 0. 0. 0. 0. 0. 0. 1. 0. 1. 0. 0. 0. 0. 0. 0.]
status: SUCCESS
 ||[1.04049977 1.95279667 2.0383006  0.44551085 1.67935564 2.28863364
 0.17408204 3.18053355 0.10604155 3.72571971 0.19992767 0.566992
 1.33251657 5.1697743  1.40414698 1.3946295  1.94564175 6.44300186
 1.79753546 2.47796712 3.02372869 0.26922935 2.687424   1.81264611
 0.45251223 0.70060228 0.94825186 5.11289851 0.54729956 3.63067986
 1.97794936 2.32062718 1.7205369  0.37747802 0.1717875  1.27879287
 2.12662075 2.67699701]
 ||