optimal function value: 97.99353042999999
optimal value: [0. 0. 1. 0. 0. 0. 1. 0. 0. 1. 0. 0. 1. 0. 0. 0.]
status: SUCCESS
 ||[0.32139777 5.37906983 2.05857714 6.66851429 0.84886264 1.57229923
 2.25805881 4.12821888 1.19314929 4.53498064 1.02868428 4.67225662
 1.16150505 1.39330751 2.82521238 2.23640037 0.81374328 5.05064618
 1.97682615 0.93510364 1.72114122 4.16593655 0.50956384 4.09171655
 0.38538722 2.11360278 0.25925444 1.28273558 3.06416592 2.53079937
 3.10204774 2.75448503]
 ||optimal function value: 97.99353042999999
optimal value: [0. 0. 1. 0. 0. 0. 1. 0. 0. 1. 0. 0. 1. 0. 0. 0.]
status: SUCCESS
 ||[0.32139777 5.37906983 2.05857714 6.66851429 0.84886264 1.57229923
 2.25805881 4.12821888 1.19314929 4.53498064 1.02868428 4.67225662
 1.16150505 1.39330751 2.82521238 2.23640037 0.81374328 5.05064618
 1.97682615 0.93510364 1.72114122 4.16593655 0.50956384 4.09171655
 0.38538722 2.11360278 0.25925444 1.28273558 3.06416592 2.53079937
 3.10204774 2.75448503]
 ||