optimal function value: 57.01858385
optimal value: [1. 0. 0. 0. 0. 0. 0. 0. 0. 0. 0. 1. 0. 1. 0. 0.]
status: SUCCESS
 ||[0.73857756 3.41745039 1.16470898 3.76905376 1.9925268  0.34816593
 0.04275092 5.20714972 0.79173076 1.40148469 3.09743136 2.88962806
 2.63085051 2.93448643 2.02339976 1.06510306 2.15493716 5.4380176
 1.63653536 4.83458547 2.09866504 0.57428379 2.3738321  3.71179908
 0.94529547 0.18751598 2.71188828 2.96232554 2.25753703 5.50962339
 2.23356847 5.77896567 1.23237619 5.02180352 1.39105836 5.86917657
 2.74996494 0.60158978]
 ||