optimal function value: 113.12343117
optimal value: [0. 0. 0. 1. 0. 1. 0. 0. 1. 0. 0. 0. 0. 0. 0. 0.]
status: SUCCESS
 ||[3.49233429e+00 5.16463089e+00 1.52369199e+00 1.64367155e+00
 1.44520634e-03 5.16145146e+00 1.35217414e+00 4.77183581e+00
 1.17443509e+00 4.84350130e+00 8.56403738e-01 5.03846898e+00
 2.29272034e+00 2.60121494e+00 1.69106854e+00 4.16193309e+00
 6.24701325e-01 3.47842698e+00 2.52932008e+00 1.66824929e+00
 2.52374518e+00 4.30826255e+00 2.65233788e+00 2.10843119e+00
 2.92582489e-01 5.02827815e+00 2.52829752e+00 2.79728403e+00
 2.94591923e-01 1.23879161e+00]
 ||