optimal function value: 23.895113699999996
optimal value: [0. 0. 0. 1. 0. 1. 0. 0. 1. 0. 0. 0. 0. 0. 1. 0.]
status: SUCCESS
 ||[0.8428861  4.40384159 2.14650661 5.33514666 0.57987203 1.44743983
 1.45472899 1.41392727 3.30913366 1.8189024  1.65350149 1.33441047
 0.92035385 2.69940363 2.62877609 4.82837047 0.04043493 1.72270212
 0.45621966 5.4685368  2.54156314 5.05118468 2.58108058 4.66781302
 3.98689595 4.96309892 0.78135566 5.32470964 1.51786324 4.73819035
 1.75758003 2.68070233 2.14448687 2.69374114 0.97821429 0.7264535
 2.55234235 4.99458545]
 ||