optimal function value: 30.655645410000005
optimal value: [1. 0. 0. 0. 0. 0. 0. 1. 0. 0. 1. 0. 0. 1. 0. 0.]
status: SUCCESS
 ||[3.11891588 5.81485266 2.64966088 3.20904898 1.25699784 6.4451238
 0.93355053 0.92749588 0.80840378 1.61651206 1.03029381 2.7040898
 0.45059769 2.04217504 0.97157866 3.56952181 0.62920783 0.44081538
 0.62851183 3.4054341  1.21553396 4.60112929 2.51636295 2.60116564
 0.30596819 4.56992346 2.36592088 2.48511082 2.0627868  1.87290484
 2.86979453 5.23104317 2.47870666 5.99081155 0.72576617 3.42204603
 2.29270216 5.03142904]
 ||