optimal function value: 62.24957653000001
optimal value: [1. 0. 0. 0. 0. 0. 0. 0. 0. 0. 1. 0. 0. 0. 0. 1.]
status: SUCCESS
 ||[1.81369753 5.30571929 2.14909204 5.33649415 0.58347894 2.44865758
 0.46232747 1.41475715 3.30594007 0.81823041 1.66923947 1.34400072
 0.92567929 2.71167775 2.63162048 4.82262464 0.04536117 1.73312605
 0.4609104  5.47446391 2.54387875 5.06454491 2.59612958 4.67938634
 2.98235841 4.98736726 0.80644133 5.3402817  1.52916426 4.74382488
 1.77232052 2.69914302 1.1441916  2.70064206 0.98573009 0.73744125
 2.57505386 5.01562292 3.09662415 4.34119248]
 ||