optimal function value: 109.75689225999997
optimal value: [1. 0. 0. 0. 0. 1. 0. 1. 0. 0. 1. 0. 0. 0. 0. 0.]
status: SUCCESS
 ||[1.74606231 3.42084071 2.15974732 3.79533245 1.96072044 0.41116504
 0.04000804 6.25648312 0.81691329 1.47042472 3.12417657 2.95227919
 2.62485431 2.9911303  3.01288728 0.94433089 1.99334695 5.45020474
 1.63829843 4.65572419 2.19374562 1.31518762 2.38407509 3.70944667
 0.94917391 0.18299544 2.72339318 2.96669257 2.25722911 5.51785594
 2.23959393 5.77823823 1.24015517 5.03652451 1.38892102 5.86768556
 2.76220252 0.60316039 0.4260505  1.3528038 ]
 ||