optimal function value: 32.53962615999998
optimal value: [0. 1. 0. 0. 0. 0. 1. 0. 1. 0. 0. 0. 0. 0. 0. 1.]
status: SUCCESS
 ||[2.83840231 4.31923001 2.48689542 5.44405246 0.81330582 3.99432051
 2.83647468 5.4959493  1.743548   1.06958501 1.29734716 6.25287105
 0.33256162 3.00722094 2.98727811 2.82339649 0.65297487 1.99006869
 2.85650892 2.1090139  1.34319227 3.94002786 2.52440446 4.09475955
 0.25147594 3.59668235]
 ||optimal function value: 32.53962615999998
optimal value: [0. 1. 0. 0. 0. 0. 1. 0. 1. 0. 0. 0. 0. 0. 0. 1.]
status: SUCCESS
 ||[2.83840231 4.31923001 2.48689542 5.44405246 0.81330582 3.99432051
 2.83647468 5.4959493  1.743548   1.06958501 1.29734716 6.25287105
 0.33256162 3.00722094 2.98727811 2.82339649 0.65297487 1.99006869
 2.85650892 2.1090139  1.34319227 3.94002786 2.52440446 4.09475955
 0.25147594 3.59668235]
 ||