optimal function value: 95.29993063
optimal value: [0. 0. 0. 0. 0. 1. 0. 0. 1. 0. 0. 0. 0. 0. 1. 0.]
status: SUCCESS
 ||[3.84237267 4.31189945 2.4118265  6.68953816 0.81826094 3.99223802
 2.84309076 5.47973556 1.79919119 1.06640905 1.2871789  6.24680528
 1.32533673 2.01044896 2.98526891 2.81709028 0.65394214 1.98655823
 2.85033518 2.10616607 1.34067462 3.94829804 2.51771402 3.10195151
 0.25755007 3.60130234 0.11039037 0.60345167 0.59678702 4.36222869
 0.8938607  4.34065732 0.51574382 0.73875945 0.07319492 4.43761052
 2.70099372 1.3850927  0.75445175 0.08187181]
 ||