optimal function value: 84.11755562999997
optimal value: [0. 1. 0. 0. 1. 0. 0. 0. 0. 0. 1. 0. 0. 0. 0. 1.]
status: SUCCESS
 ||[0.81797924 4.30115477 2.14169766 5.3278747  0.58473093 1.45664397
 0.45772376 1.40839836 2.30347149 0.85958873 1.64469682 1.35258847
 0.92912868 3.71464886 2.63389347 3.82685018 0.05736242 1.74683279
 0.46898191 5.47171594 2.54500286 5.06308438 2.59671518 4.66528041
 2.9731848  4.99231162 0.815725   5.33682091 1.52000545 4.74469266
 1.77480368 2.69164703 1.1437373  2.70104853 0.98116007 0.72736408
 2.5706108  5.00787343 3.09372949 4.33962552]
 ||