optimal function value: 87.43067349
optimal value: [0. 0. 1. 1. 0. 1. 0. 0. 0. 1. 0. 0. 1. 0. 0. 0.]
status: SUCCESS
 ||[ 2.62127089  5.21143205  2.05334314  0.69686504  0.07129722  3.36916086
  0.51337762  5.08127607  3.1878109   3.58345404  1.58484695  4.14602745
  0.41529571  2.72405136  0.30136094  5.45169236  0.1699011   4.70985287
  0.12199329  4.10485317  1.01247046  3.56481213  2.41546564 -0.01018837
  0.17700073  5.47132037  1.50475044  0.48591876  2.96641443  5.94174079
  0.16604449  2.4898035   0.33628914  1.76845379  1.90461909  2.1460582
  1.93226236  0.21462051  0.48815175  5.03144396]
 ||optimal function value: 87.43067349
optimal value: [0. 0. 1. 1. 0. 1. 0. 0. 0. 1. 0. 0. 1. 0. 0. 0.]
status: SUCCESS
 ||[ 2.62127089  5.21143205  2.05334314  0.69686504  0.07129722  3.36916086
  0.51337762  5.08127607  3.1878109   3.58345404  1.58484695  4.14602745
  0.41529571  2.72405136  0.30136094  5.45169236  0.1699011   4.70985287
  0.12199329  4.10485317  1.01247046  3.56481213  2.41546564 -0.01018837
  0.17700073  5.47132037  1.50475044  0.48591876  2.96641443  5.94174079
  0.16604449  2.4898035   0.33628914  1.76845379  1.90461909  2.1460582
  1.93226236  0.21462051  0.48815175  5.03144396]
 ||