optimal function value: 119.26096828000004
optimal value: [0. 0. 1. 1. 0. 0. 0. 1. 1. 0. 0. 0. 0. 1. 0. 0.]
status: SUCCESS
 ||[3.84516315 4.31185803 2.40805492 6.68387729 1.8162734  3.9943974
 2.84297976 5.47976978 1.79996057 1.06425865 1.29283854 6.24444725
 0.32436559 2.00520856 2.98463298 2.823671   0.655508   1.99115115
 2.85456589 2.10845181 1.3425762  3.94389296 2.53082932 3.09205425
 0.25593939 3.60159662 0.11026974 1.593923   0.59794816 4.35696286
 0.89052038 4.33696694]
 ||optimal function value: 119.26096828000004
optimal value: [0. 0. 1. 1. 0. 0. 0. 1. 1. 0. 0. 0. 0. 1. 0. 0.]
status: SUCCESS
 ||[3.84516315 4.31185803 2.40805492 6.68387729 1.8162734  3.9943974
 2.84297976 5.47976978 1.79996057 1.06425865 1.29283854 6.24444725
 0.32436559 2.00520856 2.98463298 2.823671   0.655508   1.99115115
 2.85456589 2.10845181 1.3425762  3.94389296 2.53082932 3.09205425
 0.25593939 3.60159662 0.11026974 1.593923   0.59794816 4.35696286
 0.89052038 4.33696694]
 ||