optimal function value: 87.37602608000003
optimal value: [1. 0. 0. 0. 0. 1. 0. 1. 0. 0. 0. 0. 0. 0. 1. 0.]
status: SUCCESS
 ||[0.81055545 4.29703073 3.16853386 5.35264641 0.56215731 1.4281954
 0.45361364 1.43846925 2.280759   0.83730878 1.59933167 1.30906995
 1.40346326 2.67610255 2.59346881 3.78839219 0.01042682 1.70012435
 0.42430519 5.43912238 2.50900356 5.03074993 3.56557501 4.67685845
 2.97811513 4.98298946 0.79936432 5.33665028 1.52165172 4.73925331
 1.76846345 2.6958833  1.14062479 2.69723882 0.98202657 0.73235875
 2.57134191 5.01328551 3.09193499 4.33523888]
 ||