optimal function value: 130.33574467
optimal value: [0. 0. 1. 0. 1. 0. 0. 0. 0. 0. 0. 0. 0. 0. 0. 1.]
status: SUCCESS
 ||[0.74284145 0.64847169 1.24326042 1.96677521 0.19814448 2.51677402
 2.88229239 5.03801512 2.39750513 1.39360751 1.68639909 1.73440522
 0.54016439 0.66275927 1.66598656 5.82799717 3.60447111 5.06821165
 2.5141076  1.21474781 0.97258091 3.93555373 2.30687956 5.37242774
 2.76956858 0.5511493  1.9032314  4.22033906 1.59082927 1.11355153
 1.48853388 0.560474   2.93320036 5.43310929 1.81618655 1.79973148
 2.85869338 3.59493919]
 ||