optimal function value: 64.29719343999997
optimal value: [0. 0. 0. 1. 0. 0. 1. 0. 1. 1. 0. 0. 0. 0. 0. 0.]
status: SUCCESS
 ||[3.03242014e+00 1.07350039e+00 2.31161104e+00 9.92084299e-01
 3.32588493e+00 3.53336973e-03 3.76533739e+00 4.28062267e+00
 3.69300038e+00 6.28234898e+00 7.52520860e-01 2.12131268e+00
 2.22553383e+00 1.76172887e+00 8.26460941e-01 1.43766691e+00
 2.69508283e+00 5.49602856e+00 2.50572696e+00 1.40365560e+00
 2.92812527e+00 3.16972295e+00 7.29241322e-01 2.87311316e+00
 1.30922038e+00 5.18205725e-01 1.75162305e+00 3.28303424e+00]
 ||