optimal function value: 82.31916009
optimal value: [1. 0. 0. 0. 1. 0. 0. 0. 0. 0. 0. 1. 0. 1. 0. 0.]
status: SUCCESS
 ||[2.95668872e+00 5.66106776e+00 2.49839105e+00 5.92145920e+00
 3.32462361e+00 5.79532763e+00 9.10069939e-02 2.92575244e+00
 2.96371297e+00 4.07742334e+00 2.83054838e+00 7.11103487e-01
 1.47368070e+00 1.54930245e+00 1.70828889e+00 3.60631601e+00
 4.09694505e-02 1.36184746e+00 8.78064274e-01 5.75760548e+00
 2.40530234e+00 1.00285784e+00 2.50447405e+00 8.71859162e-01
 1.93980390e+00 7.96181406e-01 5.61714751e-03 5.47524703e+00
 6.58195042e-01 1.35355583e+00 3.08636993e+00 6.48158433e+00]
 ||