optimal function value: 91.83066781999995
optimal value: [0. 0. 0. 1. 1. 0. 0. 0. 0. 0. 1. 0. 0. 0. 1. 0.]
status: SUCCESS
 ||[ 1.46455216  3.60061589  1.42048327  5.42065061 -0.01320716  3.18604686
  3.78656504  0.47658724  1.78053287  3.85342441  0.3878599   2.67701438
  2.04005004  2.66499473  3.11095925  0.98398241  0.74125852  0.69326866
  1.58783457  5.79785486  1.8472016   4.85582616  1.21107751  4.6818236
  0.3103692   1.81841348  2.10722949  4.54746513  1.30601001  0.54028259
  0.83102851  1.291255    0.88212962  5.08058995  0.63590563  5.56530091
  2.75569329  0.33840691]
 ||