optimal function value: 62.31698725999999
optimal value: [0. 0. 0. 1. 1. 0. 0. 0. 0. 0. 0. 0. 0. 0. 1. 0.]
status: SUCCESS
 ||[2.44855962 2.34077466 1.43544599 6.44917267 0.01643805 3.15467159
 3.8274164  0.49647543 1.74087599 3.87132055 0.12875921 2.88221597
 3.20932612 2.82982206 2.27676639 0.97354334 1.74601528 0.67979284
 2.60113228 5.71289375 1.87665933 4.84038112 1.19875329 4.663379
 0.2988426  1.81174074 2.13328262 4.55479791 1.23370696 0.55102342
 1.83217578 1.31950546 0.88165205 5.09192973 0.62589033 5.58341058
 2.76186276 0.34675264]
 ||