optimal function value: 68.07826849
optimal value: [0. 0. 1. 0. 0. 0. 1. 0. 0. 1. 0. 0. 1. 0. 0. 0.]
status: SUCCESS
 ||[1.64059646 5.08115049 3.01457906 1.82402855 2.41403618 4.4173027
 2.07420642 0.68725209 0.07999121 2.41175215 3.34135044 1.59127798
 1.58075087 1.99316286 2.66379894 5.93666649 1.26190151 6.26712614
 0.19579596 5.10535492 2.74989439 0.94865725 2.21507893 3.5103887
 3.00185847 1.3203089  1.69700716 5.54305632 2.00717846 1.94136204
 0.25737779 5.9042693  1.49076546 6.26082894 0.44444605 5.10371958
 2.5550913  5.78007345 0.05647664 2.3391071 ]
 ||