optimal function value: 24.800655089999992
optimal value: [1. 0. 0. 0. 0. 1. 0. 0. 0. 0. 1. 0. 0. 0. 0. 1.]
status: SUCCESS
 ||[3.49239930e+00 5.16451411e+00 1.52387455e+00 1.64385524e+00
 1.38979051e-03 4.16459021e+00 1.47731520e+00 5.77347407e+00
 1.17232825e+00 4.83896674e+00 8.56709152e-01 5.03856855e+00
 3.29282942e+00 2.60133248e+00 1.69109506e+00 4.28545738e+00
 6.06288218e-01 3.47848817e+00 2.52934975e+00 1.66834327e+00
 2.52385298e+00 4.30830630e+00 2.65235005e+00 2.10854545e+00
 2.92597238e-01 5.02831204e+00]
 ||