optimal function value: 97.34933445000001
optimal value: [1. 0. 0. 0. 1. 0. 0. 0. 0. 0. 1. 0. 0. 0. 0. 1.]
status: SUCCESS
 ||[1.49128339 4.13111039 2.09412008 0.9083655  0.03366608 2.34370069
 0.8521445  5.08556675 2.16468392 3.78076061 1.75518335 4.15584915
 0.45724285 2.76599153 0.51255155 5.69513759 1.18637832 5.14464368
 0.23438241 4.31689699 1.05930116 2.54235575 2.64690333 0.11630564
 0.19014707 5.74903684 1.59872488 0.570898   3.10151382 5.94891053
 0.3544287  2.65903377 0.42389233 1.96357392 1.95231224 1.04938896
 2.20407032 0.32348167 0.53937865 5.12258336]
 ||