optimal function value: 60.521521639999975
optimal value: [1. 0. 0. 0. 0. 0. 0. 1. 0. 1. 0. 0. 0. 0. 1. 0.]
status: SUCCESS
 ||[1.77743356 0.63764381 2.2595135  0.94647434 0.21198781 2.503144
 2.91374916 5.03274787 2.37326555 1.41719374 1.67041348 1.76629243
 0.5535194  0.68230615 0.61337294 6.85188206 2.59220217 5.00558399
 2.48848352 1.11330056 0.96894892 3.88242214 2.29631855 5.83914165
 3.76551535 0.53795285 1.89994731 4.21040424 1.58500352 1.11015288
 1.48372453 0.55402208 2.93321305 5.43041198 1.71469854 1.87910237
 2.85122475 3.58711401 2.76439464 5.3241147 ]
 ||