optimal function value: 60.521521639999975
optimal value: [0. 0. 0. 1. 0. 0. 1. 0. 1. 0. 0. 0. 0. 1. 0. 0.]
status: SUCCESS
 ||[3.03238816 0.07326047 2.3121833  0.99284399 4.09864689 1.10602092
 2.76300551 4.28099703 2.69341334 7.28205398 0.75306603 2.12419891
 2.22487535 1.76292013 0.82716446 1.43644014 2.69498652 5.4948556
 2.50579903 1.40358536 2.90547809 3.21297752 0.72693287 2.86220891
 1.3190666  0.49615149 1.77401603 2.26169447 1.78947806 5.84474714
 2.0281162  2.54532359]
 ||optimal function value: 60.521521639999975
optimal value: [0. 0. 0. 1. 0. 0. 1. 0. 1. 0. 0. 0. 0. 1. 0. 0.]
status: SUCCESS
 ||[3.03238816 0.07326047 2.3121833  0.99284399 4.09864689 1.10602092
 2.76300551 4.28099703 2.69341334 7.28205398 0.75306603 2.12419891
 2.22487535 1.76292013 0.82716446 1.43644014 2.69498652 5.4948556
 2.50579903 1.40358536 2.90547809 3.21297752 0.72693287 2.86220891
 1.3190666  0.49615149 1.77401603 2.26169447 1.78947806 5.84474714
 2.0281162  2.54532359]
 ||