optimal function value: 123.73704050999999
optimal value: [0. 0. 0. 1. 0. 0. 1. 0. 1. 1. 0. 0. 0. 0. 0. 0.]
status: SUCCESS
 ||[1.4959216  4.12458447 2.08801501 0.89628457 0.02440592 3.3636108
 0.85513534 5.09363018 2.17740893 3.78034419 1.74691661 4.15023371
 0.45174981 2.76170041 0.49987661 5.69523461 0.19950591 5.14442839
 0.23193926 5.32583168 1.04557894 2.51456471 2.63869794 0.08369417
 0.18985839 5.70966074 1.58289091 0.52478071 3.07152171 6.08388226
 0.54392457 2.65819268 0.42287459 1.96240748 1.95193335 1.0264435
 2.18741669 0.32155175]
 ||