optimal function value: 23.895113699999996
optimal value: [1. 0. 0. 0. 0. 0. 1. 0. 0. 0. 0. 1. 0. 1. 0. 0.]
status: SUCCESS
 ||[1.69159617 3.00950796 1.25815123 2.75609479 1.2385757  4.08275069
 0.75952957 3.86472422 0.17469792 1.82618374 0.97884666 0.8228587
 2.26546934 1.87623426 2.4321891  5.96384902 0.74923856 5.56645321
 2.48782068 4.14620609 0.03879862 2.82116023 1.92166535 1.80899949
 1.63178705 1.94486594 0.81090987 4.94954765 1.08990079 2.65517227
 2.01861315 5.9771616  0.92181012 0.2753584  3.05802542 5.21094824
 2.46789013 3.28941857 0.73629204 0.97256727]
 ||