optimal function value: 74.31243116000002
optimal value: [0. 1. 0. 0. 0. 0. 0. 0. 0. 0. 1. 0. 1. 0. 0. 0.]
status: SUCCESS
 ||[1.72557401 0.62274349 1.28386649 0.95121927 1.23081679 2.5220471
 3.88525669 5.00273923 2.39131533 1.39812569 1.65659415 1.69637755
 0.55390549 1.11875993 0.86889562 5.82372846 3.60629868 5.06472029
 2.5122268  1.21145352 0.96791869 3.93195801 2.29455536 5.36430802
 2.75573816 0.53800242 1.89411354 4.21584799 1.58351346 1.11002354
 1.48315412 0.55683091 2.93415218 5.43375794 1.71473438 1.88136299
 2.84969013 3.58966939]
 ||