optimal function value: 127.07555947000003
optimal value: [0. 0. 0. 1. 0. 0. 1. 0. 1. 1. 0. 0. 0. 0. 0. 0.]
status: SUCCESS
 ||[2.95537369e+00 4.66209482e+00 2.49606264e+00 6.92138949e+00
 2.32370695e+00 5.79458625e+00 8.97063663e-02 2.92532056e+00
 2.96403686e+00 4.07895601e+00 2.83013230e+00 7.09399737e-01
 1.47266004e+00 1.54789603e+00 1.70889980e+00 3.60431614e+00
 3.99966345e-02 1.36076621e+00 8.77561271e-01 5.75737513e+00
 2.40552364e+00 1.00381687e+00 2.50214910e+00 8.73929148e-01
 1.93682300e+00 7.97123929e-01 2.69993448e-03 5.47254833e+00]
 ||