optimal function value: 84.30056069999998
optimal value: [1. 0. 0. 0. 0. 1. 0. 0. 0. 0. 0. 1. 1. 0. 0. 0.]
status: SUCCESS
 ||[0.42211282 4.84729186 3.39944738 2.60263965 1.7053481  2.82422106
 3.04706177 4.95569899 0.29488502 0.17806461 2.62564666 2.71915191
 2.39479309 0.01326116 1.39922809 4.5335802  0.7186707  5.93929516
 3.83192971 0.19216469 0.07991661 3.40179619 2.95043978 2.39518582
 0.68046349 2.65223268 0.09126627 1.39291023 1.37565151 3.11525305
 0.73229774 1.45057761 0.68732188 2.88780774 0.9103696  0.13503243
 2.6313216  3.49629642 2.01783625 1.16810701]
 ||