optimal function value: 97.34933445000001
optimal value: [0. 0. 1. 0. 1. 0. 0. 0. 0. 0. 1. 0. 0. 0. 0. 1.]
status: SUCCESS
 ||[2.50722017 4.13869258 2.09044002 1.89821426 0.0236102  2.36620049
 0.86249728 5.11546265 2.17539508 3.76335754 1.76533424 4.1691521
 0.4458947  2.75449518 0.56173741 5.5809913  0.24223227 5.10676824
 0.29659056 4.27459146 1.09387217 3.58071071 2.66892976 0.10603197
 0.20058199 6.70832772 1.57114013 0.58777795 3.18464796 5.8861646
 0.58338006 2.74207093 0.41774725 1.96281322 1.95121035 1.02506321
 2.18605055 0.32201306]
 ||