optimal function value: 102.48571131999998
optimal value: [0. 0. 1. 0. 1. 1. 0. 0. 0. 0. 0. 1. 0. 0. 0. 0.]
status: SUCCESS
 ||[ 3.49334182e+00  5.16372498e+00  1.52382464e+00  1.64089083e+00
 -3.38948009e-04  5.16495960e+00  1.47739675e+00  4.78510829e+00
  1.15730671e+00  4.78018976e+00  1.86237711e+00  5.04164118e+00
  2.29632059e+00  2.59621664e+00  1.77136626e+00  4.18194614e+00
  6.06290551e-01  3.47846629e+00  2.52940606e+00  1.66827023e+00
  2.52404676e+00  4.30793377e+00  2.65237658e+00  2.10850615e+00
  2.92626551e-01  5.02833399e+00  2.52831147e+00  2.79733510e+00
  2.96012687e-01  1.23877662e+00  1.99457938e+00  1.82955607e+00]
 ||