optimal function value: 60.521521639999975
optimal value: [0. 0. 1. 0. 0. 0. 0. 1. 0. 1. 0. 0. 1. 0. 0. 0.]
status: SUCCESS
 ||[2.74682985e+00 2.67779694e+00 1.81078602e+00 2.28038623e+00
 2.55822433e+00 5.19847797e+00 2.06403703e+00 1.03688498e+00
 1.61233849e+00 2.23255402e+00 9.16826342e-01 6.54528264e+00
 3.12459278e+00 2.70100257e-01 2.69932561e+00 3.77502216e+00
 1.19444523e+00 1.77454459e+00 2.11308296e+00 2.85489244e+00
 2.14607588e+00 4.13821091e+00 4.10128512e-01 4.81374440e+00
 3.06449975e+00 6.08524007e+00 1.91487616e+00 2.76610270e-01
 2.99013297e-04 8.21965330e-01 2.94528336e+00 1.89033166e+00]
 ||