optimal function value: 23.895113699999996
optimal value: [0. 0. 0. 1. 0. 1. 0. 0. 0. 0. 1. 0. 1. 0. 0. 0.]
status: SUCCESS
 ||[1.42237863 5.3246071  2.39938437 2.60240985 1.5561775  2.82435262
 3.04723651 4.95531995 0.29463461 0.17862295 2.62555907 2.71952873
 2.39534696 0.01321898 1.40035095 4.53298094 0.7188425  5.93885814
 2.83281163 0.19382367 0.07985735 3.40185466 2.95041189 2.39504613
 0.68047014 2.65230565 0.09143447 1.39311992 1.37575135 3.11525555
 0.73230369 1.45057589 0.68733877 2.88786641 0.90974489 0.13459536
 2.63100143 3.49602128 2.0179215  1.16805107]
 ||