optimal function value: 64.29719343999997
optimal value: [1. 1. 0. 0. 0. 0. 0. 1. 0. 0. 1. 0. 0. 0. 0. 0.]
status: SUCCESS
 ||[2.48867183 4.13175716 2.09606976 1.64557436 0.03425444 2.35451186
 0.8497043  5.09926518 2.17052113 3.77916039 1.75381152 4.15527603
 0.45682848 2.77217918 0.50188429 5.6926921  0.18607823 5.144903
 0.23445206 4.31621245 1.05890608 2.54224706 2.64664402 0.11705755
 0.19091437 5.74887606 1.59902832 0.57184629 3.10119057 5.94866713
 0.35361804 2.65913955 0.42451114 1.9631654  1.95240091 1.0274409
 2.18937053 0.32300564 0.53784369 5.12534685]
 ||