optimal function value: 65.63476764
optimal value: [0. 1. 0. 0. 0. 0. 0. 1. 1. 0. 1. 0. 0. 0. 0. 0.]
status: SUCCESS
 ||[ 1.50640342e+00  3.99855307e+00  1.95826250e+00  8.55707032e-01
 -6.30652094e-03  2.32051876e+00  8.56839194e-01  5.19522996e+00
  2.20501894e+00  3.68035296e+00  1.73536528e+00  4.15010143e+00
  4.95555967e-01  2.84428071e+00  7.31227552e-01  5.57428637e+00
  1.26015114e+00  5.36483182e+00  6.54280688e-01  4.32010454e+00
  1.02160388e+00  2.47946802e+00  2.63852563e+00  1.36286757e-01
  1.78043239e-01  6.74941875e+00  1.87961547e+00  9.61637679e-01]
 ||