optimal function value: 73.72662588
optimal value: [0. 1. 0. 0. 0. 0. 0. 1. 0. 0. 1. 0. 0. 0. 0. 0.]
status: SUCCESS
 ||[4.43982650e-01 5.30638358e+00 3.42297349e+00 1.59994314e+00
 1.53982747e+00 2.83466117e+00 2.01358303e+00 4.96105600e+00
 2.78889853e-01 1.45531100e-01 2.63522385e+00 3.10117667e+00
 2.70910472e+00 3.28400097e-03 1.39235172e+00 5.53513343e+00
 7.10818400e-01 5.93418973e+00 2.82505608e+00 1.87550562e-01
 7.15509745e-02 3.39304236e+00 2.94774706e+00 2.39168566e+00
 6.77799347e-01 2.64779670e+00 8.48653903e-02 1.38937564e+00
 1.36757501e+00 3.10925900e+00 7.30643183e-01 1.44650446e+00
 6.82466412e-01 2.88639122e+00 9.07416619e-01 1.29492189e-01
 2.62356308e+00 3.48677676e+00 2.01539156e+00 1.15948657e+00]
 ||