optimal function value: 83.58928574000004
optimal value: [0. 0. 1. 0. 0. 0. 0. 0. 0. 1. 0. 0. 1. 0. 0. 0.]
status: SUCCESS
 ||[2.49157385e+00 5.16435593e+00 1.52402626e+00 1.64421796e+00
 1.24450418e-03 4.16461066e+00 1.47745937e+00 4.77442579e+00
 1.17320638e+00 4.83879606e+00 8.56545836e-01 5.03866493e+00
 2.29280279e+00 2.60215168e+00 1.69122501e+00 4.28528914e+00
 6.06380946e-01 3.47811554e+00 2.52954916e+00 1.66829903e+00
 2.52353235e+00 4.30821907e+00 2.65224368e+00 2.10856602e+00
 2.92577941e-01 5.02812850e+00 2.52780229e+00 3.79729418e+00
 2.94748236e-01 1.23888912e+00 1.99471985e+00 1.82920933e+00
 2.98907257e+00 3.69849646e+00 6.30967305e-01 5.11799555e+00
 1.13265450e+00 5.86031078e+00]
 ||