optimal function value: 72.23320691999999
optimal value: [0. 1. 0. 0. 0. 0. 0. 1. 0. 1. 0. 0. 0. 0. 1. 0.]
status: SUCCESS
 ||[3.74244419e+00 6.16494943e+00 1.52461415e+00 1.64336833e+00
 1.65178013e-03 5.16471921e+00 1.47753411e+00 5.02080985e+00
 1.13752371e+00 4.83917621e+00 8.56950307e-01 5.24276432e+00
 3.43633295e+00 2.60166740e+00 1.69159420e+00 4.28464062e+00
 6.05982715e-01 3.47863610e+00 2.52894824e+00 1.66933950e+00
 2.52370563e+00 4.30817814e+00 2.65240090e+00 2.10869552e+00
 2.92620921e-01 5.02834911e+00 2.52814155e+00 2.79738045e+00
 2.94714357e-01 1.23882790e+00 1.99465611e+00 1.82960837e+00
 2.98878900e+00 3.69812807e+00]
 ||