optimal function value: 85.74198708
optimal value: [0. 0. 1. 0. 1. 0. 0. 0. 0. 0. 0. 1. 0. 1. 0. 0.]
status: SUCCESS
 ||[1.95725768e+00 5.66061250e+00 2.49837640e+00 5.92151644e+00
 2.32385763e+00 5.79463495e+00 9.23914465e-02 3.92667047e+00
 2.96354064e+00 4.07789470e+00 2.83052406e+00 7.11096204e-01
 1.47360789e+00 1.54788418e+00 1.70838879e+00 3.60717339e+00
 3.92444544e-02 1.36198077e+00 8.78993930e-01 5.75712918e+00
 2.40579053e+00 1.00297666e+00 2.50391535e+00 8.73395141e-01
 1.94229221e+00 7.97965139e-01 5.54720128e-03 5.47495522e+00
 6.57098232e-01 1.35157236e+00 3.08638719e+00 5.48212929e+00
 9.08581262e-01 6.04148000e+00 1.69470388e+00 4.25934959e+00
 6.42951400e-01 6.91187178e+00 2.16985130e+00 6.07278858e+00]
 ||