optimal function value: 44.55872038000001
optimal value: [0. 0. 1. 0. 0. 0. 0. 1. 0. 1. 0. 0. 1. 0. 0. 0.]
status: SUCCESS
 ||[1.13576406 3.01888705 1.30993642 2.80717742 1.28653997 5.1324857
 0.81317048 3.98973271 0.03184535 1.8977909  1.05263703 0.89190313
 2.33542447 1.94845868 2.47946395 6.0080411  1.79649568 5.61424844
 2.53720401 4.19353502 0.08598381 3.87005493 1.96904069 1.86122076
 0.70475823 1.94648162 0.81126915 5.95005546 1.09255891 2.65856831
 2.02007922 5.95893578 0.92048718 0.27649939 3.05959243 5.23121935
 2.48291163 3.28844683 0.73767259 0.97075537]
 ||