optimal function value: 74.31243116000002
optimal value: [0. 0. 0. 1. 0. 0. 0. 0. 0. 0. 1. 0. 1. 0. 0. 0.]
status: SUCCESS
 ||[2.89593314 4.5209364  2.85006218 6.69080802 0.81068745 3.98166717
 2.82848516 5.46957606 1.78799841 1.05359153 1.30633746 6.21984461
 0.27332363 1.99363038 3.13709693 2.62478111 0.63977054 1.96651264
 2.83230568 2.09262904 1.31772975 3.93551181 2.51477167 3.08484321
 0.23632245 3.57923061 0.09157884 0.57643262 0.58550234 4.33690667]
 ||optimal function value: 74.31243116000002
optimal value: [0. 0. 0. 1. 0. 0. 0. 0. 0. 0. 1. 0. 1. 0. 0. 0.]
status: SUCCESS
 ||[2.89593314 4.5209364  2.85006218 6.69080802 0.81068745 3.98166717
 2.82848516 5.46957606 1.78799841 1.05359153 1.30633746 6.21984461
 0.27332363 1.99363038 3.13709693 2.62478111 0.63977054 1.96651264
 2.83230568 2.09262904 1.31772975 3.93551181 2.51477167 3.08484321
 0.23632245 3.57923061 0.09157884 0.57643262 0.58550234 4.33690667]
 ||