optimal function value: 58.525315439999986
optimal value: [1. 0. 0. 0. 0. 0. 0. 0. 0. 0. 1. 0. 0. 0. 0. 1.]
status: SUCCESS
 ||[1.95686284 5.66069944 2.49825317 6.92163764 2.32430136 5.79536887
 0.09107287 2.92553151 3.96359269 4.07776635 2.83024154 0.71126342
 1.47361857 1.54936782 1.70812647 3.60619401 0.04126999 1.36177451
 0.87826294 5.75770642 2.40521748 1.00257432 2.50457203 0.87200371
 1.94002499 0.79618936 1.00553951 5.47540189 0.65778361 1.35367394
 3.08660917 5.4815236  0.90914563 6.04097233 1.69405816 4.25901857
 0.64327309 5.91241961 2.17000945 6.07307303]
 ||