optimal function value: 72.55634906999998
optimal value: [0. 0. 0. 1. 0. 0. 0. 0. 1. 0. 0. 0. 0. 1. 1. 0.]
status: SUCCESS
 ||[2.49241267e+00 5.16446903e+00 1.52376997e+00 1.64383808e+00
 1.45093129e-03 4.16455284e+00 1.47737800e+00 4.77351150e+00
 2.17235480e+00 4.83888756e+00 8.56712384e-01 5.03855389e+00
 3.41714185e+00 2.60129271e+00 1.69112356e+00 4.28550092e+00
 6.06253748e-01 3.47842676e+00 2.54216526e+00 1.66832990e+00
 2.52383532e+00 4.30830416e+00 2.65240653e+00 2.10854596e+00
 2.92612221e-01 5.02831783e+00 2.52822351e+00 2.79736485e+00
 2.94598161e-01 1.23885964e+00]
 ||