optimal function value: 65.76070403
optimal value: [0. 0. 0. 1. 0. 0. 1. 0. 0. 1. 0. 0. 1. 0. 0. 0.]
status: SUCCESS
 ||[2.6660251  5.00023237 2.93994312 2.82677283 2.40544922 4.33707191
 2.03068324 0.64233335 0.07614396 2.35878723 2.30745429 1.54995296
 1.52929138 1.99149251 2.63882171 6.07948837 1.22924049 6.23406457
 0.14258107 5.08466945 2.60963686 0.90003717 2.20736637 3.47102836
 2.99931037 1.27384978 1.655835   5.52883525 1.95264752 1.91971273
 0.25529761 5.84870467 1.64525606 6.23128839 0.3832784  5.10006097
 2.49900937 5.74583581]
 ||