optimal function value: 105.14866093
optimal value: [0. 0. 0. 0. 1. 0. 0. 0. 0. 1. 0. 0. 0. 0. 1. 0.]
status: SUCCESS
 ||[ 1.43023621  4.10903343  2.06568959  1.91192404 -0.08530948  2.18082856
  0.99087881  5.00208094  2.06401089  3.70862374  1.72099052  4.04075473
  0.35001864  2.64985882  0.39091176  5.97359771  0.44858191  5.01525689
  0.16524188  4.21781559  0.93885288  2.4554742   2.59548109  0.03939017
  0.09031944  5.53334959  1.53611585  0.49387073  2.97962331  5.90593108
  0.26272036  2.53643422  0.40941359  1.84872659  1.85106133  0.89463039
  2.01983093  0.16181168  0.47963341  5.07673077]
 ||