optimal function value: 80.78554051999998
optimal value: [0. 1. 0. 0. 1. 0. 0. 0. 0. 0. 1. 1. 0. 0. 0. 0.]
status: SUCCESS
 ||[2.95688922e+00 4.66082189e+00 3.49812937e+00 5.92160372e+00
 2.32445870e+00 5.79512074e+00 1.09117034e+00 2.92567738e+00
 3.96368065e+00 4.07765182e+00 3.83036784e+00 7.11220840e-01
 1.47369081e+00 2.54919972e+00 1.70827440e+00 3.60618591e+00
 4.13099254e-02 1.36165369e+00 8.78009673e-01 5.75759949e+00
 2.40564322e+00 1.00276852e+00 2.50427019e+00 8.71904569e-01
 2.02905009e+00 7.08580955e-01 5.55405763e-03 5.47519273e+00
 6.58068646e-01 1.35392961e+00 3.08631045e+00 5.48143371e+00
 9.08846243e-01 6.04117335e+00]
 ||