optimal function value: 98.53325924000004
optimal value: [0. 0. 0. 1. 0. 1. 0. 0. 0. 0. 0. 1. 1. 0. 0. 0.]
status: SUCCESS
 ||[1.74012395 3.4134649  1.16084982 4.78587782 2.14808341 0.36588208
 0.04168645 5.2594771  0.80144311 1.46363357 3.0898348  2.94389585
 2.61371894 2.97776643 1.99693007 0.9162567  2.00027066 6.46206516
 1.79683328 4.65300985 2.1056272  0.39672686 2.37593621 3.71213829
 0.84941733 0.18962919 2.79802467 2.96599771 2.25166465 5.51693155
 2.23673271 5.78288015 1.23407079 5.0248166  1.39499399 6.00218689
 2.75755017 0.60830648]
 ||