optimal function value: 60.964423169999975
optimal value: [0. 0. 0. 1. 1. 0. 0. 0. 0. 1. 0. 0. 0. 0. 0. 0.]
status: SUCCESS
 ||[1.74751567 3.41855315 2.16058871 3.79316453 1.9803812  0.39968949
 0.06690216 5.25787288 0.81492523 1.47102962 3.23833827 2.89117885
 2.63296864 2.9927347  2.02176015 0.94563031 1.99442886 5.45325038
 1.64388604 4.65618093 2.10976751 0.40174343 2.38222658 3.71292048
 0.9462297  0.1933844  2.71797624 2.96943313 2.25861202 5.63375415
 2.19013378 5.78644989 1.23949695 5.03185634 1.39676761 5.8783511
 2.76394701 0.6134179 ]
 ||