optimal function value: 97.34933445000001
optimal value: [0. 1. 0. 0. 0. 0. 0. 1. 0. 0. 0. 1. 1. 0. 0. 0.]
status: SUCCESS
 ||[1.95695663e+00 5.66061651e+00 3.49875611e+00 5.92180692e+00
 2.32442976e+00 5.79550223e+00 1.09014247e+00 2.92453812e+00
 2.96338505e+00 4.07790470e+00 2.83059043e+00 7.11098850e-01
 1.47429982e+00 1.54941484e+00 1.70804956e+00 3.60573588e+00
 4.14393825e-02 1.36222981e+00 8.78260437e-01 6.75769715e+00
 2.40579270e+00 1.17209015e+00 2.32007705e+00 8.73781987e-01
 1.93651420e+00 7.96074229e-01 5.66429734e-03 6.47526076e+00
 6.58208542e-01 1.35472035e+00]
 ||