optimal function value: 73.50787463999995
optimal value: [0. 1. 0. 1. 1. 0. 0. 0. 0. 0. 0. 0. 0. 0. 1. 0.]
status: SUCCESS
 ||[1.49094046 4.13102072 2.09360479 0.89600328 0.034079   2.35459842
 0.86091168 5.09140952 2.16967743 3.77899015 1.75361656 4.15522888
 0.4564255  2.76492393 0.50974881 5.69243666 0.18475443 5.14473332
 0.23444463 4.31620171 1.05867101 2.54222527 2.64651495 0.11686522
 0.190972   5.74934972 1.59885017 0.57161366 3.10115542 5.94837176
 0.35353972 2.65908157]
 ||optimal function value: 73.50787463999995
optimal value: [0. 1. 0. 1. 1. 0. 0. 0. 0. 0. 0. 0. 0. 0. 1. 0.]
status: SUCCESS
 ||[1.49094046 4.13102072 2.09360479 0.89600328 0.034079   2.35459842
 0.86091168 5.09140952 2.16967743 3.77899015 1.75361656 4.15522888
 0.4564255  2.76492393 0.50974881 5.69243666 0.18475443 5.14473332
 0.23444463 4.31620171 1.05867101 2.54222527 2.64651495 0.11686522
 0.190972   5.74934972 1.59885017 0.57161366 3.10115542 5.94837176
 0.35353972 2.65908157]
 ||