optimal function value: 59.367672529999965
optimal value: [0. 1. 0. 0. 1. 0. 0. 0. 0. 0. 1. 0. 0. 0. 0. 0.]
status: SUCCESS
 ||[0.81260792 7.0558213  0.39963031 4.4208207  0.26137656 1.55080149
 4.14261566 1.29574987 2.01229205 2.8705365  1.39535935 3.08115242
 1.08450749 5.19642344 0.27353211 1.47453153 0.01278407 1.65544644
 1.25599775 5.66103763 1.17509321 0.68818066 0.78391602 6.21608628
 0.19037808 3.89519252 1.16689512 4.11846525 1.0666653  4.32947625
 1.53674756 4.0294416  2.82091503 3.64761294 0.43914814 0.40155014
 2.96437579 3.03943737 0.61762896 5.9326475 ]
 ||