optimal function value: 63.14874757999999
optimal value: [0. 0. 1. 0. 0. 0. 0. 0. 0. 1. 0. 0. 1. 0. 0. 0.]
status: SUCCESS
 ||[3.03127369 0.073268   3.31471218 0.99373809 3.09907215 0.10541913
 2.76243737 4.28130681 2.69393577 6.28278659 0.75315861 2.1257739
 2.22523906 1.76314402 0.82767799 1.43700034 2.69556503 5.49536188
 2.50537143 1.40291884 2.90601791 3.21302745 0.72744078 2.86258888
 1.32002361 0.49591234 1.776185   2.26297394 1.78939874 5.84526645
 2.02786179 2.54530414 2.71274481 6.25374219 1.54038596 5.9391768
 0.05923646 0.88206771]
 ||