optimal function value: 59.367672529999965
optimal value: [0. 0. 1. 0. 0. 0. 0. 1. 0. 1. 0. 0. 0. 0. 0. 0.]
status: SUCCESS
 ||[0.30179635 4.42917336 2.03326782 5.53846225 1.0592983  1.5551542
 2.2622358  4.1040818  0.89874716 4.32373743 1.1850896  4.8834537
 0.39466485 1.32897449 2.86313243 2.31082731 0.80416135 5.12649316
 2.05320179 0.95394305 1.7684564  4.18794737 0.50462986 4.07553025
 0.44883341 2.10344636 0.20191002 1.29150826 3.05038676 2.52811313
 3.06061891 2.79597452 1.89530873 5.53873838 2.18329369 0.7137411
 1.86050805 4.0794178  0.63329532 1.64247773]
 ||