optimal function value: 87.33848693000002
optimal value: [0. 0. 0. 1. 0. 0. 0. 0. 0. 1. 1. 0. 1. 0. 0. 0.]
status: SUCCESS
 ||[0.45071137 5.32390071 2.39893728 1.60165118 2.55718513 2.82558505
 2.04792042 4.95667377 1.29430876 0.17788147 2.62512352 2.718203
 2.39323568 1.01374428 1.39885085 4.53411226 0.71991071 5.93746757
 2.83246255 0.18932067 0.08040143 3.40179674 2.94928204 2.3953442
 0.68053357 2.65095843 0.08996735 1.39435815 1.37390387 3.11405005
 0.73332029 1.45113836 0.68774035 2.88921355 0.91287599 0.15122278
 2.60847468 3.49356191 2.02972555 1.16921546]
 ||