optimal function value: 62.50655003999998
optimal value: [0. 1. 0. 0. 0. 0. 0. 0. 1. 0. 0. 0. 0. 0. 1. 0.]
status: SUCCESS
 ||[ 2.49915377e+00  6.14841990e+00  1.52779920e+00  1.63124626e+00
 -3.08950620e-03  4.17243161e+00  1.47212995e+00  4.77581180e+00
  2.18093566e+00  4.85067716e+00  8.53165690e-01  5.02897378e+00
  2.26731652e+00  2.60127777e+00  1.71416117e+00  4.26255073e+00
  6.15094241e-01  3.63911753e+00  2.72077441e+00  1.66593846e+00
  2.51466541e+00  4.30604792e+00  2.64336480e+00  2.11489692e+00
  2.87160562e-01  5.02807209e+00]
 ||