optimal function value: 87.33848693000002
optimal value: [0. 0. 1. 0. 0. 0. 0. 0. 1. 0. 0. 1. 0. 1. 0. 0.]
status: SUCCESS
 ||[ 1.39675     4.57080439  3.94109199  2.85035553  1.56100556  3.65586126
  0.57864585  3.16064388  1.87111142  4.90431978  1.33225015  1.78654996
  0.23311402  5.02677404  2.15235063  0.21856386  3.08319213  5.9591573
  1.97531535  3.79274387  0.3292431  -0.02793197  1.59834525  0.31699467
  0.46362476  1.44970818  0.08799333  2.8016397   1.28642594  5.21023678
  1.62949838  3.94538352  1.46206701  4.10341531  1.37267178  1.74198578
  2.97584891  6.16958212  2.59323893  4.35989083]
 ||optimal function value: 87.33848693000002
optimal value: [0. 0. 1. 0. 0. 0. 0. 0. 1. 0. 0. 1. 0. 1. 0. 0.]
status: SUCCESS
 ||[ 1.39675     4.57080439  3.94109199  2.85035553  1.56100556  3.65586126
  0.57864585  3.16064388  1.87111142  4.90431978  1.33225015  1.78654996
  0.23311402  5.02677404  2.15235063  0.21856386  3.08319213  5.9591573
  1.97531535  3.79274387  0.3292431  -0.02793197  1.59834525  0.31699467
  0.46362476  1.44970818  0.08799333  2.8016397   1.28642594  5.21023678
  1.62949838  3.94538352  1.46206701  4.10341531  1.37267178  1.74198578
  2.97584891  6.16958212  2.59323893  4.35989083]
 ||