optimal function value: 99.27623894000001
optimal value: [0. 0. 1. 0. 0. 0. 0. 1. 0. 0. 0. 0. 1. 0. 0. 0.]
status: SUCCESS
 ||[1.70990467 7.04764513 0.39762826 5.42606112 1.26973838 1.56715079
 3.13810435 2.31950773 2.01622302 2.89478548 1.42833963 3.10783764
 0.60380417 6.221607   0.2797614  1.44924724 0.05731883 1.71893071
 1.2458491  5.66779119 2.18797042 0.71325362 0.81113682 6.23138555
 0.19714385 3.89666604 1.18455295 4.15232355 1.06243482 4.34354789
 1.56262125 4.08335406 2.80783029 3.66142698 0.44592238 0.40552622
 2.9859176  3.05980269 0.60889991 5.94431232]
 ||