optimal function value: 127.76878307999999
optimal value: [0. 0. 0. 0. 0. 1. 0. 0. 0. 0. 1. 1. 1. 0. 0. 0.]
status: SUCCESS
 ||[ 2.2363164   5.69457692  2.48957019  6.93035581  3.3290617   5.79084228
  0.08501588  2.90470848  2.90974867  5.08320715  2.77548789  0.66319719
  1.41886082  1.49438138  1.67668267  3.56197454  0.00992291  1.31122475
  1.81343317  5.72631553  2.36875194  0.98583259  2.495524    0.841931
  1.93523497  1.80588458 -0.03484432  5.4248793   0.61413932  1.30086262
  3.02881768  6.48494585  0.87215486  7.06005422  1.63956967  4.21362746
  0.61687917  5.88056173]
 ||