optimal function value: 96.16224697000001
optimal value: [0. 0. 0. 0. 0. 1. 0. 0. 1. 0. 0. 0. 0. 0. 1. 0.]
status: SUCCESS
 ||[0.5693612  5.1549174  2.05657248 2.2483254  1.53805009 3.10439906
 1.50751371 2.8801249  0.83142766 1.59474979 2.17388275 2.03998244
 2.12103455 4.94568993 2.72035524 5.93137581 0.73705978 1.49317807
 2.308068   3.61611834 0.63406723 4.2568935  3.74273753 5.25138148
 0.67863939 1.87838057 0.02069592 6.13022062 0.6921475  4.56861563
 1.68947428 3.72895029 1.65457893 5.18695735 1.88455131 1.90514915
 0.36054182 2.99967489 2.89934195 0.91235112]
 ||optimal function value: 96.16224697000001
optimal value: [0. 0. 0. 0. 0. 1. 0. 0. 1. 0. 0. 0. 0. 0. 1. 0.]
status: SUCCESS
 ||[0.5693612  5.1549174  2.05657248 2.2483254  1.53805009 3.10439906
 1.50751371 2.8801249  0.83142766 1.59474979 2.17388275 2.03998244
 2.12103455 4.94568993 2.72035524 5.93137581 0.73705978 1.49317807
 2.308068   3.61611834 0.63406723 4.2568935  3.74273753 5.25138148
 0.67863939 1.87838057 0.02069592 6.13022062 0.6921475  4.56861563
 1.68947428 3.72895029 1.65457893 5.18695735 1.88455131 1.90514915
 0.36054182 2.99967489 2.89934195 0.91235112]
 ||