optimal function value: 48.697738310000005
optimal value: [1. 0. 0. 0. 0. 1. 0. 0. 0. 0. 1. 0. 0. 0. 0. 1.]
status: SUCCESS
 ||[3.03181728 0.07392871 2.31186797 0.99251857 3.09881766 0.10648032
 2.76354102 4.26872171 2.69992765 6.28173204 0.75296955 2.12403439
 2.22474536 1.76271964 0.8271197  1.43680879 2.69572615 5.49890369
 2.50070398 1.40354069 2.90545262 3.2135231  0.72740358 2.86206915
 1.3195638  0.49635638 1.77237348 2.26162914 1.78990228 5.84435284
 2.02823312 2.54541089 2.7130983  6.25305355 1.5398415  5.93771236
 0.05899206 0.88136106 0.54111774 5.89415658]
 ||optimal function value: 48.697738310000005
optimal value: [1. 0. 0. 0. 0. 1. 0. 0. 0. 0. 1. 0. 0. 0. 0. 1.]
status: SUCCESS
 ||[3.03181728 0.07392871 2.31186797 0.99251857 3.09881766 0.10648032
 2.76354102 4.26872171 2.69992765 6.28173204 0.75296955 2.12403439
 2.22474536 1.76271964 0.8271197  1.43680879 2.69572615 5.49890369
 2.50070398 1.40354069 2.90545262 3.2135231  0.72740358 2.86206915
 1.3195638  0.49635638 1.77237348 2.26162914 1.78990228 5.84435284
 2.02823312 2.54541089 2.7130983  6.25305355 1.5398415  5.93771236
 0.05899206 0.88136106 0.54111774 5.89415658]
 ||