optimal function value: 32.53962615999998
optimal value: [0. 1. 0. 0. 1. 0. 0. 0. 0. 0. 1. 0. 0. 0. 0. 1.]
status: SUCCESS
 ||[2.84754432 5.31026297 3.41097005 5.680647   0.87084488 3.95873583
 2.8390874  5.48440663 1.79142614 1.06238085 1.29564121 6.24666266
 1.31443313 2.0410417  2.97931739 2.80909738 0.64170875 2.01566233
 2.84498843 2.09075124 2.332588   3.95007315 2.53038063 3.08702468
 1.38566768 3.60074092 0.11156702 0.59241826 0.59971614 4.37095647]
 ||optimal function value: 32.53962615999998
optimal value: [0. 1. 0. 0. 1. 0. 0. 0. 0. 0. 1. 0. 0. 0. 0. 1.]
status: SUCCESS
 ||[2.84754432 5.31026297 3.41097005 5.680647   0.87084488 3.95873583
 2.8390874  5.48440663 1.79142614 1.06238085 1.29564121 6.24666266
 1.31443313 2.0410417  2.97931739 2.80909738 0.64170875 2.01566233
 2.84498843 2.09075124 2.332588   3.95007315 2.53038063 3.08702468
 1.38566768 3.60074092 0.11156702 0.59241826 0.59971614 4.37095647]
 ||