optimal function value: 86.47862710999999
optimal value: [1. 0. 0. 0. 0. 0. 1. 0. 0. 0. 0. 0. 0. 0. 0. 1.]
status: SUCCESS
 ||[2.42117624 4.27784206 2.90347276 2.92574419 1.52315656 4.6906745
 0.58010944 3.2164142  1.97883445 4.98239645 0.29574209 1.90632774
 0.28487532 5.08714217 2.17849431 0.26314237 3.08564603 6.06177768
 2.05435439 3.86769691 0.49478394 0.0942434  1.65995577 0.37416795
 0.59755921 1.52017178 0.09448391 2.91498481 1.3839703  5.29312375
 1.63087035 4.02307754 1.57008436 4.16228854 1.43674141 2.74774276
 3.13423131 6.25616699]
 ||