optimal function value: 122.34400304
optimal value: [1. 0. 0. 0. 0. 0. 1. 0. 0. 0. 0. 0. 0. 0. 0. 0.]
status: SUCCESS
 ||[2.63962954 5.06876098 3.01704615 1.81964366 2.40658814 5.42410649
 2.07796967 0.69233929 0.08482971 2.41395267 2.34524729 1.58598806
 1.57632212 1.99407979 2.65859707 5.93898642 1.26203023 6.27408761
 0.19580767 5.10597093 2.54181153 0.96044266 2.31447887 4.60920015
 3.00097196 1.31972988 2.69663565 5.54448746 2.00685699 1.94272055
 0.2569097  5.90530771 1.48948105 6.26039258 0.44498827 5.10343661
 2.55512786 5.7804011  0.0561419  2.33827676]
 ||optimal function value: 122.34400304
optimal value: [1. 0. 0. 0. 0. 0. 1. 0. 0. 0. 0. 0. 0. 0. 0. 0.]
status: SUCCESS
 ||[2.63962954 5.06876098 3.01704615 1.81964366 2.40658814 5.42410649
 2.07796967 0.69233929 0.08482971 2.41395267 2.34524729 1.58598806
 1.57632212 1.99407979 2.65859707 5.93898642 1.26203023 6.27408761
 0.19580767 5.10597093 2.54181153 0.96044266 2.31447887 4.60920015
 3.00097196 1.31972988 2.69663565 5.54448746 2.00685699 1.94272055
 0.2569097  5.90530771 1.48948105 6.26039258 0.44498827 5.10343661
 2.55512786 5.7804011  0.0561419  2.33827676]
 ||