optimal function value: 82.43943937
optimal value: [1. 0. 0. 0. 0. 0. 0. 1. 0. 0. 0. 0. 0. 1. 0. 0.]
status: SUCCESS
 ||[2.0574708  1.93803936 2.05440782 0.45698308 1.65647519 2.27563746
 1.16474902 3.22160243 0.13151694 2.69894014 0.20838575 0.56576721
 1.50643042 5.63151146 0.35590609 1.39091062 1.93703712 5.92094927
 1.7791885  2.45950184 3.03148357 0.24323608 2.66780658 1.78638582
 0.41784212 0.70945428 0.9347775  5.09451436 0.53108391 3.6220308
 1.97183952 2.30435134 2.69218079 0.38264593 0.18304818 1.29242646
 2.12994709 2.68245438 0.98367014 3.67271113]
 ||