optimal function value: 106.31425612999999
optimal value: [0. 0. 0. 0. 0. 0. 0. 1. 0. 0. 1. 0. 1. 0. 0. 0.]
status: SUCCESS
 ||[1.7961977  5.27408329 2.14275901 6.34066212 1.57789577 1.43674123
 0.45578835 2.42724616 2.29568727 0.81602281 1.67709244 1.35041988
 0.94174931 2.74287776 2.58952018 3.80707195 0.0451712  1.70767424
 0.47922156 6.42475791 2.57098102 5.12997944 2.62969335 4.67978459
 3.97512794 4.99658609 0.79623613 5.34903367 1.5182512  4.73655151
 1.77174034 2.68725129 1.14451606 2.6928528  0.98119704 0.73325967
 2.57584707 5.00521032]
 ||