optimal function value: 71.93359236000003
optimal value: [0. 1. 1. 0. 1. 0. 0. 0. 0. 0. 0. 0. 0. 0. 0. 1.]
status: SUCCESS
 ||[4.00348077 5.95536213 0.17766928 0.75066547 2.50138865 5.6242363
 2.10401924 1.93608168 1.90362429 3.81266238 1.82590558 0.9951192
 1.35300159 2.47262799 2.27139516 6.25062421 2.98260492 3.41918146
 1.39754224 1.68541086 0.11288395 0.17245579 1.46051284 2.00096753
 1.19383665 5.60329081 1.65170575 3.52174509 0.74181973 0.14988822
 1.0214677  0.85890034 1.6029066  6.27494972 2.11894997 1.1425882
 2.80723556 5.00616822]
 ||