optimal function value: 51.381437919999996
optimal value: [0. 0. 0. 1. 0. 0. 1. 0. 0. 1. 0. 0. 1. 0. 0. 0.]
status: SUCCESS
 ||[ 4.05863353 -0.01372111  2.29202802  2.16738792  3.00312228  0.01154384
  2.62703908  4.0629455   3.68107421  6.16924163  0.55509969  2.03082017
  1.91263159  1.59568484  0.71394066  1.31002631  3.70907182  5.36104171
  2.44761517  1.28898227  2.89423229  4.20613227  0.50472142  2.63706224
  1.13810673  0.30500289  1.5597848   2.03062616  1.61038616  5.97609881
  1.75733773  2.42234711  2.50268055  6.02435702  1.69097608  5.6850628
 -0.06522059  0.6392146   0.27150255  5.6907613 ]
 ||optimal function value: 51.381437919999996
optimal value: [0. 0. 0. 1. 0. 0. 1. 0. 0. 1. 0. 0. 1. 0. 0. 0.]
status: SUCCESS
 ||[ 4.05863353 -0.01372111  2.29202802  2.16738792  3.00312228  0.01154384
  2.62703908  4.0629455   3.68107421  6.16924163  0.55509969  2.03082017
  1.91263159  1.59568484  0.71394066  1.31002631  3.70907182  5.36104171
  2.44761517  1.28898227  2.89423229  4.20613227  0.50472142  2.63706224
  1.13810673  0.30500289  1.5597848   2.03062616  1.61038616  5.97609881
  1.75733773  2.42234711  2.50268055  6.02435702  1.69097608  5.6850628
 -0.06522059  0.6392146   0.27150255  5.6907613 ]
 ||