optimal function value: 147.75852905
optimal value: [0. 1. 0. 0. 0. 0. 1. 0. 1. 0. 0. 0. 0. 0. 1. 0.]
status: SUCCESS
 ||[2.49328246 6.16451761 1.52400688 1.64368699 1.00137028 5.16438935
 1.47704055 4.77360351 1.17212646 4.8387247  0.85678713 5.03871972
 2.29269488 2.60143227 1.69083188 4.28529785 0.60585152 3.47830926
 2.527247   1.67011729 2.52337748 4.3085271  2.6538149  2.11039896
 0.29260988 5.02807699 2.52781113 3.79738295 0.29454189 1.23875282
 1.99456345 1.8294799  2.98875633 3.69803683 0.63102395 4.11796455
 1.13215069 5.8605182  2.8572178  3.23360443]
 ||