optimal function value: 48.13067508999998
optimal value: [0. 1. 0. 0. 0. 0. 0. 1. 0. 0. 1. 0. 1. 0. 0. 0.]
status: SUCCESS
 ||[0.40125337 4.4013281  2.92194891 6.00790192 0.99690468 1.7619475
 2.42557562 4.24578794 2.09645243 4.26949736 2.2486206  4.85350374
 0.39908237 1.35733986 2.83891925 2.09864306 1.0138768  5.07891351
 1.96598954 0.94389136 1.78919525 4.23221614 0.47277267 4.04931683
 0.38500812 2.07908636 0.23264604 1.221873   3.0444597  2.53227222
 3.08854367 2.50875309 1.89505861 5.50488832 2.16188323 1.77817062
 1.7680261  4.29470098 1.56985489 0.58933965]
 ||optimal function value: 48.13067508999998
optimal value: [0. 1. 0. 0. 0. 0. 0. 1. 0. 0. 1. 0. 1. 0. 0. 0.]
status: SUCCESS
 ||[0.40125337 4.4013281  2.92194891 6.00790192 0.99690468 1.7619475
 2.42557562 4.24578794 2.09645243 4.26949736 2.2486206  4.85350374
 0.39908237 1.35733986 2.83891925 2.09864306 1.0138768  5.07891351
 1.96598954 0.94389136 1.78919525 4.23221614 0.47277267 4.04931683
 0.38500812 2.07908636 0.23264604 1.221873   3.0444597  2.53227222
 3.08854367 2.50875309 1.89505861 5.50488832 2.16188323 1.77817062
 1.7680261  4.29470098 1.56985489 0.58933965]
 ||