optimal function value: 51.381437919999996
optimal value: [0. 1. 0. 0. 1. 0. 0. 0. 0. 0. 0. 1. 0. 0. 1. 0.]
status: SUCCESS
 ||[2.42120814 3.5049448  2.8892104  2.92588115 2.5951025  4.69035805
 0.57920659 3.21596075 1.97684157 4.98268918 0.29625855 1.90548441
 0.28641791 5.08676466 2.17862308 0.26338557 3.10328055 6.04680797
 3.05216506 3.85938761 0.49505101 0.09461456 1.66034782 0.37436329
 0.59793343 1.52048722 0.09479221 2.91544577 1.3842997  5.29336816
 1.63091243 4.02322344 1.57033009 4.16268626 1.43707486 1.74822457
 3.13459376 6.25657088 2.64006868 4.44767672]
 ||