optimal function value: 70.08851390000001
optimal value: [0. 0. 1. 0. 0. 0. 0. 1. 0. 1. 0. 0. 0. 1. 0. 0.]
status: SUCCESS
 ||[1.3356474  4.41398923 2.04847151 5.90832658 0.8517266  1.60712945
 2.31061688 4.15529267 0.9649695  4.31291372 1.24195854 4.88087858
 0.36731453 1.39837914 2.82744294 2.24506801 0.81374148 5.0489229
 1.97986904 0.93606305 2.72741614 4.17182357 0.51815032 4.09475121
 0.38649226 2.11778491 0.26137326 2.28446428 3.07248841 2.53621452
 3.11189294 2.75630628 1.90854386 5.48273488 2.15795406 0.7007641
 1.85065001 3.98182805 0.56923415 0.59482415]
 ||optimal function value: 70.08851390000001
optimal value: [0. 0. 1. 0. 0. 0. 0. 1. 0. 1. 0. 0. 0. 1. 0. 0.]
status: SUCCESS
 ||[1.3356474  4.41398923 2.04847151 5.90832658 0.8517266  1.60712945
 2.31061688 4.15529267 0.9649695  4.31291372 1.24195854 4.88087858
 0.36731453 1.39837914 2.82744294 2.24506801 0.81374148 5.0489229
 1.97986904 0.93606305 2.72741614 4.17182357 0.51815032 4.09475121
 0.38649226 2.11778491 0.26137326 2.28446428 3.07248841 2.53621452
 3.11189294 2.75630628 1.90854386 5.48273488 2.15795406 0.7007641
 1.85065001 3.98182805 0.56923415 0.59482415]
 ||