optimal function value: 65.88913043
optimal value: [0. 1. 0. 0. 0. 0. 0. 0. 0. 0. 1. 0. 0. 0. 0. 1.]
status: SUCCESS
 ||[1.45456368 2.34555247 1.43524151 5.44482548 1.02023957 3.15903126
 2.82211877 0.50777606 1.74128265 3.8745172  0.12847031 3.38143141
 2.21004295 2.84012976 2.27791266 0.98741431 0.7477445  0.69711522
 1.59043949 5.80463102 1.85486521 4.86452749 1.20530162 4.68778855
 0.31936873 1.82953873 2.11817507 4.55976858 1.32500305 0.55107233
 0.83796729 1.31878357 0.88339821 5.08632953 0.62669767 5.56940885
 2.76261857 0.34423706 1.19005683 3.08950885]
 ||