optimal function value: 56.76419967999999
optimal value: [0. 0. 1. 0. 1. 0. 0. 0. 0. 0. 0. 1. 0. 0. 0. 0.]
status: SUCCESS
 ||[3.03245049 1.07301441 2.31172883 0.9931649  3.09841353 0.10590143
 2.76299437 4.28106761 2.69357453 6.2821389  0.75308267 2.12415136
 3.22508441 1.76299929 0.82726658 1.43645502 2.69488848 5.49480126
 2.50600798 1.40360794 2.90544251 3.21315298 0.7268404  2.8619665
 2.31933883 0.49602188 1.77283639 2.26275537 1.79098997 5.84295914
 2.0291616  2.54459726 2.71117498 6.25432471 1.54037811 5.9378998
 0.05903491 0.88177164 0.5410259  5.89401534]
 ||