optimal function value: 44.89361761000001
optimal value: [1. 0. 0. 0. 0. 0. 0. 1. 0. 1. 0. 0. 0. 0. 1. 0.]
status: SUCCESS
 ||[ 2.20200461e+00  5.66557477e+00  2.49425104e+00  5.91845080e+00
  2.31717810e+00  5.79328286e+00  1.09468772e+00  2.91712240e+00
  2.96153584e+00  4.06130232e+00  2.81994619e+00  1.72111159e+00
  1.89789433e+00  1.52167281e+00  1.70197347e+00  3.59268136e+00
  1.60045780e-02  1.34884771e+00  8.62674929e-01  5.73898717e+00
  2.38565180e+00  9.81584116e-01  2.49249907e+00  8.58159332e-01
  1.92422476e+00  7.79055070e-01 -2.29443351e-03  5.45173880e+00
  6.26638281e-01  1.33382455e+00  3.07154656e+00  5.45992515e+00
  8.80824631e-01  6.01837357e+00  1.66216979e+00  4.24713121e+00]
 ||