optimal function value: 84.66180500000002
optimal value: [0. 0. 0. 0. 1. 0. 0. 0. 0. 0. 1. 0. 0. 0. 0. 1.]
status: SUCCESS
 ||[2.58757034 5.02653654 4.01837003 2.31392688 3.39845528 4.42998147
 2.08386596 0.6700977  0.08919971 2.41257484 2.34839533 1.58813401
 1.57020047 1.99513023 2.65246639 5.93596912 1.25956245 6.27461107
 0.19406415 5.10152697 2.75084202 0.95509644 2.22796991 3.51494902
 3.00621372 1.32358328 1.69633097 5.5437377  2.01068667 1.94309925
 0.25326996 5.89878583 1.49144576 6.26355769 1.46107712 5.0871602
 2.54957533 5.76549255]
 ||