optimal function value: 64.29719343999997
optimal value: [0. 0. 1. 0. 0. 1. 0. 0. 1. 0. 0. 1. 0. 0. 0. 0.]
status: SUCCESS
 ||[1.95751237e+00 4.66133261e+00 2.49818084e+00 5.92284581e+00
 2.32338385e+00 5.79366378e+00 9.18120242e-02 2.92534151e+00
 2.96333362e+00 4.07779826e+00 2.82996254e+00 7.11266359e-01
 1.47311674e+00 1.54901288e+00 1.70795724e+00 3.60600202e+00
 4.10200099e-02 1.36154732e+00 8.79532105e-01 5.75854776e+00
 2.40583056e+00 1.00335296e+00 2.50575393e+00 8.73100077e-01
 1.94002313e+00 7.96316500e-01 5.43487656e-03 5.47534024e+00
 6.58203727e-01 1.35409747e+00 3.08630158e+00 5.48172548e+00
 9.08961038e-01 6.04215855e+00 1.69377955e+00 4.25903130e+00
 6.43398136e-01 5.91205899e+00]
 ||