optimal function value: 84.66180500000002
optimal value: [0. 0. 0. 0. 0. 0. 0. 1. 0. 1. 0. 0. 1. 0. 0. 0.]
status: SUCCESS
 ||[1.54588959e+00 2.41844179e+00 7.79521766e-01 5.78220435e+00
 2.74352221e-03 3.15392005e+00 2.82048803e+00 1.51649060e+00
 1.72507862e+00 3.86047761e+00 1.15027651e-01 2.38053733e+00
 2.19266471e+00 2.82641518e+00 3.27805015e+00 9.72789114e-01
 5.08294768e-01 6.76474521e-01 1.57831933e+00 5.79559019e+00
 1.85175289e+00 4.83667187e+00 1.18491159e+00 4.67499015e+00
 3.00440731e-01 1.81386172e+00 2.10382124e+00 4.53179048e+00
 1.31259654e+00 5.35333537e-01 8.17075246e-01 1.29123064e+00
 8.54958916e-01 5.07144193e+00 6.08914289e-01 5.55261209e+00
 2.74521745e+00 3.34533583e-01]
 ||