optimal function value: 87.33848693000002
optimal value: [0. 0. 1. 0. 0. 0. 0. 0. 0. 0. 0. 1. 1. 1. 0. 0.]
status: SUCCESS
 ||[3.08720259 5.96738273 1.92392536 3.18764708 1.65046965 7.24928128
 0.91933859 0.89295615 0.83165555 1.63695723 1.01310972 1.66648715
 0.32102865 2.04322288 0.96789104 3.57925846 0.60714838 0.45492327
 0.64559751 3.40592841 1.22310917 4.59494582 3.52199171 3.60555174
 0.30528516 4.54998881 2.36665862 2.48614357 2.06505581 1.86141975
 2.86515011 5.23494603 2.47760588 5.98834816 0.72796088 3.7467979
 2.29517876 5.39792814 1.20432086 0.86691831]
 ||optimal function value: 87.33848693000002
optimal value: [0. 0. 1. 0. 0. 0. 0. 0. 0. 0. 0. 1. 1. 1. 0. 0.]
status: SUCCESS
 ||[3.08720259 5.96738273 1.92392536 3.18764708 1.65046965 7.24928128
 0.91933859 0.89295615 0.83165555 1.63695723 1.01310972 1.66648715
 0.32102865 2.04322288 0.96789104 3.57925846 0.60714838 0.45492327
 0.64559751 3.40592841 1.22310917 4.59494582 3.52199171 3.60555174
 0.30528516 4.54998881 2.36665862 2.48614357 2.06505581 1.86141975
 2.86515011 5.23494603 2.47760588 5.98834816 0.72796088 3.7467979
 2.29517876 5.39792814 1.20432086 0.86691831]
 ||