optimal function value: 122.93324347999999
optimal value: [0. 0. 0. 0. 1. 0. 0. 0. 0. 0. 1. 0. 0. 0. 0. 1.]
status: SUCCESS
 ||[1.42109865 3.51697698 2.90367199 2.92251393 1.59719293 3.69100349
 0.58032455 3.21624435 1.9788054  4.98264703 0.29392253 1.90624329
 0.28483424 5.08678245 2.17878862 0.26330456 3.0856158  6.06222021
 2.05421631 3.86751419 0.49480643 0.09419765 1.66015884 0.37400141
 0.59750402 1.52022826 0.09458907 2.91492627 1.38393934 5.29326156
 1.6307871  4.02320925 1.57033292 4.16231128 1.43638376 1.74794514
 3.13418206 6.25649773]
 ||