optimal function value: 91.83066781999995
optimal value: [1. 0. 0. 0. 0. 1. 0. 0. 0. 0. 0. 1. 0. 1. 0. 0.]
status: SUCCESS
 ||[4.02390523 1.07445221 2.31054795 0.99206881 3.09914062 0.1060614
 2.76125977 4.27938847 2.69198903 6.27955937 0.7505395  2.12202459
 2.22259752 1.76056106 0.82209834 1.43467835 2.69060196 5.49064724
 2.50198272 1.42367346 2.92489614 3.21274614 0.72626132 2.86162249
 1.31869968 0.49555182 1.77358296 2.26112573 1.78879565 5.84400758
 2.02769504 2.5445559  2.71254329 6.25295133]
 ||optimal function value: 91.83066781999995
optimal value: [1. 0. 0. 0. 0. 1. 0. 0. 0. 0. 0. 1. 0. 1. 0. 0.]
status: SUCCESS
 ||[4.02390523 1.07445221 2.31054795 0.99206881 3.09914062 0.1060614
 2.76125977 4.27938847 2.69198903 6.27955937 0.7505395  2.12202459
 2.22259752 1.76056106 0.82209834 1.43467835 2.69060196 5.49064724
 2.50198272 1.42367346 2.92489614 3.21274614 0.72626132 2.86162249
 1.31869968 0.49555182 1.77358296 2.26112573 1.78879565 5.84400758
 2.02769504 2.5445559  2.71254329 6.25295133]
 ||