optimal function value: 92.79299527
optimal value: [1. 0. 0. 0. 0. 0. 0. 1. 0. 0. 0. 0. 0. 1. 1. 0.]
status: SUCCESS
 ||[0.42550133 5.32486377 2.39620568 2.60500087 2.53316139 2.88507831
 2.04719345 4.95535878 0.28981629 0.17304642 2.62398734 2.71795437
 2.39417405 0.01251399 1.39811638 4.53253674 0.7182163  5.9383611
 3.830976   0.19220543 0.08032825 3.40290905 2.94959377 2.39573705
 0.68106476 2.65241727 0.09029861 1.39386576 1.37553222 3.1160006
 0.73317652 1.45091159 0.68812128 2.88719558 0.90947945 0.13487999
 2.6309695  3.49693847]
 ||