optimal function value: 59.367672529999965
optimal value: [0. 0. 1. 0. 0. 1. 0. 0. 0. 0. 0. 1. 0. 0. 0. 0.]
status: SUCCESS
 ||[1.01749328 1.28361115 2.20954863 0.26651353 1.48860715 3.11280216
 0.17610058 3.18542298 0.10087599 2.71898387 0.20917619 0.56704938
 1.32474811 5.18875377 0.37585662 1.39958362 1.96349405 5.94683845
 1.81150553 2.4818077  3.05877013 0.28841068 2.69864239 1.81568391
 0.4498856  0.73305364 0.95656672 5.12926105 0.5548165  3.63769801
 1.99342692 2.33530373 1.70788474 0.38734128 0.18670073 1.27248133
 2.13229215 2.67594872 0.98290981 3.66756469]
 ||