optimal function value: 71.93359235999998
optimal value: [0. 0. 1. 0. 1. 1. 0. 0. 0. 0. 0. 0. 0. 0. 0. 1.]
status: SUCCESS
 ||[1.5739092  4.15737264 1.04744055 1.24369958 1.53425229 3.10218405
 1.5058543  2.87369237 0.82965031 1.5975742  2.19038474 2.03561142
 2.12290906 4.95763669 2.73453731 5.9307917  0.74054421 1.48775727
 2.30990618 3.61281839 0.63513478 4.13568028 2.76658678 5.2496237
 0.68062293 1.8756498  0.02259273 6.12839976 0.69129162 4.57733706
 1.6818311  3.72346862]
 ||optimal function value: 71.93359235999998
optimal value: [0. 0. 1. 0. 1. 1. 0. 0. 0. 0. 0. 0. 0. 0. 0. 1.]
status: SUCCESS
 ||[1.5739092  4.15737264 1.04744055 1.24369958 1.53425229 3.10218405
 1.5058543  2.87369237 0.82965031 1.5975742  2.19038474 2.03561142
 2.12290906 4.95763669 2.73453731 5.9307917  0.74054421 1.48775727
 2.30990618 3.61281839 0.63513478 4.13568028 2.76658678 5.2496237
 0.68062293 1.8756498  0.02259273 6.12839976 0.69129162 4.57733706
 1.6818311  3.72346862]
 ||