optimal function value: 62.24957653000001
optimal value: [0. 0. 1. 0. 0. 0. 0. 0. 1. 0. 0. 0. 0. 1. 0. 0.]
status: SUCCESS
 ||[ 1.92590355  4.57537442  3.64488363  6.97266194  2.14394339  5.65685031
  0.0089421   2.83087087  2.73128498  4.03861033  2.76676676  1.18373387
  2.48691323  1.26038473  1.48377114  3.40447194 -0.0406542   1.19006693
  0.68132436  5.54840018  2.35986727  0.72344438  2.37964372  0.83546083
  1.76539817  1.83940418 -0.25949005  5.27997384  0.4167418   1.28668627
  2.82436602  6.47952246  0.81558293  6.00603029  1.60805933  3.94968461
  0.37334006  5.75747408]
 ||