optimal function value: 87.33848693000002
optimal value: [0. 1. 1. 0. 0. 0. 0. 0. 1. 0. 0. 0. 0. 0. 0. 1.]
status: SUCCESS
 ||[3.80442312 4.02813178 2.44337935 5.58207681 1.20009135 3.88727693
 2.65893381 5.41190379 1.9484814  0.97888396 1.23469876 6.39674285
 1.2093534  1.99233923 3.22755008 2.8079698  0.6293225  1.97334486
 2.83160721 2.41978503 1.31907506 3.93362751 2.44113432 3.07940657
 0.24457323 3.59651411 0.08951799 0.57564322 0.57327542 4.34646941
 0.86344836 4.31878092 0.51300629 0.73271538 0.05492406 4.41144981
 2.69279941 1.15434726 0.73115807 0.04842048]
 ||optimal function value: 87.33848693000002
optimal value: [0. 1. 1. 0. 0. 0. 0. 0. 1. 0. 0. 0. 0. 0. 0. 1.]
status: SUCCESS
 ||[3.80442312 4.02813178 2.44337935 5.58207681 1.20009135 3.88727693
 2.65893381 5.41190379 1.9484814  0.97888396 1.23469876 6.39674285
 1.2093534  1.99233923 3.22755008 2.8079698  0.6293225  1.97334486
 2.83160721 2.41978503 1.31907506 3.93362751 2.44113432 3.07940657
 0.24457323 3.59651411 0.08951799 0.57564322 0.57327542 4.34646941
 0.86344836 4.31878092 0.51300629 0.73271538 0.05492406 4.41144981
 2.69279941 1.15434726 0.73115807 0.04842048]
 ||