optimal function value: 123.73704050999999
optimal value: [1. 0. 0. 1. 0. 0. 1. 0. 0. 1. 0. 0. 0. 0. 0. 0.]
status: SUCCESS
 ||[3.12721875 4.93189737 2.63508623 3.21405349 1.23615173 6.26304411
 0.90917357 0.93153907 1.82032741 2.63635621 1.02859128 1.68355086
 0.33836157 3.04520154 0.97728952 3.57664259 0.6334147  0.44451888
 0.63663998 3.40825661 1.22121298 4.60856936 2.52292754 2.60412933
 0.31235758 4.57406654 2.37404954 2.48863476 2.06821069 1.87915151
 2.87401824 5.23891551 2.48802558 6.06942684 0.63250118 3.42581232
 2.29765858 5.0357887 ]
 ||