optimal function value: 65.76070403
optimal value: [0. 0. 0. 1. 1. 0. 0. 0. 0. 1. 0. 0. 0. 0. 1. 0.]
status: SUCCESS
 ||[1.79783943e+00 3.69798571e+00 1.81945552e+00 2.29824783e+00
 2.55838723e+00 5.16518383e+00 2.05668689e+00 1.00066136e+00
 1.63792856e+00 2.04965202e+00 7.83069927e-01 5.97782635e+00
 3.13113686e+00 2.80056216e-01 2.69616448e+00 3.78062022e+00
 1.20303069e+00 1.77313116e+00 2.11697748e+00 2.85783403e+00
 2.15698363e+00 4.14754220e+00 4.17402706e-01 4.81513877e+00
 3.08215232e+00 6.09412249e+00 1.91750002e+00 2.70019279e-01
 5.25129551e-04 8.37526232e-01 2.94515131e+00 1.90343191e+00
 1.14035907e+00 5.64116590e+00 1.16146211e+00 3.62473550e+00]
 ||