optimal function value: 30.655645410000005
optimal value: [1. 0. 0. 0. 0. 1. 0. 0. 0. 0. 1. 0. 0. 0. 0. 1.]
status: SUCCESS
 ||[2.84511425 4.31183552 2.40801765 5.68376224 0.81623561 3.99448858
 2.84309375 5.47959101 1.799897   1.06423806 1.29290014 6.24445767
 0.32438869 2.00519362 2.98462923 2.82368252 0.65558395 1.99106932
 3.85456703 2.10843941 1.342483   3.94386459 2.53083891 3.09206086
 0.25606426 3.60155436 0.11028161 1.59383979 0.59772757 4.35713514
 0.89062888 4.33689113 0.51313672 0.73962223 0.07330418 4.52196869
 2.6095776  1.38023158 0.74637823 0.08159619]
 ||