optimal function value: 92.79299527
optimal value: [0. 1. 0. 0. 1. 0. 0. 1. 0. 0. 0. 0. 0. 0. 1. 0.]
status: SUCCESS
 ||[0.74759353 3.4195102  2.16229106 4.79457113 1.96573351 0.41175395
 0.04137704 6.26198438 0.81481368 1.47233285 3.12790007 2.95474854
 2.62784362 2.99302386 2.00769615 0.94632157 1.99443994 5.53525182
 1.64359242 4.6574478  2.01425145 0.4022898  2.38206852 3.71401915
 0.94645575 0.18533763 2.71910626 2.97038331 2.25826044 5.52173805
 2.24350914 5.78742316 1.24079083 5.02350302 1.40565899 5.87839921
 2.76102699 0.61236152]
 ||