optimal function value: 37.817205
optimal value: [0. 1. 0. 0. 0. 0. 0. 1. 1. 0. 0. 0. 0. 0. 1. 0.]
status: SUCCESS
 ||[2.84093863 5.27322912 2.43101278 6.65276975 0.8527297  3.99403823
 3.02815574 5.48225152 1.75123063 1.08341368 1.22511406 6.25442325
 0.28715    2.03139443 2.93958135 2.76219307 0.64443135 1.9936126
 2.81585868 3.05184892 1.28807883 3.9438424  2.47650923 3.11274179
 0.4074068  3.15303048 0.14608897 0.63060202 0.64092076 4.38429252
 0.91635385 4.36029257 0.54016858 0.77853319 1.10182605 4.41858917
 2.68724714 1.36880769]
 ||optimal function value: 37.817205
optimal value: [0. 1. 0. 0. 0. 0. 0. 1. 1. 0. 0. 0. 0. 0. 1. 0.]
status: SUCCESS
 ||[2.84093863 5.27322912 2.43101278 6.65276975 0.8527297  3.99403823
 3.02815574 5.48225152 1.75123063 1.08341368 1.22511406 6.25442325
 0.28715    2.03139443 2.93958135 2.76219307 0.64443135 1.9936126
 2.81585868 3.05184892 1.28807883 3.9438424  2.47650923 3.11274179
 0.4074068  3.15303048 0.14608897 0.63060202 0.64092076 4.38429252
 0.91635385 4.36029257 0.54016858 0.77853319 1.10182605 4.41858917
 2.68724714 1.36880769]
 ||