optimal function value: 65.58951586999999
optimal value: [1. 0. 0. 0. 0. 0. 0. 1. 0. 1. 0. 0. 0. 0. 0. 0.]
status: SUCCESS
 ||[0.43019213 5.33425833 2.39203635 1.61177777 1.56296571 2.81524927
 3.04977889 4.96142271 0.28412189 0.17821713 2.61690612 2.71812097
 2.37540437 0.00857456 1.39386722 4.50327136 0.71639977 5.92098871
 2.83146731 0.160386   0.09611283 3.37917348 2.94640404 2.4888523
 0.90291182 2.6492516  0.08874057 1.39114249 1.37305908 3.11262023
 0.7325709  1.44844664 0.68395168 2.88610143 0.90865493 0.13475973
 2.63367248 3.49330917]
 ||