optimal function value: 61.949961970000004
optimal value: [1. 0. 0. 0. 0. 1. 0. 0. 0. 0. 0. 0. 0. 0. 0. 1.]
status: SUCCESS
 ||[2.49235264e+00 5.16449144e+00 2.52377456e+00 2.64380412e+00
 1.41617730e-03 5.16462054e+00 2.47734993e+00 4.77352032e+00
 1.17235645e+00 4.83897041e+00 8.56682441e-01 5.03862453e+00
 2.29282040e+00 2.60126344e+00 1.69112721e+00 4.28544562e+00
 6.06282939e-01 3.47846162e+00 2.52941096e+00 1.66830808e+00
 2.52384559e+00 4.30831913e+00 2.65234866e+00 2.10853167e+00
 2.92582606e-01 5.02831788e+00 2.52829075e+00 2.79736215e+00
 1.29461090e+00 1.23880670e+00]
 ||