optimal function value: 51.381437919999996
optimal value: [0. 0. 1. 0. 0. 0. 0. 1. 1. 0. 0. 0. 0. 1. 0. 0.]
status: SUCCESS
 ||[1.95694209e+00 5.66071939e+00 2.49818068e+00 6.92157551e+00
 2.32448207e+00 5.79519067e+00 9.11269418e-02 3.92561459e+00
 2.96365473e+00 5.07759877e+00 2.83030385e+00 7.11301859e-01
 1.47363453e+00 1.54923862e+00 1.70827048e+00 3.60630296e+00
 4.12206193e-02 1.36185719e+00 8.78009561e-01 5.75753481e+00
 2.40560197e+00 1.00284430e+00 2.50426569e+00 8.71893158e-01
 1.93972922e+00 7.96056082e-01 5.56015247e-03 5.47516876e+00
 6.57990442e-01 1.35387081e+00 3.08634733e+00 6.48148113e+00
 9.08891192e-01 7.04120996e+00]
 ||