optimal function value: 44.89361761000001
optimal value: [1. 0. 0. 0. 0. 1. 0. 0. 0. 0. 0. 1. 0. 0. 1. 0.]
status: SUCCESS
 ||[4.00329874 6.95280931 0.17706101 0.53169367 2.62618021 4.62632529
 2.10040801 1.9339387  1.9053907  3.8124608  1.82263925 0.99404383
 1.35247523 3.47156974 2.27460151 6.25253122 2.97824077 3.42091485
 1.39138196 1.68537908 0.10530699 0.17359763 1.45489354 2.00171823
 1.19239736 5.59784158 1.65222541 3.51677946 0.74166223 0.14446121
 1.02051859 0.85194251 1.60325434 6.27049257 2.12211817 1.13604638
 2.80552289 5.16127822 2.50210547 5.69532994]
 ||