optimal function value: 24.800655089999992
optimal value: [0. 1. 0. 0. 0. 0. 1. 0. 0. 0. 0. 1. 1. 0. 0. 0.]
status: SUCCESS
 ||[1.49069718 5.13089956 3.09332837 0.89553335 0.03494708 3.35591377
 0.86140823 5.09170858 2.16817689 3.78218866 1.75324469 4.15435042
 0.45708117 2.76804248 0.50814747 5.6927711  0.18580353 5.14475224
 0.23500334 4.31643851 1.05722464 2.53939497 2.64612346 0.11760006
 0.19070553 5.74963751 1.6005462  0.57156546 3.1004491  5.94955887
 0.35005806 2.66247458 0.42429415 1.96441526 1.952997   1.02838068
 3.19111135 0.32228645 0.53732766 6.12523257]
 ||