optimal function value: 95.29993063
optimal value: [0. 0. 0. 0. 1. 0. 0. 0. 0. 1. 0. 0. 0. 0. 0. 1.]
status: SUCCESS
 ||[1.73495596 1.64540435 1.21576042 0.93065097 0.11942466 2.53181385
 2.82232399 6.02820691 2.31039709 2.36944154 1.5818689  1.75099591
 0.5650694  0.71917182 0.63065974 5.86029717 2.70683778 4.6289029
 2.85315188 1.0337523  1.24418305 3.98887844 2.30234255 6.19481469
 2.76115212 0.53477606 1.88922208 4.21152037 1.5764229  1.10166226
 1.47776744 0.54086267 2.93469987 5.4319285  1.70764063 1.88103657
 2.85509373 3.59231995]
 ||