optimal function value: 23.895113699999996
optimal value: [0. 0. 1. 0. 1. 0. 0. 0. 0. 1. 0. 0. 0. 0. 0. 1.]
status: SUCCESS
 ||[1.74157775 1.6482181  1.24422263 0.97377621 0.20890067 3.52340511
 2.88374831 5.02936448 3.40381908 1.39441706 1.68612518 1.73850055
 0.54246728 0.66715344 0.67364213 6.8274827  2.60416312 5.06839851
 2.51468573 1.21546794 1.97344379 3.9393856  2.29984488 5.36909949
 2.76482632 0.54489642 1.90336884 4.22041062 1.58951132 1.11700844
 1.48791121 0.56142575 2.94070967 5.43361508 1.72053999 1.88706152
 2.8563273  3.59926189 2.76969625 6.32631801]
 ||