optimal function value: 24.800655089999992
optimal value: [0. 1. 0. 0. 1. 0. 0. 0. 0. 0. 0. 1. 0. 0. 1. 0.]
status: SUCCESS
 ||[2.46313268 3.53004709 2.88775126 2.95090459 1.58418799 3.66750336
 0.5673496  3.71039634 2.97925422 4.97606326 0.29019405 1.89907835
 0.27568832 5.08036754 2.17475628 0.25708856 3.06959248 6.04751596
 2.05200306 3.85718795 0.48205956 0.0800401  1.73305577 0.36869033
 0.59183717 1.51303554 0.08674139 2.90736888 1.28078635 5.28665435
 1.62818275 4.00638489 1.56100658 4.15747702 1.43602278 1.74071765
 3.12119215 6.25029795 2.63117171 4.44541376]
 ||