optimal function value: 116.92786546999997
optimal value: [0. 1. 0. 0. 0. 0. 1. 0. 0. 0. 0. 1. 0. 0. 0. 1.]
status: SUCCESS
 ||[1.74131518 1.65792699 1.20835103 1.84286566 0.43016774 2.65542708
 2.57053103 5.04155703 2.63253836 1.51756629 1.91788956 1.93334116
 0.69322316 0.83416053 0.80037154 5.97297631 2.73529978 5.22149493
 2.59770942 1.38382185 1.08085748 4.10504871 2.36657456 5.48423474
 2.97128248 0.67279026 2.05462661 4.40511076 1.76471822 1.15326838
 1.70041622 0.6792854  3.028352   5.52421486 1.75024492 3.19335663
 2.75440216 3.40978814 2.58665555 5.13286379]
 ||