optimal function value: 71.93359235999998
optimal value: [1. 0. 0. 0. 0. 1. 1. 0. 0. 0. 0. 0. 0. 0. 0. 1.]
status: SUCCESS
 ||[2.13559145 4.01888751 1.30983698 2.80685124 1.28657921 4.13234793
 0.81339844 4.98985077 0.03179507 1.89793523 1.05266322 0.89198284
 2.33540622 1.94850416 2.47938446 6.00807994 0.79612668 5.61480994
 2.53699335 4.19373939 0.08639496 2.87007612 1.96904678 1.8609943
 1.70478843 1.94628764]
 ||optimal function value: 71.93359235999998
optimal value: [1. 0. 0. 0. 0. 1. 1. 0. 0. 0. 0. 0. 0. 0. 0. 1.]
status: SUCCESS
 ||[2.13559145 4.01888751 1.30983698 2.80685124 1.28657921 4.13234793
 0.81339844 4.98985077 0.03179507 1.89793523 1.05266322 0.89198284
 2.33540622 1.94850416 2.47938446 6.00807994 0.79612668 5.61480994
 2.53699335 4.19373939 0.08639496 2.87007612 1.96904678 1.8609943
 1.70478843 1.94628764]
 ||