optimal function value: 32.53962615999998
optimal value: [1. 0. 0. 0. 0. 1. 0. 0. 0. 0. 0. 1. 0. 0. 1. 0.]
status: SUCCESS
 ||[3.03246166 0.0733296  2.31272832 1.99400226 3.0988013  0.10570905
 2.76163747 4.28111547 2.69211438 6.28140695 0.75678469 2.12883535
 2.22413096 1.76334828 0.82247982 1.43317423 2.69629034 5.49539264
 2.50872699 1.409061   2.90616403 3.21229421 0.79166975 2.75622273
 1.31895254 0.49594555 1.77393229 2.26157994 1.7892615  5.84447921
 2.02784239 2.54527351 2.71282444 6.25256459 1.54000447 5.93777247
 0.05917408 0.880929   0.54087762 5.89391298]
 ||