optimal function value: 83.58928574000004
optimal value: [1. 0. 0. 0. 0. 0. 0. 0. 0. 0. 0. 1. 0. 0. 1. 0.]
status: SUCCESS
 ||[4.03474983 0.0681997  2.31354829 1.99280483 3.10206176 0.10567171
 2.76225709 5.28032527 2.69254536 6.28321273 0.75318181 2.11763289
 2.23655272 1.76306089 0.82659161 1.43603664 2.69412901 5.49502395
 2.50461671 1.40563235 2.90330975 3.21340686 0.72687364 2.86073394
 1.31822122 0.49516605 1.7735937  2.26175685 1.78962624 5.84542699
 2.02847621 2.54537788 2.71306057 6.25262727 1.54041412 5.93747626
 0.05907374 1.88176881]
 ||optimal function value: 83.58928574000004
optimal value: [1. 0. 0. 0. 0. 0. 0. 0. 0. 0. 0. 1. 0. 0. 1. 0.]
status: SUCCESS
 ||[4.03474983 0.0681997  2.31354829 1.99280483 3.10206176 0.10567171
 2.76225709 5.28032527 2.69254536 6.28321273 0.75318181 2.11763289
 2.23655272 1.76306089 0.82659161 1.43603664 2.69412901 5.49502395
 2.50461671 1.40563235 2.90330975 3.21340686 0.72687364 2.86073394
 1.31822122 0.49516605 1.7735937  2.26175685 1.78962624 5.84542699
 2.02847621 2.54537788 2.71306057 6.25262727 1.54041412 5.93747626
 0.05907374 1.88176881]
 ||