optimal function value: 97.99353042999999
optimal value: [0. 0. 1. 0. 1. 0. 0. 0. 0. 0. 0. 1. 1. 0. 0. 0.]
status: SUCCESS
 ||[2.95688518e+00 4.66074582e+00 3.49808800e+00 5.92157421e+00
 2.32447942e+00 5.79517186e+00 9.09787368e-02 2.92546361e+00
 2.96355298e+00 4.07775092e+00 2.83024470e+00 7.11422106e-01
 1.47368070e+00 1.54916469e+00 2.70848043e+00 3.60621384e+00
 4.12300350e-02 1.36200291e+00 1.87774789e+00 5.75756466e+00
 2.40544211e+00 1.00269445e+00 2.50430919e+00 8.73106350e-01
 1.93896633e+00 7.97118252e-01 3.95387989e-03 5.47409277e+00
 6.56419111e-01 1.35592447e+00 3.08757604e+00 5.48144493e+00]
 ||