optimal function value: 32.55298180999998
optimal value: [0. 0. 1. 0. 1. 0. 0. 0. 0. 0. 0. 1. 0. 1. 0. 0.]
status: SUCCESS
 ||[1.8143442  2.78749991 3.04336873 2.29412931 2.55160622 5.17271093
 2.05339481 1.05916437 1.62676787 2.054576   0.78556527 5.99442711
 3.13027532 0.27614809 2.70149567 3.79008535 1.20431797 1.78583047
 2.11799132 2.86632662 2.15106515 4.14980703 0.41761804 4.82638332
 3.09255724 6.09091591 1.92618491 0.27307945 0.01578549 0.83991255
 2.95265998 1.90964633 1.14496116 5.63097888 0.98468648 3.44412688
 1.37447364 0.41387825]
 ||