optimal function value: 100.12234866
optimal value: [0. 0. 0. 1. 0. 1. 0. 0. 0. 0. 0. 0. 1. 0. 1. 0.]
status: SUCCESS
 ||[3.49146033e+00 6.16487203e+00 1.52518684e+00 1.64539968e+00
 2.01737672e-03 4.16675761e+00 1.47735670e+00 4.77487428e+00
 1.17275442e+00 5.83915228e+00 8.55664197e-01 5.04422689e+00
 2.38867203e+00 2.51506069e+00 1.69134448e+00 4.28508832e+00
 6.06652797e-01 3.47831048e+00 2.52991343e+00 1.66878586e+00
 2.52389912e+00 4.30753776e+00 2.65278942e+00 2.10871501e+00
 2.92842461e-01 5.02838725e+00 2.52850024e+00 2.79708836e+00]
 ||