optimal function value: 127.76878307999999
optimal value: [0. 0. 0. 0. 1. 0. 0. 1. 0. 0. 1. 0. 0. 1. 0. 0.]
status: SUCCESS
 ||[3.00240014 7.0084159  0.17708531 0.53615545 2.63782989 5.65171793
 2.10838545 1.88969975 2.90322825 3.81376513 1.8354972  0.9930914
 1.35223942 3.4737193  2.27311851 6.25158305 2.98634496 3.41625656
 2.39840386 1.68305552 0.11488802 0.16779565 1.45945702 2.00042354
 1.19480591 5.60019773 1.64965329 3.51646964 0.73755327 0.14812011
 1.02207358 0.85525146 1.60024085 6.31258537 2.12636703 1.14167708
 2.80793695 5.00574275]
 ||