optimal function value: 101.61429879000002
optimal value: [1. 0. 0. 0. 0. 1. 0. 0. 0. 0. 1. 0. 1. 0. 0. 0.]
status: SUCCESS
 ||[0.83296871 6.97520142 0.68290452 5.4194131  0.25470517 1.52925032
 3.13967137 1.29582596 3.01726634 3.86840731 1.39909537 3.07919592
 0.57396309 5.21299943 0.2131281  1.43648489 1.0568105  1.66140088
 1.24603998 5.64116937 1.15664029 0.7122251  0.7742405  7.25916061
 0.15298782 3.85217135 1.16282271 4.10371239 1.01687348 4.69965783
 1.50929761 4.03917413 2.80201222 3.91739363 0.39241723 0.34856077
 2.9498924  3.02953246 0.56459671 5.88846043]
 ||