optimal function value: 51.381437919999996
optimal value: [0. 0. 0. 1. 0. 0. 1. 0. 0. 1. 0. 0. 1. 0. 0. 0.]
status: SUCCESS
 ||[2.79511162 2.69477619 1.81610627 1.29491159 2.55514446 5.17474736
 2.05295139 1.0067636  1.63576239 2.05947861 0.7854116  5.98672785
 3.13079077 0.27996106 2.7023174  3.78994647 1.19887344 1.78203969
 2.12045659 2.8703394  2.15467269 4.15851725 0.41774332 4.82446523
 3.08633401 6.09086404 1.92676747 0.27797204 0.01276115 0.84179775
 2.9562529  1.90297915 1.15029405 5.64356361 0.98764243 3.44937504
 2.3698202  0.40835219 1.93619007 5.22821011]
 ||