optimal function value: 67.73420888999999
optimal value: [0. 0. 0. 0. 0. 0. 0. 1. 0. 1. 0. 0. 0. 0. 1. 0.]
status: SUCCESS
 ||[ 1.68786659  5.14320584  2.95586406  1.92324514  2.09732359  4.16621698
  1.92163444  0.77278747 -0.2535508   3.17452569  2.58473477  1.70975418
  1.79196335  2.16969038  2.68369133  5.94446075  1.50767224  6.31152201
  0.3583487   5.20119224  2.95071475  0.9304522   2.20291013  3.60237585
  3.23904537  1.46312833  1.75221264  5.8065485   2.05473652  1.94492859
  0.36452325  6.09135834  1.63233897  6.42901415  0.57875918  5.30318996
  2.74502868  7.07134147 -0.03722217  1.9039    ]
 ||