optimal function value: 61.570007299999986
optimal value: [0. 1. 0. 0. 0. 0. 0. 1. 0. 0. 1. 0. 1. 0. 0. 0.]
status: SUCCESS
 ||[2.43564251 2.33699914 0.4148347  5.46368581 0.03866639 3.14921976
 2.81958771 0.5167974  1.74299247 3.88350135 0.11394421 2.35602108
 2.20336022 2.86002024 2.26271493 1.00640541 0.72823225 0.69143193
 1.57024117 5.81026839 1.88086058 4.85611426 1.18653416 4.71301287
 1.35608571 1.82422206 2.06324495 4.49071261 1.44391172 0.73196046
 0.83263809 1.311786   0.8808027  5.08244416 0.62072688 5.56700716
 2.75815638 0.34068896 1.18912375 3.08726667]
 ||