optimal function value: 62.66379329
optimal value: [0. 0. 0. 0. 0. 1. 0. 0. 0. 0. 1. 0. 1. 0. 0. 0.]
status: SUCCESS
 ||[1.79259961 2.69856917 1.8164273  1.29358852 2.5553948  5.17472772
 3.05303729 1.00705541 1.63870949 2.05808457 0.79047585 5.98646733
 4.13116487 0.27888558 2.70178585 3.78909068 1.19818778 1.78309525
 2.12405161 2.87154885 2.15472906 4.15855136 0.41805747 4.82337725
 3.08597827 6.08937039 1.92710546 0.27866537 0.01412681 0.84223693
 2.95541654 1.90564497 1.15213185 5.64142084 0.98753601 3.44793337
 1.37027606 0.40772067]
 ||