optimal function value: 61.570007299999986
optimal value: [0. 0. 0. 1. 0. 1. 0. 0. 1. 0. 0. 0. 0. 0. 1. 0.]
status: SUCCESS
 ||[2.05803081 4.84669089 1.6423876  3.20912088 1.13489819 6.19381624
 0.82911654 0.82068051 0.76850025 1.56483268 0.98362859 1.57660599
 0.2625358  1.98137623 0.90988508 3.48875886 0.57416573 0.77652856
 0.55873125 3.34450413 1.15897159 4.49015619 2.44313546 2.51438747
 1.26506462 4.54167342 2.33193105 2.45460474 2.05978479 1.85093966
 2.82908419 5.1973408  2.4615703  5.98395443 0.64598083 3.43653118
 2.2689033  5.00307247 1.18806439 0.81978531]
 ||