optimal function value: 37.817205
optimal value: [1. 0. 0. 0. 0. 0. 1. 0. 0. 0. 0. 1. 0. 1. 0. 0.]
status: SUCCESS
 ||[1.58328657e+00 4.17053014e+00 2.04757133e+00 1.23317558e+00
 1.52870222e+00 3.12453305e+00 1.50491292e+00 3.89705940e+00
 7.93851946e-01 1.60203073e+00 3.16874035e+00 2.04299306e+00
 2.12607792e+00 4.94363028e+00 2.72635363e+00 5.93821779e+00
 7.38724369e-01 1.49518925e+00 2.31519539e+00 3.61556398e+00
 6.37855185e-01 4.24534521e+00 2.74066557e+00 5.25430119e+00
 6.73880289e-01 1.87728394e+00 2.98768767e-03 6.12791933e+00
 6.90675530e-01 4.55920732e+00 1.68063948e+00 3.73391639e+00
 1.65885935e+00 5.16926642e+00 1.87494483e+00 1.89281402e+00
 3.57533220e-01 3.00638702e+00 2.90515460e+00 9.10306856e-01]
 ||optimal function value: 37.817205
optimal value: [1. 0. 0. 0. 0. 0. 1. 0. 0. 0. 0. 1. 0. 1. 0. 0.]
status: SUCCESS
 ||[1.58328657e+00 4.17053014e+00 2.04757133e+00 1.23317558e+00
 1.52870222e+00 3.12453305e+00 1.50491292e+00 3.89705940e+00
 7.93851946e-01 1.60203073e+00 3.16874035e+00 2.04299306e+00
 2.12607792e+00 4.94363028e+00 2.72635363e+00 5.93821779e+00
 7.38724369e-01 1.49518925e+00 2.31519539e+00 3.61556398e+00
 6.37855185e-01 4.24534521e+00 2.74066557e+00 5.25430119e+00
 6.73880289e-01 1.87728394e+00 2.98768767e-03 6.12791933e+00
 6.90675530e-01 4.55920732e+00 1.68063948e+00 3.73391639e+00
 1.65885935e+00 5.16926642e+00 1.87494483e+00 1.89281402e+00
 3.57533220e-01 3.00638702e+00 2.90515460e+00 9.10306856e-01]
 ||