optimal function value: 87.37602608000003
optimal value: [1. 0. 0. 0. 0. 1. 0. 1. 0. 0. 0. 0. 0. 0. 1. 0.]
status: SUCCESS
 ||[1.97468762e+00 5.67388733e+00 3.51124035e+00 5.92213904e+00
 2.32505534e+00 5.79574015e+00 9.16656106e-02 2.92613525e+00
 2.96428067e+00 4.09205613e+00 2.84013317e+00 7.10373558e-01
 1.47261406e+00 1.54832019e+00 1.70723136e+00 3.60531913e+00
 4.02511910e-02 1.36072797e+00 8.76993948e-01 5.75657564e+00
 2.40458783e+00 1.00183584e+00 2.50330365e+00 8.70924316e-01
 1.93880533e+00 1.79506459e+00 5.64054265e-03 5.47519314e+00
 6.57944895e-01 1.35389621e+00 3.08635232e+00 5.48147233e+00
 9.08858904e-01 6.04109432e+00 1.69405745e+00 4.25893925e+00
 6.43362797e-01 5.91236919e+00 2.16974011e+00 6.07317373e+00]
 ||