optimal function value: 87.33848693000002
optimal value: [0. 1. 0. 0. 0. 0. 0. 0. 1. 0. 0. 1. 0. 0. 1. 0.]
status: SUCCESS
 ||[ 1.59355642  4.09713631  1.04446452  1.23795656  1.55960724  3.10241658
  1.49534914  2.88725709  1.83859876  2.57663308  2.15945265  2.15593008
  2.09607326  4.92364262  2.71544024  5.96166948  0.73559301  1.50194349
  2.30410357  4.6036924   0.46041244  4.70173074  2.69821493  5.19922706
  0.63995247  1.82810171 -0.02740284  6.08065441  0.64981276  5.53227261
  1.68584146  3.51460822  1.64572882  5.17436311  1.87612013  1.89519146
  0.3460414   2.99551069]
 ||optimal function value: 87.33848693000002
optimal value: [0. 1. 0. 0. 0. 0. 0. 0. 1. 0. 0. 1. 0. 0. 1. 0.]
status: SUCCESS
 ||[ 1.59355642  4.09713631  1.04446452  1.23795656  1.55960724  3.10241658
  1.49534914  2.88725709  1.83859876  2.57663308  2.15945265  2.15593008
  2.09607326  4.92364262  2.71544024  5.96166948  0.73559301  1.50194349
  2.30410357  4.6036924   0.46041244  4.70173074  2.69821493  5.19922706
  0.63995247  1.82810171 -0.02740284  6.08065441  0.64981276  5.53227261
  1.68584146  3.51460822  1.64572882  5.17436311  1.87612013  1.89519146
  0.3460414   2.99551069]
 ||