optimal function value: 51.381437919999996
optimal value: [0. 0. 0. 1. 0. 0. 1. 0. 0. 1. 0. 0. 1. 0. 0. 0.]
status: SUCCESS
 ||[1.42168421 5.32479515 2.39958341 1.60280023 1.55684029 3.82522562
 3.04751253 4.95620174 0.29387667 1.17863766 2.62422788 2.71896676
 2.39554346 0.01300709 1.39872397 4.53364474 1.71899694 5.93907771
 2.83198081 0.06750052 0.10130752 3.40187356 2.95200771 2.3966581
 0.67898491 2.65328483 0.08862611 1.3977307  1.37304354 3.11541635
 0.73172412 1.450139   0.68746952 2.88692342 0.91006483 0.13340819
 2.63039892 3.49633125 2.01910241 1.1691843 ]
 ||second
 ||