optimal function value: 88.08146663000002
optimal value: [1. 0. 0. 0. 0. 1. 0. 0. 0. 0. 0. 1. 0. 0. 0. 0.]
status: SUCCESS
 ||[2.84517337 4.31186391 3.40806193 5.68388555 0.8162339  3.9943733
 2.84297694 5.47975526 1.7998971  1.06427839 1.29284713 6.24446662
 0.32437858 2.00520319 2.9846143  2.82365038 0.65547442 2.9911902
 2.85458405 2.10844081 1.34260886 3.94384544 2.53083434 3.09203032
 0.25591661 3.60159233 0.11025853 0.59389194 0.59798824 4.35699578
 0.89053795 4.33696635 0.51317388 0.73949018 0.07333493 4.43454649
 2.69893773 1.38020754]
 ||optimal function value: 88.08146663000002
optimal value: [1. 0. 0. 0. 0. 1. 0. 0. 0. 0. 0. 1. 0. 0. 0. 0.]
status: SUCCESS
 ||[2.84517337 4.31186391 3.40806193 5.68388555 0.8162339  3.9943733
 2.84297694 5.47975526 1.7998971  1.06427839 1.29284713 6.24446662
 0.32437858 2.00520319 2.9846143  2.82365038 0.65547442 2.9911902
 2.85458405 2.10844081 1.34260886 3.94384544 2.53083434 3.09203032
 0.25591661 3.60159233 0.11025853 0.59389194 0.59798824 4.35699578
 0.89053795 4.33696635 0.51317388 0.73949018 0.07333493 4.43454649
 2.69893773 1.38020754]
 ||