optimal function value: 64.87467772
optimal value: [0. 0. 0. 1. 0. 1. 0. 0. 0. 0. 0. 0. 0. 0. 1. 0.]
status: SUCCESS
 ||[0.97974542 5.34514454 3.23660195 5.32926895 0.5663969  1.23820622
 0.38270318 1.39479168 3.31556398 0.80968236 2.68123325 1.25808047
 0.88063448 2.63257229 2.60608114 3.73639693 1.13452928 1.52744328
 0.2398808  5.2810422  3.5902962  4.67438858 2.22528385 4.5645911
 2.72340657 4.90895066 0.67928961 5.22635172 1.35661649 4.51516325
 1.35440443 2.40419297]
 ||optimal function value: 70.08851390000001
optimal value: [0. 1. 0. 0. 1. 0. 0. 0. 0. 0. 1. 0. 1. 0. 0. 0.]
status: SUCCESS
 ||[0.97970547 5.34514038 3.23662254 5.33252732 0.56642264 1.23818884
 0.38258816 1.39482052 3.31553191 0.80964896 2.68111405 1.25800151
 0.88085372 2.63249997 2.60595917 3.7364022  1.13460723 1.52735976
 0.239739   5.28107703 3.59059702 4.67444875 2.225308   4.56454088
 2.72337244 4.90899495 0.67940726 5.22640454 1.35664269 4.51520949
 1.35433674 2.40407312]
 ||