optimal function value: 23.895113699999996
optimal value: [0. 1. 0. 0. 0. 0. 0. 1. 0. 0. 1. 0. 1. 0. 0. 0.]
status: SUCCESS
 ||[1.95691986e+00 4.66083246e+00 2.49814019e+00 6.92153840e+00
 2.32449445e+00 6.79507930e+00 9.10110308e-02 2.92559396e+00
 2.96358195e+00 4.07760738e+00 3.94561773e+00 7.59375297e-01
 1.47349763e+00 1.54920991e+00 1.70827047e+00 3.60621087e+00
 4.11964732e-02 1.36171690e+00 8.78014987e-01 5.75758445e+00
 2.40566401e+00 1.00279688e+00 2.50425284e+00 8.72179284e-01
 1.93986689e+00 7.96087937e-01 5.60259551e-03 5.47530016e+00
 6.57986588e-01 1.35399894e+00 3.08643945e+00 5.48160246e+00
 9.08930480e-01 6.04105732e+00 1.69395055e+00 4.25876763e+00
 6.43119690e-01 5.91224913e+00]
 ||second
 ||