optimal function value: 64.29719343999997
optimal value: [1. 0. 0. 0. 0. 0. 0. 1. 0. 1. 1. 0. 0. 0. 0. 0.]
status: SUCCESS
 ||[1.81368114 5.30567015 3.14909807 6.33655287 0.58348297 1.44866753
 0.46237387 1.41471016 2.30604127 0.81816573 1.66919417 2.34403283
 0.92567376 2.71167543 2.63155961 3.82273688 0.04531784 1.73311722
 0.46093135 5.47440813 2.54386293 5.06450882 2.59612485 4.67939715
 2.98232651 4.98735178 0.80651487 5.34034657 1.52925371 4.7438494
 1.77228432 2.69909416 1.14415582 2.70063981 0.98571725 0.73735186
 2.57500021 5.01561724]
 ||optimal function value: 64.29719343999997
optimal value: [1. 0. 0. 0. 0. 0. 0. 1. 0. 1. 1. 0. 0. 0. 0. 0.]
status: SUCCESS
 ||[1.81368114 5.30567015 3.14909807 6.33655287 0.58348297 1.44866753
 0.46237387 1.41471016 2.30604127 0.81816573 1.66919417 2.34403283
 0.92567376 2.71167543 2.63155961 3.82273688 0.04531784 1.73311722
 0.46093135 5.47440813 2.54386293 5.06450882 2.59612485 4.67939715
 2.98232651 4.98735178 0.80651487 5.34034657 1.52925371 4.7438494
 1.77228432 2.69909416 1.14415582 2.70063981 0.98571725 0.73735186
 2.57500021 5.01561724]
 ||