optimal function value: 44.55872038000001
optimal value: [0. 0. 1. 0. 0. 0. 0. 1. 0. 1. 0. 0. 1. 0. 0. 0.]
status: SUCCESS
 ||[8.37994014e-01 4.26001779e+00 3.16072095e+00 5.32121696e+00
 5.35497401e-01 1.46131956e+00 4.53198818e-01 1.38871298e+00
 2.29510936e+00 8.23173363e-01 1.68996016e+00 1.36492809e+00
 9.55128461e-01 2.72745033e+00 2.89120624e+00 3.95959723e+00
 8.62915514e-04 1.71220501e+00 4.53303887e-01 5.46804609e+00
 2.51453354e+00 5.04671234e+00 2.57126071e+00 4.62367448e+00
 2.93652019e+00 4.97073157e+00 7.96121581e-01 5.30676420e+00
 1.51634632e+00 5.71570786e+00 1.79220207e+00 2.68728627e+00
 1.13778062e+00 2.69359582e+00 9.90020491e-01 7.34176850e-01]
 ||second
 ||