optimal function value: 56.76419967999999
optimal value: [1. 0. 0. 0. 0. 0. 1. 0. 0. 1. 0. 0. 0. 0. 0. 0.]
status: SUCCESS
 ||[0.73286853 0.59476095 2.24406882 0.97481048 0.19992011 2.49868519
 2.89319357 5.03815817 2.41214191 2.40096883 1.68546572 1.73983287
 0.54232728 0.66895486 0.67512885 5.82843218 2.60371401 5.06995336
 2.51422156 1.21685521 0.97357442 3.93933197 2.29907837 6.37058253
 2.76683345 0.54708415 1.90516852 4.34030926 1.5492272  1.11689867
 1.4893074  0.5619043  2.93163098 5.43528271 1.72172124 1.88485153
 2.85279635 3.5992949 ]
 ||second
 ||