optimal function value: 69.57878832999998
optimal value: [0. 0. 0. 0. 0. 0. 1. 0. 0. 0. 0. 1. 0. 1. 0. 0.]
status: SUCCESS
 ||[1.74680771 3.42130783 2.16214685 3.79439716 1.96576164 0.41138143
 0.04097333 5.26208419 0.81513438 1.47201891 3.12803666 2.95449765
 2.62802193 2.99570178 2.00720706 0.94538969 1.99436044 5.45355588
 1.64354402 4.65659599 2.10954542 1.40184483 2.38410089 3.71404471
 0.94666679 0.19555826 2.7191     2.96978937 2.25845096 5.52170936
 2.24403798 5.78722664 1.24087786 5.03225683 1.39717498 5.87833682
 2.76103359 0.61257549 0.42758139 1.36302886]
 ||first
 ||