optimal function value: 151.79027162
optimal value: [0. 0. 1. 0. 1. 0. 0. 0. 0. 0. 1. 0. 0. 0. 0. 1.]
status: SUCCESS
 ||[0.81403489 5.30559827 3.14908962 5.33636007 0.58348465 2.44883022
 0.46231241 2.4146583  2.30609694 1.81808561 1.66915029 2.34397
 0.92569755 3.71173925 2.63148507 3.82285499 0.04515408 1.73312035
 1.46082475 5.47441204 2.54377324 5.06457929 2.59601385 4.67942183
 2.98238514 4.9872841  0.80649398 5.34035654 1.52941955 4.74374427
 1.77205301 2.69915887 2.14422895 2.70068257 0.98572608 0.73742606
 2.5749505  5.01557565]
 ||second
 ||