optimal function value: 62.24957653000001
optimal value: [1. 0. 0. 0. 0. 0. 0. 0. 0. 0. 1. 0. 0. 1. 0. 0.]
status: SUCCESS
 ||[1.42165463 5.32313405 3.39902307 1.6011209  1.55604021 3.82347796
 2.04570019 4.95443966 0.29167136 0.18080189 2.62998208 2.71770465
 2.3948845  0.08394665 1.29756579 4.53297516 0.71766574 5.93888621
 2.83142487 0.19117561 0.07928559 3.40156109 2.94984096 2.39461756
 0.67989858 2.65177441 0.0906141  1.39238163 1.37534638 3.11409957
 0.73128342 1.44998511 0.68705743 2.88726589 0.91026165 0.13452412
 2.63088355 3.49542709 2.01720708 1.1672204 ]
 ||