optimal function value: 85.50720347000001
optimal value: [1. 0. 0. 0. 0. 0. 1. 0. 0. 0. 0. 0. 0. 0. 0. 1.]
status: SUCCESS
 ||[2.7951007  2.69476021 2.81615379 2.29490876 2.55509257 5.17475562
 2.05299338 2.00683968 2.63562442 2.05962909 0.78535063 5.98674967
 3.13072379 0.27993777 3.7022715  3.78995484 1.19884604 1.78203816
 2.12048308 2.87031902 2.154721   4.158495   0.41778629 4.82454567
 3.08633234 6.09085417 1.91506713 0.28809969 0.01274629 0.841772
 2.95630137 1.90295219 1.15209838 5.64221097 0.98739392 3.4494444
 1.36984623 0.40837166]
 ||first
 ||