optimal function value: 79.62858736000001
optimal value: [0. 0. 0. 0. 0. 0. 0. 1. 0. 1. 1. 0. 1. 0. 0. 0.]
status: SUCCESS
 ||[4.03214189 1.06621491 2.31642132 0.99657197 3.09897158 0.12318608
 2.77138894 4.2951681  2.70458662 6.29184894 0.76320293 2.13445864
 2.23536388 2.76101499 0.83875489 1.44650103 3.69317983 5.51097182
 2.52048291 1.41546363 2.92293069 3.22273979 0.73012978 2.8740051
 1.33090948 0.50703393 1.78152146 2.27166497 1.7987533  5.85431742
 2.04423352 2.55909654 2.71895336 6.26695497 1.55541377 5.94118171
 0.07659741 0.98771274]
 ||optimal function value: 79.62858736000001
optimal value: [0. 0. 0. 0. 0. 0. 0. 1. 0. 1. 1. 0. 1. 0. 0. 0.]
status: SUCCESS
 ||[4.03214189 1.06621491 2.31642132 0.99657197 3.09897158 0.12318608
 2.77138894 4.2951681  2.70458662 6.29184894 0.76320293 2.13445864
 2.23536388 2.76101499 0.83875489 1.44650103 3.69317983 5.51097182
 2.52048291 1.41546363 2.92293069 3.22273979 0.73012978 2.8740051
 1.33090948 0.50703393 1.78152146 2.27166497 1.7987533  5.85431742
 2.04423352 2.55909654 2.71895336 6.26695497 1.55541377 5.94118171
 0.07659741 0.98771274]
 ||