optimal function value: 44.55872038000001
optimal value: [0. 0. 1. 0. 0. 0. 0. 1. 0. 1. 0. 0. 1. 0. 0. 0.]
status: SUCCESS
 ||[2.14348477 4.89003267 1.84201384 2.04387415 1.04213493 2.28930711
 1.9012004  5.81884614 1.97307358 3.94072097 1.93910745 4.32766116
 0.65162053 2.88820946 0.7165844  5.86115815 0.38460147 5.2899522
 0.42896314 4.49673602 1.21615883 2.76161225 3.96870179 0.01403149
 0.0928776  5.64703229 1.57113333 0.53270734 3.00141461 5.84423201
 0.26954946 2.54417495 0.35694334 1.83845928]
 ||second
 ||