optimal function value: 70.08851390000001
optimal value: [0. 0. 1. 0. 0. 1. 0. 0. 0. 0. 0. 1. 0. 1. 0. 0.]
status: SUCCESS
 ||[ 1.94503386  4.65633881  2.52949915  5.88151964  2.67462921  6.4489219
  0.06469319  2.91155298  2.94771547  4.07042616  2.81066679  0.70224353
  1.46255184  1.53996779  1.69525069  3.59914775  0.02526068  1.34829846
  0.8635114   5.73684043  2.39294049  0.99061131  2.49461003  0.85354713
  1.93140058  0.78702144 -0.00676349  5.46403473  0.64894437  1.3455562
  3.07249025  5.46907677  1.90478231  6.03153811  1.69022411  4.25834673]
 ||optimal function value: 70.08851390000001
optimal value: [0. 0. 1. 0. 0. 1. 0. 0. 0. 0. 0. 1. 0. 1. 0. 0.]
status: SUCCESS
 ||[ 1.94503386  4.65633881  2.52949915  5.88151964  2.67462921  6.4489219
  0.06469319  2.91155298  2.94771547  4.07042616  2.81066679  0.70224353
  1.46255184  1.53996779  1.69525069  3.59914775  0.02526068  1.34829846
  0.8635114   5.73684043  2.39294049  0.99061131  2.49461003  0.85354713
  1.93140058  0.78702144 -0.00676349  5.46403473  0.64894437  1.3455562
  3.07249025  5.46907677  1.90478231  6.03153811  1.69022411  4.25834673]
 ||