optimal function value: 94.30774331999999
optimal value: [0. 1. 0. 0. 1. 0. 0. 0. 0. 0. 0. 1. 0. 0. 0. 0.]
status: SUCCESS
 ||[0.82709466 1.11476007 1.20605807 0.92133731 0.17361633 2.49184584
 2.85349088 4.99839268 2.37190754 1.36263386 1.64573421 1.70940149
 0.49909804 0.63421385 0.62539642 5.79330372 2.57878812 6.0398575
 2.47387141 1.2100811  0.96777121 3.93780558 2.30289302 5.37068301
 2.75851462 0.54431822 1.9084856  4.19125001 1.57655177 1.11604042
 1.49049708 0.55551527 2.94043934 5.43826563 2.72737556 1.87322434
 2.85132272 3.57651823 3.77561113 5.31706031]
 ||second
 ||