optimal function value: 62.24957653000001
optimal value: [0. 0. 1. 0. 0. 0. 0. 0. 1. 0. 0. 0. 0. 0. 0. 1.]
status: SUCCESS
 ||[1.77358754 2.70702408 1.81102912 1.29020709 2.56062981 5.18837084
 2.02672016 1.00830579 1.63686589 2.05971962 0.79459907 5.99152155
 3.14090619 0.28421992 2.7036448  3.79092095 1.20428762 1.78533108
 2.12227342 2.86144104 2.15424949 5.16781594 0.41550069 4.81891328
 3.07768508 6.0882351  1.91590918 0.26360654 0.00973254 0.8323768
 3.95689507 1.89079538 1.14181179 5.69138309 1.05477132 3.44982775
 2.36941644 0.4043963 ]
 ||optimal function value: 62.24957653000001
optimal value: [0. 0. 1. 0. 0. 0. 0. 0. 1. 0. 0. 0. 0. 0. 0. 1.]
status: SUCCESS
 ||[1.77358754 2.70702408 1.81102912 1.29020709 2.56062981 5.18837084
 2.02672016 1.00830579 1.63686589 2.05971962 0.79459907 5.99152155
 3.14090619 0.28421992 2.7036448  3.79092095 1.20428762 1.78533108
 2.12227342 2.86144104 2.15424949 5.16781594 0.41550069 4.81891328
 3.07768508 6.0882351  1.91590918 0.26360654 0.00973254 0.8323768
 3.95689507 1.89079538 1.14181179 5.69138309 1.05477132 3.44982775
 2.36941644 0.4043963 ]
 ||