optimal function value: 84.11755562999997
optimal value: [0. 0. 1. 0. 0. 1. 0. 0. 0. 0. 0. 1. 1. 0. 0. 0.]
status: SUCCESS
 ||[0.71210478 6.04559645 1.39679044 4.42826302 0.26761094 1.55451991
 3.13869097 1.3158553  2.01627892 3.88598569 1.42249979 3.10697517
 0.60558067 5.21849357 0.28170153 1.47153766 0.06274209 1.67593753
 1.28108348 5.6679575  1.19093479 0.71452024 0.81163949 6.23035918
 0.19828306 3.8965967  1.18503279 4.15219621 1.06321201 4.34353868
 1.56317182 4.0824743  2.83167191 3.65379973]
 ||second
 ||