optimal function value: 48.697738310000005
optimal value: [0. 0. 0. 1. 0. 0. 1. 0. 0. 1. 0. 0. 1. 0. 0. 0.]
status: SUCCESS
 ||[1.65261279 4.32027752 0.90796727 1.36394704 1.58696087 3.20748906
 1.42596404 2.67410267 0.55180154 1.61589875 2.08397403 2.99277118
 2.08539449 4.90898745 2.66525522 5.87696455 0.67956278 1.4330538
 2.26792154 3.59628766 0.57688714 4.2997493  2.72123559 5.19696815
 0.61943697 1.87010206 0.01280112 6.0598267  0.66552205 4.70921678
 1.66882173 3.67871559 1.63211835 5.1119463  1.83000622 1.85919883
 0.31266018 2.95690561 2.88858706 0.77144018]
 ||