optimal function value: 94.30774331999999
optimal value: [1. 0. 0. 0. 0. 1. 0. 0. 0. 0. 1. 0. 0. 0. 0. 0.]
status: SUCCESS
 ||[1.71243724 7.04617958 1.39675503 4.42829406 0.26733299 1.55486624
 3.13869237 1.31574874 2.01685784 2.8847973  1.42377163 3.11018435
 1.60393055 5.21832425 0.28213751 1.47091518 0.06310489 1.67655854
 1.28107611 5.6684778  1.19122599 0.71470607 0.81203723 6.23053975
 0.18874052 3.8870006  1.18480166 4.15030478 1.06131738 4.34316269
 1.56263316 4.0814751  2.83044687 3.65342643 0.4629781  0.42696468]
 ||second
 ||