optimal function value: 101.61429879000002
optimal value: [0. 0. 1. 0. 0. 1. 0. 0. 0. 0. 1. 0. 1. 0. 0. 0.]
status: SUCCESS
 ||[2.95689894e+00 4.66079059e+00 2.49817183e+00 5.92158835e+00
 2.32443306e+00 5.79519665e+00 9.11375041e-02 2.92558507e+00
 2.96363928e+00 4.07758698e+00 2.83022673e+00 7.11303382e-01
 1.47360464e+00 1.54926567e+00 1.70828663e+00 3.60618440e+00
 4.11786177e-02 1.36174618e+00 8.78007439e-01 5.75758079e+00
 2.40558592e+00 1.00281061e+00 2.50431169e+00 8.71898617e-01
 1.93978521e+00 7.96096744e-01 5.57597567e-03 5.47519344e+00
 6.58045101e-01 1.35391148e+00 3.08636833e+00 5.48149057e+00
 9.08880199e-01 6.04114108e+00]
 ||second
 ||