optimal function value: 157.71718876
optimal value: [0. 0. 1. 0. 0. 0. 1. 0. 1. 0. 0. 0. 1. 0. 0. 0.]
status: SUCCESS
 ||[0.71224416 6.04636567 0.39716709 4.42813772 0.26756377 2.55468491
 3.13867677 1.315374   3.01643779 2.88453424 1.42387834 4.11027706
 0.60405242 5.21768014 0.28186015 1.47133578 0.06216976 1.67633012
 1.28070908 5.66807041 1.19197496 0.71491789 0.81159544 6.23016164
 0.19811366 3.89710675 1.1853278  5.15151786 1.06308612 4.3435687
 2.56315738 4.08234271 2.83168174 3.65389978 0.44662469 0.40479501
 2.97189628 3.07026865 0.60960494 5.94431524]
 ||second
 ||