optimal function value: 34.11246652
optimal value: [1. 0. 0. 0. 0. 0. 0. 1. 0. 0. 1. 0. 0. 1. 0. 0.]
status: SUCCESS
 ||[2.84506399 4.3114759  2.40855245 5.68393623 1.81628003 3.99429848
 2.84296272 6.4797165  1.80008128 1.06412976 1.29260792 6.2445222
 0.32417409 2.00543391 2.98415264 2.82396281 0.65559367 1.99131868
 2.85449587 3.10847365 1.34259098 3.94385526 2.53082906 3.0921123
 0.25604067 4.60162372 0.11024456 0.5941857  0.59850708 4.35704237
 1.89054847 4.33704447 0.51323553 0.73940291 0.07348102 4.43477885]
 ||optimal function value: 34.11246652
optimal value: [1. 0. 0. 0. 0. 0. 0. 1. 0. 0. 1. 0. 0. 1. 0. 0.]
status: SUCCESS
 ||[2.84506399 4.3114759  2.40855245 5.68393623 1.81628003 3.99429848
 2.84296272 6.4797165  1.80008128 1.06412976 1.29260792 6.2445222
 0.32417409 2.00543391 2.98415264 2.82396281 0.65559367 1.99131868
 2.85449587 3.10847365 1.34259098 3.94385526 2.53082906 3.0921123
 0.25604067 4.60162372 0.11024456 0.5941857  0.59850708 4.35704237
 1.89054847 4.33704447 0.51323553 0.73940291 0.07348102 4.43477885]
 ||