optimal function value: 113.12343117
optimal value: [1. 0. 0. 0. 0. 0. 1. 0. 0. 0. 0. 1. 0. 0. 0. 0.]
status: SUCCESS
 ||[1.72559612 4.7396726  2.55902171 7.00428462 2.40082289 5.84339363
 0.08387076 2.94361317 2.95701927 4.09285175 2.7937048  0.73140353
 1.42831291 1.57420941 1.72941882 3.5832231  0.07688748 1.36800035
 0.82443699 5.77590302 2.45884761 0.97467903 2.46666971 0.78748982
 1.7377863  0.42801328 0.10645051 5.5757     0.75955548 1.45688315
 3.18090466 6.59009771 0.90496583 6.0419667  1.6911846  4.25311502
 0.63607502 5.9137237 ]
 ||second
 ||