optimal function value: 34.534382419999986
optimal value: [0. 0. 1. 0. 0. 1. 0. 0. 0. 0. 0. 1. 1. 0. 0. 0.]
status: SUCCESS
 ||[1.93269197 4.36833699 2.98819237 5.77627897 0.55634609 1.41929403
 0.53523134 1.3955615  2.26806    0.57906412 1.64874553 1.32714486
 0.90862195 2.68957343 2.60420675 4.82375323 0.02898722 1.71032466
 0.44918206 5.47348953 2.53216507 5.05169194 2.57248101 4.6580119
 2.96759029 4.94708445 0.77616807 5.32144518 1.50600238 4.71621765
 1.75901955 2.68964171]
 ||optimal function value: 34.534382419999986
optimal value: [0. 0. 1. 0. 0. 1. 0. 0. 0. 0. 0. 1. 1. 0. 0. 0.]
status: SUCCESS
 ||[1.93269197 4.36833699 2.98819237 5.77627897 0.55634609 1.41929403
 0.53523134 1.3955615  2.26806    0.57906412 1.64874553 1.32714486
 0.90862195 2.68957343 2.60420675 4.82375323 0.02898722 1.71032466
 0.44918206 5.47348953 2.53216507 5.05169194 2.57248101 4.6580119
 2.96759029 4.94708445 0.77616807 5.32144518 1.50600238 4.71621765
 1.75901955 2.68964171]
 ||