optimal function value: 83.58928574000004
optimal value: [0. 0. 1. 0. 0. 0. 0. 0. 0. 0. 0. 1. 1. 0. 0. 0.]
status: SUCCESS
 ||[2.84529613 4.31184093 2.40821971 6.68409993 0.8161359  3.9941879
 3.84297681 5.47976083 1.79967364 1.06419788 1.29183218 6.24398682
 0.32421533 2.00518175 2.98463522 2.82366128 0.65576083 1.99135122
 2.85486468 2.10841868 1.3428347  3.94388483 2.53078982 3.09198772
 1.25618811 3.60176454 0.11042586 0.59424538 0.59799726 4.35699688
 0.89056349 4.33693947 0.51312586 0.7396043  0.0720188  4.43438606]
 ||optimal function value: 83.58928574000004
optimal value: [0. 0. 1. 0. 0. 0. 0. 0. 0. 0. 0. 1. 1. 0. 0. 0.]
status: SUCCESS
 ||[2.84529613 4.31184093 2.40821971 6.68409993 0.8161359  3.9941879
 3.84297681 5.47976083 1.79967364 1.06419788 1.29183218 6.24398682
 0.32421533 2.00518175 2.98463522 2.82366128 0.65576083 1.99135122
 2.85486468 2.10841868 1.3428347  3.94388483 2.53078982 3.09198772
 1.25618811 3.60176454 0.11042586 0.59424538 0.59799726 4.35699688
 0.89056349 4.33693947 0.51312586 0.7396043  0.0720188  4.43438606]
 ||