optimal function value: 84.66180500000002
optimal value: [0. 0. 0. 0. 0. 0. 0. 1. 0. 1. 0. 0. 1. 0. 0. 0.]
status: SUCCESS
 ||[2.63928223 5.06876373 3.01710104 1.81995723 2.40752177 4.42520174
 2.07769881 0.6920228  1.08440673 2.41365333 2.34442322 1.58582108
 1.57587383 1.99446146 2.65880262 5.93879262 1.26175756 6.27349119
 0.19534691 5.1058294  2.74983827 0.94822121 2.21661697 4.51149324
 3.00094037 1.3196338  1.69655326 5.54476426 2.00650899 1.94296599
 0.25691332 5.90491249 1.48957783 6.25997763]
 ||second
 ||