optimal function value: 61.949961970000004
optimal value: [1. 0. 0. 0. 0. 1. 0. 0. 0. 0. 0. 0. 0. 0. 0. 1.]
status: SUCCESS
 ||[1.63456311 5.05829035 3.00365735 1.7986202  2.41114403 4.42286658
 3.08084064 0.69860462 0.08839406 2.40992454 2.09271938 1.5897822
 1.60238942 2.99576698 2.65736329 5.94033015 1.26026437 6.27470427
 0.19631625 5.10460122 3.75000196 0.94952896 2.21932396 3.51337887
 3.0053938  1.32118223 1.69551662 5.5441066  2.00862679 1.94428908
 0.25998726 5.90388845]
 ||optimal function value: 61.949961970000004
optimal value: [1. 0. 0. 0. 0. 1. 0. 0. 0. 0. 0. 0. 0. 0. 0. 1.]
status: SUCCESS
 ||[1.63456311 5.05829035 3.00365735 1.7986202  2.41114403 4.42286658
 3.08084064 0.69860462 0.08839406 2.40992454 2.09271938 1.5897822
 1.60238942 2.99576698 2.65736329 5.94033015 1.26026437 6.27470427
 0.19631625 5.10460122 3.75000196 0.94952896 2.21932396 3.51337887
 3.0053938  1.32118223 1.69551662 5.5441066  2.00862679 1.94428908
 0.25998726 5.90388845]
 ||