optimal function value: 61.949961970000004
optimal value: [1. 0. 0. 0. 0. 0. 0. 1. 0. 0. 0. 0. 0. 1. 0. 0.]
status: SUCCESS
 ||[1.95678374e+00 4.66082509e+00 2.49791666e+00 6.92164892e+00
 2.32430900e+00 5.79496118e+00 9.11565188e-02 2.92567000e+00
 3.96363937e+00 4.07760757e+00 2.83025298e+00 7.11398232e-01
 2.47387450e+00 1.54883888e+00 1.70817149e+00 3.60585654e+00
 4.10989402e-02 1.36157343e+00 8.78248047e-01 5.75733797e+00
 2.40539227e+00 2.00277139e+00 2.50449861e+00 8.72196303e-01
 1.93963754e+00 7.96107078e-01 5.25186378e-03 5.47566647e+00
 6.57962059e-01 1.35389075e+00 3.08645164e+00 5.48158639e+00]
 ||optimal function value: 61.949961970000004
optimal value: [1. 0. 0. 0. 0. 0. 0. 1. 0. 0. 0. 0. 0. 1. 0. 0.]
status: SUCCESS
 ||[1.95678374e+00 4.66082509e+00 2.49791666e+00 6.92164892e+00
 2.32430900e+00 5.79496118e+00 9.11565188e-02 2.92567000e+00
 3.96363937e+00 4.07760757e+00 2.83025298e+00 7.11398232e-01
 2.47387450e+00 1.54883888e+00 1.70817149e+00 3.60585654e+00
 4.10989402e-02 1.36157343e+00 8.78248047e-01 5.75733797e+00
 2.40539227e+00 2.00277139e+00 2.50449861e+00 8.72196303e-01
 1.93963754e+00 7.96107078e-01 5.25186378e-03 5.47566647e+00
 6.57962059e-01 1.35389075e+00 3.08645164e+00 5.48158639e+00]
 ||