optimal function value: 62.06260308999998
optimal value: [0. 1. 0. 0. 0. 0. 1. 0. 0. 0. 0. 1. 0. 0. 0. 0.]
status: SUCCESS
 ||[2.84517657 4.31186952 2.40806902 5.68388055 0.81625511 3.99437726
 2.84295321 5.47973321 1.7999319  1.06423383 1.29282419 6.24446991
 0.32435481 2.00518898 2.98466613 2.82368411 0.65551192 1.99116149
 2.85454235 2.10849219 1.3426231  3.94384271 2.53082586 3.09203504
 0.25594747 3.60158449 0.11026277 0.59390105 0.59800397 4.35699594
 0.89056981 4.33696737 1.51317453 0.73951151]
 ||second
 ||