optimal function value: 51.381437919999996
optimal value: [1. 0. 0. 0. 0. 1. 0. 0. 0. 0. 1. 0. 0. 0. 0. 1.]
status: SUCCESS
 ||[1.56660639 4.15064776 2.04956651 1.24369265 1.53774262 3.09903752
 1.49225192 2.88859591 0.86563891 1.58993225 2.16551442 2.02297019
 3.11401225 5.94044532 2.72752517 5.92732965 0.74212433 2.49377003
 3.30512343 3.61649609 0.62827218 4.26689574 2.74798011 5.24584912
 0.67032793 1.88755561 0.01548278 6.12921592 1.69910825 4.60528641
 1.68716465 3.72854152 1.6472751  5.18272427]
 ||second
 ||