optimal function value: 112.09232586999997
optimal value: [0. 1. 0. 0. 0. 0. 1. 0. 0. 0. 0. 0. 0. 0. 0. 1.]
status: SUCCESS
 ||[3.4524177  5.6239096  2.38669903 5.66248171 0.79508072 3.97318332
 3.20131029 5.45851636 1.79394706 1.07737675 1.27157346 6.22334187
 0.30298647 1.98390445 2.95829036 2.80238422 0.69084019 1.99957268
 2.83336507 2.4672358  1.39073006 4.9224505  2.53115601 3.09231994
 0.25616573 3.60189926 0.11057321 1.60452075 0.58466419 4.56090848
 0.88100044 4.33748217 0.48999394 0.72193214 0.07379372 4.41056324
 2.69956071 1.35748829]
 ||second
 ||