optimal function value: 70.10982533999999
optimal value: [0. 0. 1. 0. 0. 0. 0. 1. 1. 1. 0. 0. 0. 0. 0. 0.]
status: SUCCESS
 ||[0.76061026 3.43687323 2.20642991 3.78370274 1.96820449 1.40241389
 1.00433661 5.24447728 0.82550658 2.63390613 3.14723528 2.92954494
 2.57749499 4.06329253 1.58846011 1.2526106  1.97174109 5.83048218
 1.50513673 4.67769803 2.19241388 1.26508091 2.35567064 3.70178354
 0.93238892 0.15315498 2.68661141 2.95841447 2.25021396 5.49497559
 2.22192103 5.76998183 1.22003679 5.02971073 1.36828143 5.86816026]
 ||second
 ||