optimal function value: 87.33848693000002
optimal value: [0. 0. 1. 0. 0. 0. 0. 0. 0. 0. 0. 1. 1. 1. 0. 0.]
status: SUCCESS
 ||[3.00344285 5.95535917 0.17767346 0.53336764 2.62465278 4.62434646
 2.18977198 1.84497029 1.90396433 3.8130231  1.82575899 0.99531757
 1.35292422 2.47276757 2.27089923 6.25110947 2.98292402 3.41932025
 1.39752981 1.68535543 0.11284984 0.1723567  1.46061478 2.0006418
 1.19400345 5.60270907 1.65167714 3.52189231 0.74186727 0.14978346
 1.02133028 0.85894349 1.60269668 6.27489499 2.11875248 1.14228066
 2.80724988 5.00599818]
 ||first
 ||