optimal function value: 91.83066781999995
optimal value: [0. 1. 0. 0. 0. 0. 1. 0. 1. 0. 0. 0. 0. 0. 1. 0.]
status: SUCCESS
 ||[3.50019786 5.12107738 1.51936705 1.65092805 0.042735   4.1720471
 1.4794963  4.78225589 2.17904536 4.83902992 1.85664574 5.03967426
 2.29330823 2.60207048 1.69186361 4.28610979 0.60698855 3.47907743
 2.52996307 1.66879528 2.52386765 4.30935961 2.65323557 2.10885261
 0.29353407 5.02866878 2.52874337 2.79734825 0.29495309 1.23887779
 1.99494235 1.83039242 2.98968662 4.6995504  0.62992786 4.11764928
 1.13162325 6.85987945 2.8576002  3.23416706]
 ||first
 ||