optimal function value: 32.55298180999998
optimal value: [0. 0. 0. 1. 0. 1. 0. 0. 0. 0. 1. 0. 1. 0. 0. 0.]
status: SUCCESS
 ||[1.49088971 5.13094048 3.09362006 1.89595785 1.03409346 2.35452384
 1.86096617 5.09138638 2.16948022 3.77896918 1.75376328 4.15524339
 0.45650459 2.76480359 0.50971779 5.69237305 0.18484602 5.14470895
 1.23437423 4.31628113 1.05888009 2.54222001 2.64642104 0.11695723
 0.19080588 5.74941056 2.59888528 0.57165886 3.10115539 5.94836664
 0.35332442 2.6590018 ]
 ||optimal function value: 58.02846945999997
optimal value: [0. 1. 0. 0. 0. 0. 0. 1. 1. 0. 0. 0. 0. 0. 0. 0.]
status: SUCCESS
 ||[1.49788873 5.11107504 3.08297167 1.89726496 1.03153691 2.34441325
 1.86237018 5.09103127 2.17397445 3.78009722 1.73784701 4.155718
 0.45454749 2.72672405 0.52852977 5.78873426 0.15178728 5.14433838
 1.19010605 4.31613557 1.05722378 2.54227416 2.62744564 0.11548516
 0.18338923 5.74668791 2.59843952 0.57244381 3.09902169 5.94547685
 0.35386517 2.65021491]
 ||