optimal function value: 66.57253768999999
optimal value: [0. 0. 0. 1. 0. 0. 0. 0. 0. 1. 1. 0. 1. 0. 0. 0.]
status: SUCCESS
 ||[1.73688654 4.43699719 2.16026703 3.78791348 1.96279745 0.41920578
 0.04565335 5.26104465 0.82661722 1.46116395 3.13528889 2.9497075
 2.62821775 3.97201169 2.16637772 0.94446237 2.18375755 5.44929763
 1.64155936 4.65395069 2.10578955 0.40077735 2.3791476  3.71135721
 0.94617665 0.19358276 2.7140946  2.96918866 2.25464429 5.52111873
 2.23891472 5.78431468 1.24047597 5.02999566 1.39718542 5.8785541
 2.75780981 0.61045683]
 ||second
 ||