optimal function value: 59.367672529999965
optimal value: [0. 0. 1. 0. 0. 0. 0. 1. 0. 1. 0. 0. 0. 0. 0. 0.]
status: SUCCESS
 ||[0.74412483 0.629154   1.25941547 1.77308415 0.27051966 2.51770804
 2.89386093 5.03870433 2.39327103 1.39281705 2.67592929 1.7240777
 0.54759433 0.63993555 0.68902928 5.81489889 2.60911007 5.0296279
 2.53577097 1.1955017  0.94694869 3.90768591 2.30682613 5.3353721
 2.77806371 0.5133608  1.89389682 4.20252401 1.59601998 1.0871359
 1.48348911 0.51985908 2.91199772 5.44609045 1.74560786 1.85388839
 2.81871785 3.57348549 2.75597333 5.37572131]
 ||