optimal function value: 63.14874757999999
optimal value: [0. 0. 0. 1. 0. 0. 0. 0. 1. 0. 0. 0. 0. 1. 0. 0.]
status: SUCCESS
 ||[2.23422589e+00 2.93185128e+00 2.23063154e+00 1.31152619e+00
 2.82404504e+00 5.10999296e+00 3.05756832e+00 1.37161438e+00
 1.62760565e+00 2.05144561e+00 7.81487600e-01 5.94698202e+00
 3.01802763e+00 5.54771585e-01 2.59490466e+00 3.71064864e+00
 1.13506989e+00 2.79130204e+00 2.08500812e+00 2.84990654e+00
 2.10332409e+00 4.11210809e+00 3.94221522e-01 4.75972884e+00
 3.04379713e+00 6.08546181e+00 2.92897085e+00 2.58751218e-01
 4.39903170e-03 8.23287902e-01]
 ||first
 ||