optimal function value: 91.83066781999995
optimal value: [0. 1. 0. 0. 0. 0. 1. 0. 1. 0. 0. 0. 0. 0. 1. 0.]
status: SUCCESS
 ||[1.63974266 6.06847779 3.01897168 1.81876322 2.40707521 4.42529581
 3.07819607 0.69229319 0.08478189 2.41395389 2.34503559 1.58448007
 1.57721866 1.99406967 2.65906819 5.9391602  1.2617664  6.27350329
 0.19505344 5.10546425 2.74987933 0.94889478 3.21641842 3.51106054
 3.00089703 1.31952281 1.69638371 5.54459946 2.00679613 1.94257817
 0.25751313 5.90489072 1.48943721 7.26010118 0.44488274 5.10320236
 2.55529462 5.78031922 0.05604732 2.33849617]
 ||