optimal function value: 97.34933445000001
optimal value: [0. 0. 0. 1. 0. 1. 0. 0. 0. 1. 0. 0. 0. 0. 1. 0.]
status: SUCCESS
 ||[2.41917582 3.53893804 2.860705   2.9213569  2.59441444 4.68803159
 0.58853288 3.20715356 2.97626449 4.98121145 0.2926146  1.90977357
 0.28055682 5.08143344 2.18171819 0.25045996 3.07237408 6.05680006
 2.05803756 3.8632344  0.49575652 0.0840159  1.66155045 0.36285231
 0.59995542 1.51395316 0.08813152 2.90621138 1.3795578  5.28467126
 1.62382401 4.01550783 1.56758038 4.14949664 1.42978148 1.73866203
 3.13246009 6.25276936]
 ||second
 ||