optimal function value: 117.39362593999999
optimal value: [0. 0. 1. 0. 0. 0. 0. 1. 0. 0. 0. 1. 1. 0. 0. 0.]
status: SUCCESS
 ||[0.74290726 3.42860886 1.17212551 3.7919439  1.97728308 0.41239891
 0.01728526 5.1996034  1.80407752 1.47190079 3.120039   2.96471168
 2.63621485 2.99374764 2.01617062 0.9429617  2.00779941 5.45015779
 1.64643849 4.67929612 3.36617548 0.40571048 2.39010624 3.72135024
 0.95201596 1.19217092 2.72346004 2.97631871 2.26261014 5.52292028
 2.2478466  5.79414023 1.24452049 5.0388103  1.39814552 5.88922352
 2.76615452 0.51124106 0.42877315 1.36509023]
 ||second
 ||