optimal function value: 63.02959926
optimal value: [1. 0. 0. 0. 0. 0. 0. 0. 0. 0. 0. 1. 0. 1. 0. 0.]
status: SUCCESS
 ||[1.49043147 5.13101828 2.09373472 1.89857138 0.03401465 2.35197035
 0.86089031 5.0910771  2.16975769 3.77892288 2.75325918 4.15518383
 0.45654856 2.76518622 0.50989325 5.6924578  0.18462043 5.14482091
 0.23447702 4.31615224 1.05885155 3.54195568 2.64621485 0.11674012
 0.19090167 5.74957554 1.59900613 0.57135119 3.10124944 5.94833032
 0.35339652 2.65913726 0.42433514 1.96375824 1.95267962 1.02775504
 2.18901929 0.32264104]
 ||optimal function value: 63.02959926
optimal value: [1. 0. 0. 0. 0. 0. 0. 0. 0. 0. 0. 1. 0. 1. 0. 0.]
status: SUCCESS
 ||[1.49043147 5.13101828 2.09373472 1.89857138 0.03401465 2.35197035
 0.86089031 5.0910771  2.16975769 3.77892288 2.75325918 4.15518383
 0.45654856 2.76518622 0.50989325 5.6924578  0.18462043 5.14482091
 0.23447702 4.31615224 1.05885155 3.54195568 2.64621485 0.11674012
 0.19090167 5.74957554 1.59900613 0.57135119 3.10124944 5.94833032
 0.35339652 2.65913726 0.42433514 1.96375824 1.95267962 1.02775504
 2.18901929 0.32264104]
 ||