optimal function value: 58.270931270000005
optimal value: [0. 0. 0. 0. 0. 1. 0. 0. 0. 0. 1. 0. 0. 0. 0. 1.]
status: SUCCESS
 ||[3.84515966 4.31187778 3.40821542 5.68384088 0.81653126 3.9943834
 2.8429728  5.47967447 1.80013243 1.06364041 1.293247   7.24461977
 0.32359691 2.00528154 2.98453544 2.82369914 0.65556426 1.99116583
 2.85456054 2.10847466 1.34260793 3.94372056 2.53070987 3.09204854
 0.25594904 4.60159416 0.11024794 0.59387318 0.59797524 4.35702389
 0.89052708 4.33696997 0.51322122 0.7395164  0.07342999 4.4346677
 2.6989845  1.38019538 0.74637815 0.08162671]
 ||second
 ||