optimal function value: 84.11755562999997
optimal value: [1. 0. 0. 0. 0. 1. 0. 0. 0. 0. 0. 1. 0. 0. 1. 0.]
status: SUCCESS
 ||[0.42188723 5.32475229 2.39937485 2.60278784 1.55658945 3.82396857
 2.04694063 4.95580393 0.29482908 1.17787192 2.6266454  2.79561457
 2.29767781 0.01093933 1.40114059 4.5272207  0.71866967 6.03405141
 2.74759502 0.19290766 0.07948946 3.40182664 2.9504387  2.39521331
 0.68054209 2.65228717 0.091241   1.39294452 1.3756995  3.1153026
 0.73233083 1.45061671 0.68736954 2.88784524]
 ||second
 ||