optimal function value: 84.96747466000002
optimal value: [1. 0. 0. 0. 0. 0. 1. 0. 0. 1. 0. 0. 0. 0. 0. 0.]
status: SUCCESS
 ||[3.03179588 0.07690215 2.31302958 0.99290084 3.10089342 0.10652215
 2.75666721 5.26571386 2.69441097 7.27925241 0.75226843 2.12375198
 2.23054444 2.76197554 0.82642901 1.43639127 2.69044916 5.4930916
 2.49913193 1.40456728 2.90288775 3.20892686 0.81370392 2.7684667
 1.31403249 0.49133191 2.02262717 2.28226129 1.78918677 5.84411399
 2.02779053 2.54451155 2.71252985 6.25252149]
 ||first
 ||