optimal function value: 66.14353598000002
optimal value: [0. 1. 0. 1. 0. 0. 0. 0. 0. 0. 1. 0. 1. 0. 0. 0.]
status: SUCCESS
 ||[3.43548502 5.21368078 1.62588517 2.59162372 1.00051693 4.10179572
 1.36487737 4.5628909  1.10352094 4.80244853 1.88683226 4.92731353
 2.18427881 2.49206643 1.57734082 4.19681613 0.50057673 4.39909868
 2.44814644 1.59976355 2.49533341 4.26606639 3.66280461 2.00924087
 0.23818217 4.91668636 2.4883795  2.69541666 0.21843758 1.1972526
 1.98526041 1.79584254 2.87401597 3.66290013 0.57724675 4.04568848
 1.09020036 5.77242852]
 ||second
 ||