optimal function value: 98.53325924000004
optimal value: [0. 1. 0. 0. 0. 1. 0. 0. 0. 0. 0. 1. 1. 0. 0. 0.]
status: SUCCESS
 ||[1.71134669 7.04355854 1.40284176 4.4321374  0.26970174 1.54607182
 3.14640163 1.31221334 2.02151945 2.87598043 1.61451869 3.91486857
 0.1881415  5.23037524 0.29264476 1.48270191 0.0738841  1.68750745
 1.29275457 5.67811319 1.20139037 0.7253035  0.82211851 6.22415174
 0.21070884 3.90915371 1.19670216 4.16466371 1.07465144 4.35430531
 2.57582168 4.08035075 2.83133626 3.65380741 0.44533917 0.40273279
 3.97265529 3.06802983]
 ||first
 ||