optimal function value: 70.38812846000002
optimal value: [0. 0. 0. 1. 0. 0. 0. 0. 0. 1. 1. 0. 1. 0. 0. 0.]
status: SUCCESS
 ||[0.71220413 7.04628376 0.39688823 4.42850044 1.26764985 1.55470313
 4.13885562 2.31567329 2.01652141 2.88483443 1.42355978 3.11006162
 0.60390675 5.21831539 0.28139859 2.47141731 0.06279393 1.67618473
 1.28069521 5.66784733 1.1909114  0.71460228 0.81165269 6.23044595
 0.19820442 3.89663247 1.18501638 4.15219112 1.06318768 4.34358654
 1.56320433 4.08227115 2.83176034 3.65390116 0.44648192 0.40452215]
 ||optimal function value: 70.38812846000002
optimal value: [0. 0. 0. 1. 0. 0. 0. 0. 0. 1. 1. 0. 1. 0. 0. 0.]
status: SUCCESS
 ||[0.71220413 7.04628376 0.39688823 4.42850044 1.26764985 1.55470313
 4.13885562 2.31567329 2.01652141 2.88483443 1.42355978 3.11006162
 0.60390675 5.21831539 0.28139859 2.47141731 0.06279393 1.67618473
 1.28069521 5.66784733 1.1909114  0.71460228 0.81165269 6.23044595
 0.19820442 3.89663247 1.18501638 4.15219112 1.06318768 4.34358654
 1.56320433 4.08227115 2.83176034 3.65390116 0.44648192 0.40452215]
 ||