optimal function value: 48.13067508999998
optimal value: [0. 0. 1. 0. 1. 0. 0. 0. 0. 1. 0. 0. 0. 0. 0. 1.]
status: SUCCESS
 ||[2.84516349 4.31193307 2.40810492 5.68391592 0.81633436 3.9944365
 3.84346701 5.47887361 1.79422308 1.06446571 1.29256514 7.24454708
 0.32459685 2.00490314 2.98498611 2.82362617 1.65544165 2.9878617
 2.8543466  2.10924893 1.346034   3.94312686 2.53113844 3.09138352
 0.25631737 3.60093764 0.11081695 0.59308895 0.5981562  4.34410516
 0.90068361 4.33693999 0.51315211 0.73944436 0.07332914 4.43450621
 2.69896542 1.38016426 0.74632353 0.08153439]
 ||