optimal function value: 87.33848693000002
optimal value: [0. 1. 0. 0. 0. 0. 0. 0. 1. 0. 0. 1. 0. 0. 1. 0.]
status: SUCCESS
 ||[2.13574721 4.01894108 1.30988217 2.80705939 1.28652555 5.13248607
 0.81324914 3.9897998  0.03184413 1.8977782  1.05264081 0.89188481
 2.33549563 1.94845828 2.47948466 6.00801199 0.796419   5.61428533
 3.53727986 4.19352192 0.08596953 2.87007539 1.9689953  2.86123406
 0.70482413 1.94646456 0.81125907 4.95004758 1.09256524 2.65856389
 2.0201288  5.95886064 0.92056379 0.27651691 3.05954946 5.23116138
 2.48291843 3.28843519 0.73764091 0.97078576]
 ||