optimal function value: 87.45286079999997
optimal value: [0. 1. 0. 1. 0. 0. 0. 0. 0. 0. 1. 0. 1. 0. 0. 0.]
status: SUCCESS
 ||[0.71115314 7.0457544  0.39655499 4.42843793 0.2677007  1.55467146
 4.13877731 1.31696043 2.01535967 2.88516194 1.42413501 3.11000881
 0.60399818 5.21920585 0.28140051 1.47154293 0.06304003 1.67629065
 1.28051982 5.66782204 1.19058787 0.71498467 0.81193929 6.23078695
 0.19806466 3.8964239  1.18495811 4.15187702 1.06302971 4.34318679
 1.56340347 4.08149202 2.83061507 3.65333957]
 ||first
 ||