optimal function value: 72.55634906999998
optimal value: [0. 1. 1. 0. 0. 0. 0. 0. 1. 0. 0. 0. 0. 0. 0. 1.]
status: SUCCESS
 ||[1.95625059e+00 5.66011341e+00 2.49921032e+00 5.92185954e+00
 2.32531776e+00 6.79504203e+00 9.14141851e-02 2.92456629e+00
 2.96315658e+00 4.07814059e+00 2.83096040e+00 7.11812592e-01
 1.47406408e+00 1.54813597e+00 1.70776438e+00 3.60584607e+00
 1.04086698e+00 1.36150510e+00 8.77852356e-01 6.75725360e+00
 2.40567807e+00 2.00282859e+00 2.39331817e+00 9.29478350e-01
 1.93977628e+00 7.96118992e-01 5.48025603e-03 5.47521408e+00
 6.57935637e-01 1.35385973e+00 3.08635261e+00 5.48146624e+00
 9.08819782e-01 6.04110186e+00 1.69401213e+00 4.25885408e+00
 6.43229137e-01 5.91233216e+00 2.16959763e+00 6.07300859e+00]
 ||first
 ||