optimal function value: 64.87467772
optimal value: [0. 0. 1. 0. 1. 0. 0. 0. 0. 0. 0. 0. 0. 1. 0. 0.]
status: SUCCESS
 ||[0.70506474 6.03726719 1.39713253 5.42497464 0.26819588 1.54776079
 3.13929862 1.3133882  2.02249774 2.88720359 1.42341023 3.11026614
 0.60417627 5.21840637 0.28097671 1.47182715 0.0625401  1.67641643
 1.280462   5.66713231 1.19115091 0.71465265 0.8116068  6.23045719
 0.19778352 3.89642127 1.18482874 4.15225758 1.0632249  4.34328222
 1.56276052 4.08208879 3.83182539 3.65345218 0.44677936 0.40526972
 2.97234604 3.06881792 0.60922212 5.94445698]
 ||