optimal function value: 123.73704050999999
optimal value: [0. 0. 0. 1. 0. 1. 1. 0. 1. 0. 0. 0. 0. 0. 0. 0.]
status: SUCCESS
 ||[0.74155802 0.64825025 1.47736945 2.06396561 0.20896286 2.52331838
 2.88383044 5.02940811 2.40385104 1.3943927  1.68602704 1.73843383
 0.54242891 0.66719526 1.67354131 5.82755168 2.60411994 5.06834686
 2.51467681 1.21541708 0.97345592 4.93938442 2.29923988 5.36991544
 2.76475971 0.54492942 1.90330506 4.22043911 1.58947419 1.11709824
 1.48777688 0.56139687 2.93605673 5.43798159]
 ||second
 ||