optimal function value: 92.79299527
optimal value: [0. 0. 0. 1. 1. 0. 0. 0. 0. 0. 0. 0. 0. 1. 1. 0.]
status: SUCCESS
 ||[1.79511148 3.694766   1.81615618 1.29495846 3.55512192 5.17476547
 3.05291506 2.00677254 1.63572639 2.05943672 0.78539128 5.98669256
 3.13078382 1.279962   2.70228248 3.78996784 1.19884818 1.78202829
 2.12046243 2.87035484 3.15468256 4.15849152 0.41777063 4.82447642
 3.08635783 6.09085073 1.92686051 0.27811039 0.01274351 0.84177601
 2.9562295  1.90290551 1.15024357 5.64353307 0.98759326 3.44933487
 1.36982061 0.40838312 1.83641374 5.30344362]
 ||second
 ||