optimal function value: 80.10546582
optimal value: [1. 0. 0. 0. 0. 1. 0. 0. 0. 0. 0. 0. 0. 0. 1. 0.]
status: SUCCESS
 ||[1.55502787 4.17116313 1.04307982 1.27712632 1.53910987 3.36537907
 1.0851063  2.88609849 0.83846573 1.5991003  2.16219341 2.04864056
 2.12528025 4.95284603 2.72776086 5.94136329 0.74359445 1.50007508
 2.31269877 3.62111838 0.6404042  4.26474582 2.75174714 5.26139771
 0.68834069 1.88708524 0.02880109 6.13962032 1.70486514 4.55780787
 1.68535847 3.72120871 1.64856934 5.18021189 1.87723585 1.8966354
 0.35329333 2.99607383]
 ||second
 ||