optimal function value: 94.30774331999999
optimal value: [1. 0. 0. 0. 0. 0. 0. 1. 0. 0. 1. 0. 0. 0. 0. 0.]
status: SUCCESS
 ||[2.01627466 0.94738138 2.04158381 0.4508635  1.68400552 2.29734826
 0.18277137 3.18807385 0.11846461 2.72455748 0.21997595 0.56975045
 1.40538642 5.09216643 0.38854786 1.40262772 1.97102505 5.95454515
 1.81305108 2.4922496  3.06906475 0.29599844 2.69690257 1.81966378
 0.45315168 0.74011184 0.97193298 5.12985191 0.56772592 3.65418103
 2.00697425 2.33971524 1.72095157 0.39473959 0.1874558  1.29435556
 2.13761357 2.68683463 0.98647796 3.67945286]
 ||second
 ||