optimal function value: 101.61429879000002
optimal value: [1. 0. 0. 0. 0. 0. 0. 1. 0. 0. 1. 0. 1. 0. 0. 0.]
status: SUCCESS
 ||[0.72782833 7.04150743 1.38798352 4.43107233 0.26198356 1.54248904
 3.12963193 1.30698403 2.02067081 2.88000868 2.43347199 3.092193
 0.57270007 5.22990058 1.27469504 1.45259987 0.03907351 1.68273647
 1.24668923 5.66233581 1.15305274 0.70818063 1.79754138 6.22131553
 0.22407523 4.34211568 1.10092909 4.05955373 0.97881191 4.24986628
 1.48076314 5.00141407 2.82865808 3.64588062 0.44579544 0.39729189
 2.96881784 3.06407374]
 ||second
 ||