optimal function value: 97.34933445000001
optimal value: [1. 0. 0. 0. 0. 0. 1. 0. 1. 0. 0. 0. 0. 1. 0. 0.]
status: SUCCESS
 ||[2.42167551 3.51630412 2.90375853 2.92537828 2.59656652 3.69003995
 0.5786492  3.21593352 1.97692023 4.98243534 0.29486097 1.91449952
 0.29208205 6.21165374 2.17853478 0.26308432 3.08541259 6.06144331
 2.05428982 3.86792568 0.49501903 0.09391684 1.6600229  0.37428325
 0.59812485 1.51990882 0.09450385 2.91505486 1.3842033  5.29281914
 1.63080054 4.02288684 1.57034228 4.16229627]
 ||second
 ||