optimal function value: 48.697738310000005
optimal value: [1. 0. 0. 0. 0. 1. 0. 0. 0. 0. 1. 0. 0. 0. 0. 1.]
status: SUCCESS
 ||[4.03241957 1.07308384 3.3121635  0.99296343 3.09868516 0.10591758
 2.76289199 4.28098573 3.69350407 6.28197409 0.75314417 2.12414395
 2.2248563  1.76298646 0.82732092 1.43656349 2.69507547 5.49483692
 2.5057439  2.40341211 2.90539404 3.21316502 0.7269425  2.86229856
 2.3190354  0.49613099 1.77404528 2.26177958 1.78952218 5.84485468
 2.02838144 2.54518035 2.71292576 6.25284755 1.54023983 5.9376675
 0.05887985 0.88173106 0.54100032 5.8939746 ]
 ||