optimal function value: 118.90150090999998
optimal value: [0. 1. 0. 0. 1. 0. 0. 0. 0. 0. 1. 0. 0. 0. 0. 0.]
status: SUCCESS
 ||[3.99346732 5.9612107  0.18134594 0.53586165 2.63666454 4.62790503
 3.10831222 1.9322921  2.90226346 4.81032919 1.82760752 1.00269182
 1.45567884 2.53495031 3.24949481 7.2500927  2.98464654 3.42994372
 1.39445415 2.67992921 0.10655447 0.17002675 1.45697132 1.99580673
 1.19528031 5.60059047 1.65425623 3.51953949 0.74337327 0.14721972
 1.02382402 0.85714445 1.60497007 6.27119589]
 ||second
 ||