optimal function value: 70.36420951000002
optimal value: [0. 1. 0. 0. 0. 0. 1. 0. 1. 0. 0. 0. 0. 0. 1. 0.]
status: SUCCESS
 ||[2.08893442 4.97816813 1.58374892 4.17612981 1.19512219 6.75892558
 1.91658716 0.94330354 0.82333296 1.57943075 0.98918159 1.6166616
 0.37503824 2.05489361 0.99864053 3.56904811 0.73490645 0.44163425
 0.60417976 3.41313649 1.3660497  4.59872502 2.48798036 2.56427468
 0.26742953 4.59764105 2.37041073 2.44539017 2.0226584  1.83261574
 2.89668089 5.40614085 2.54187573 5.88315042]
 ||second
 ||