optimal function value: 123.73704050999999
optimal value: [0. 1. 1. 0. 0. 0. 0. 1. 1. 0. 0. 0. 0. 0. 0. 0.]
status: SUCCESS
 ||[1.81121365 2.87711015 1.66238039 2.27959416 2.54747756 5.1660722
 2.05805259 1.9998131  2.57754775 2.05605175 0.78311929 5.98062693
 3.12424811 0.2734699  2.69792738 3.78533019 1.19282608 1.7759226
 2.11653201 3.14099858 2.15112713 4.15089718 0.4140642  4.81899822
 3.08230744 6.08543453 1.91748699 0.26927424 0.00704722 0.8381994
 2.94948378 1.89731475 1.14401184 5.63666842 0.98377812 3.44325238
 1.36308672 0.40473121]
 ||second
 ||