optimal function value: 65.76070403
optimal value: [1. 0. 0. 0. 0. 1. 0. 0. 0. 0. 1. 0. 0. 0. 0. 1.]
status: SUCCESS
 ||[1.4911098  4.13108707 3.09364967 1.89586674 1.03426683 2.35477733
 0.86082768 5.091739   2.16960611 3.77894641 1.75408403 4.15512693
 0.45641141 2.76510927 0.50980086 5.69230518 0.18474296 5.1440308
 0.23425737 4.31624191 1.05827198 2.54271971 2.64615721 0.11637803
 0.19103559 5.74933157 1.59926854 0.57162987 3.10106118 5.94902296
 0.35313628 2.65842558 0.42420478 1.96449002 2.9532099  1.02746065
 2.18904037 0.32274784]
 ||second
 ||