optimal function value: 87.33848693000002
optimal value: [0. 1. 1. 0. 0. 0. 0. 0. 0. 0. 0. 1. 1. 0. 0. 0.]
status: SUCCESS
 ||[0.68206185 5.42471208 2.03898286 5.90476752 1.86596107 1.60299442
 2.3010973  5.13749927 1.97394987 4.26014455 2.16107216 4.84491743
 0.35631959 1.36426049 3.83285381 2.22021687 0.78240625 4.99766254
 1.95309635 0.89958903 1.71271533 4.12174206 0.48277872 4.07520419
 0.35450738 2.05828886 0.23410896 1.26064793 3.03612584 2.48963498
 3.05263865 2.70591332 1.86710571 5.4348785  2.10797295 0.66390985
 1.83559544 3.94577021]
 ||optimal function value: 87.33848693000002
optimal value: [0. 1. 1. 0. 0. 0. 0. 0. 0. 0. 0. 1. 1. 0. 0. 0.]
status: SUCCESS
 ||[0.68206185 5.42471208 2.03898286 5.90476752 1.86596107 1.60299442
 2.3010973  5.13749927 1.97394987 4.26014455 2.16107216 4.84491743
 0.35631959 1.36426049 3.83285381 2.22021687 0.78240625 4.99766254
 1.95309635 0.89958903 1.71271533 4.12174206 0.48277872 4.07520419
 0.35450738 2.05828886 0.23410896 1.26064793 3.03612584 2.48963498
 3.05263865 2.70591332 1.86710571 5.4348785  2.10797295 0.66390985
 1.83559544 3.94577021]
 ||