optimal function value: 71.78874542
optimal value: [0. 0. 0. 1. 0. 1. 0. 0. 0. 0. 1. 0. 0. 0. 1. 0.]
status: SUCCESS
 ||[1.81485983 4.30630512 2.14996845 5.33779924 0.60794803 1.45797023
 0.46706104 1.42342718 2.30324672 0.82854397 1.68158969 1.35147174
 0.96174066 2.69010524 2.63625565 3.81635112 0.03844043 1.73317824
 0.46443264 5.47224298 2.54938483 5.11918358 2.59969549 4.76526664
 2.96858542 4.96942947 0.79398334 5.32123979 1.51235737 4.7289195
 1.74800583 2.68029572 1.12785661 2.68704244 0.97193971 0.75730093
 2.53850929 5.97877043]
 ||second
 ||