optimal function value: 64.29719343999997
optimal value: [0. 0. 1. 1. 0. 1. 0. 0. 1. 0. 0. 0. 0. 0. 0. 0.]
status: SUCCESS
 ||[2.45483759 2.34527878 1.42872318 5.44690866 0.01784536 3.15724965
 2.81797972 1.50784248 1.74133908 3.88686099 1.12832296 2.38705302
 2.22598248 2.82093946 2.26457596 0.98643397 0.7476278  0.6973937
 1.59105581 5.80565751 1.85584853 4.86426936 1.20529273 4.68847368
 0.31824278 1.82913983 2.11808963 4.55941658 1.32480588 0.55093737
 0.83796062 1.31851837 0.88348709 5.08446706 0.62583152 5.57052499
 2.76431674 0.34387439]
 ||first
 ||