optimal function value: 77.94725848000002
optimal value: [0. 0. 1. 0. 0. 0. 0. 0. 1. 0. 0. 0. 0. 1. 0. 0.]
status: SUCCESS
 ||[1.42218898 5.32442666 3.3984178  2.60263097 2.55647462 2.82416012
 3.04692259 4.95545178 0.29352032 0.17755993 2.62471581 3.72182267
 2.39456855 0.0130918  1.39900947 4.53364285 0.71863588 5.93933862
 2.83190016 0.19211974 0.07982375 3.40186127 2.95000315 2.39490963
 0.68003304 2.65211288 0.09166155 1.39303639 1.37547827 3.11580075
 0.73159077 1.45017382 0.6881348  2.887752   0.91031305 0.13504401
 2.63132132 3.49772238 2.01901535 1.16828114]
 ||first
 ||