optimal function value: 44.55872038000001
optimal value: [0. 1. 0. 0. 0. 0. 1. 0. 1. 0. 0. 0. 0. 0. 0. 1.]
status: SUCCESS
 ||[3.0035415  5.95528024 1.17768374 0.53325675 3.62498291 4.62476351
 2.10382595 1.9363674  1.90356934 3.81259133 1.82680459 0.99579652
 1.35343497 3.47284652 2.27130868 6.25026049 2.98344853 3.41940646
 1.39738306 1.68535432 0.11244576 0.17253257 2.46029245 2.00205475
 1.19379228 5.60347711 2.65183935 3.52186772 0.74171142 0.14975007
 1.02116886 0.85868013 1.60264488 6.27469223 2.11860598 1.14246439
 2.8070166  5.00600084 2.30710244 5.69638163]
 ||second
 ||