optimal function value: 67.43459432999998
optimal value: [1. 0. 0. 0. 0. 1. 0. 0. 0. 0. 0. 0. 0. 0. 1. 0.]
status: SUCCESS
 ||[ 2.77236118  2.66873115  1.83192759  2.29937427  2.5574309   6.1775221
  2.04930174  1.00083791  2.63282816  2.05702613  0.78507387  5.99086869
  3.12807313  0.27788627  2.70578991  3.79938973  1.21042468  1.72969378
  2.12875551  2.8769414   2.15931979  4.16652777  0.42124698  5.83104464
  3.08626089  6.08992304  1.95276934  0.49305965 -0.04559257  0.78065652
  2.89601584  2.83601321  1.15005651  5.64651584]
 ||optimal function value: 67.43459432999998
optimal value: [1. 0. 0. 0. 0. 1. 0. 0. 0. 0. 0. 0. 0. 0. 1. 0.]
status: SUCCESS
 ||[ 2.77236118  2.66873115  1.83192759  2.29937427  2.5574309   6.1775221
  2.04930174  1.00083791  2.63282816  2.05702613  0.78507387  5.99086869
  3.12807313  0.27788627  2.70578991  3.79938973  1.21042468  1.72969378
  2.12875551  2.8769414   2.15931979  4.16652777  0.42124698  5.83104464
  3.08626089  6.08992304  1.95276934  0.49305965 -0.04559257  0.78065652
  2.89601584  2.83601321  1.15005651  5.64651584]
 ||