optimal function value: 91.83680317000002
optimal value: [0. 0. 1. 0. 0. 1. 0. 0. 0. 0. 0. 0. 0. 0. 0. 1.]
status: SUCCESS
 ||[1.48895453 4.13317855 2.09553259 1.8934783  0.02599788 2.35059442
 0.87739759 5.05580464 2.16428635 3.78700565 1.74136871 4.16074774
 0.44882274 2.76184185 0.50987145 5.68953625 0.17915231 5.10696765
 0.23257196 4.32582387 1.0482955  2.55347353 2.64094238 1.12083219
 0.20006818 5.73426084 1.63368026 0.55410656 3.09086905 5.96245017
 0.39586202 2.65841209 0.42634907 1.95780887 1.94916806 1.02382365]
 ||second
 ||