optimal function value: 32.53962615999998
optimal value: [0. 0. 1. 0. 0. 1. 0. 0. 0. 0. 0. 1. 1. 0. 0. 0.]
status: SUCCESS
 ||[1.66689793 5.43589099 3.35981922 5.21179934 0.48539822 1.19454081
 1.48249358 1.47431154 2.82354962 0.85824937 1.67039749 1.37556747
 0.9279354  2.71184705 2.60802593 3.83439331 0.02835238 1.78539866
 0.45176254 5.47463429 2.53631471 5.03211608 2.61373574 4.6985046
 2.9535528  5.04345044 1.0734123  5.31144816 1.50018764 4.77312944
 1.766389   2.40627825 1.06358371 2.64835352 0.9758992  0.69880131
 2.56363274 5.05401119]
 ||optimal function value: 32.53962615999998
optimal value: [0. 0. 1. 0. 0. 1. 0. 0. 0. 0. 0. 1. 1. 0. 0. 0.]
status: SUCCESS
 ||[1.66689793 5.43589099 3.35981922 5.21179934 0.48539822 1.19454081
 1.48249358 1.47431154 2.82354962 0.85824937 1.67039749 1.37556747
 0.9279354  2.71184705 2.60802593 3.83439331 0.02835238 1.78539866
 0.45176254 5.47463429 2.53631471 5.03211608 2.61373574 4.6985046
 2.9535528  5.04345044 1.0734123  5.31144816 1.50018764 4.77312944
 1.766389   2.40627825 1.06358371 2.64835352 0.9758992  0.69880131
 2.56363274 5.05401119]
 ||