optimal function value: 87.33848693000002
optimal value: [1. 1. 0. 0. 0. 0. 0. 0. 0. 0. 1. 0. 0. 0. 0. 1.]
status: SUCCESS
 ||[3.44643051 6.74311558 1.19651574 0.51287782 2.59430516 4.61109389
 2.06483481 1.92201003 1.83923662 3.76954602 1.7976293  0.9675731
 1.31820494 2.45115334 2.24816827 6.21427955 2.94623949 3.38261055
 1.88077669 1.6576336  1.10966325 0.14620473 1.42939239 1.9568302
 1.14997551 5.59522896 1.63798108 3.49144943 0.72066272 0.11564364
 1.00353292 0.84555084 1.58113394 6.25151106]
 ||first
 ||