optimal function value: 32.55298180999998
optimal value: [1. 0. 0. 0. 0. 0. 1. 0. 0. 0. 0. 1. 0. 1. 0. 0.]
status: SUCCESS
 ||[0.34946753 4.41864759 2.03805849 5.91434165 0.84528491 2.02511155
 3.56699924 4.16400458 0.97948084 4.3270811  1.27587431 4.91514455
 0.39943493 1.43145148 3.86320634 2.24766815 0.81325386 5.04905005
 1.9820446  0.93613244 1.73047548 4.17087183 0.51382097 4.09167215
 0.38598148 2.11655043 0.25900685 1.28382294 3.0711552  2.53028586
 3.10790813 2.75402964 1.90705738 5.4785612  2.15600471 0.69789595
 1.84703304 3.9806961  0.56777693 0.59347323]
 ||