optimal function value: 147.75852905
optimal value: [0. 0. 0. 1. 0. 0. 1. 0. 1. 0. 0. 0. 0. 0. 1. 0.]
status: SUCCESS
 ||[1.57644437 4.15919366 1.05499803 0.97930986 2.53849153 3.09872773
 1.55028581 2.87939494 1.83264911 1.59412904 3.17353967 2.03344557
 2.12609915 4.88466232 2.72041721 5.93323435 0.73917427 1.49376437
 2.31048147 3.61874365 0.6369533  4.25884902 2.744474   5.25332028
 0.6808023  1.87971487 0.02293429 6.13159048 0.69438239 4.57053122
 1.691471   3.73098944 1.657005   5.18849134]
 ||second
 ||