optimal function value: 34.11246652
optimal value: [0. 0. 0. 1. 1. 0. 0. 0. 0. 1. 0. 0. 0. 0. 1. 0.]
status: SUCCESS
 ||[1.42221077 5.32497289 2.39961286 1.60334582 1.5561135  2.8239829
 2.04546419 4.97247774 0.31846899 0.18163575 3.58244074 2.749164
 2.3529911  0.01318503 1.39901342 4.53340626 0.71440378 5.94284072
 2.83220063 1.19352578 0.08020189 3.40114663 2.95110926 2.39509458
 0.67995873 2.6517669  0.09101388 1.39332624 1.37585414 3.11516118
 0.73182213 1.45067869 0.68734196 2.88807962 0.91019029 0.13428125
 3.63075123 3.49810656]
 ||optimal function value: 34.11246652
optimal value: [0. 0. 0. 1. 1. 0. 0. 0. 0. 1. 0. 0. 0. 0. 1. 0.]
status: SUCCESS
 ||[1.42221077 5.32497289 2.39961286 1.60334582 1.5561135  2.8239829
 2.04546419 4.97247774 0.31846899 0.18163575 3.58244074 2.749164
 2.3529911  0.01318503 1.39901342 4.53340626 0.71440378 5.94284072
 2.83220063 1.19352578 0.08020189 3.40114663 2.95110926 2.39509458
 0.67995873 2.6517669  0.09101388 1.39332624 1.37585414 3.11516118
 0.73182213 1.45067869 0.68734196 2.88807962 0.91019029 0.13428125
 3.63075123 3.49810656]
 ||