optimal function value: 87.33848693000002
optimal value: [0. 0. 0. 1. 0. 0. 0. 0. 1. 1. 0. 0. 0. 0. 1. 0.]
status: SUCCESS
 ||[2.42118683 3.51715478 2.90345276 3.92576791 2.59542818 3.69066603
 0.58011916 3.21642561 1.97883364 4.98242403 0.29570641 2.90632171
 0.28485078 5.08714833 2.17850575 1.26315593 3.08567981 6.06178852
 2.05437459 3.86767881 0.49475443 0.0942422  1.65992436 0.37419077
 0.59757207 2.52019989 0.09452265 2.91501105 1.38395883 5.29313731
 1.63086516 4.02305991 1.57008615 4.16229711 1.43674474 1.74774531
 3.13422655 6.25611997]
 ||optimal function value: 87.33848693000002
optimal value: [0. 0. 0. 1. 0. 0. 0. 0. 1. 1. 0. 0. 0. 0. 1. 0.]
status: SUCCESS
 ||[2.42118683 3.51715478 2.90345276 3.92576791 2.59542818 3.69066603
 0.58011916 3.21642561 1.97883364 4.98242403 0.29570641 2.90632171
 0.28485078 5.08714833 2.17850575 1.26315593 3.08567981 6.06178852
 2.05437459 3.86767881 0.49475443 0.0942422  1.65992436 0.37419077
 0.59757207 2.52019989 0.09452265 2.91501105 1.38395883 5.29313731
 1.63086516 4.02305991 1.57008615 4.16229711 1.43674474 1.74774531
 3.13422655 6.25611997]
 ||