optimal function value: 30.655645410000005
optimal value: [0. 1. 0. 0. 1. 0. 0. 0. 0. 0. 0. 1. 0. 0. 1. 0.]
status: SUCCESS
 ||[3.15217568 4.93326211 2.63399982 3.15525675 1.21885653 6.25074643
 1.91548944 0.90780596 0.78754182 1.61270529 0.99317252 1.64188796
 0.29201623 1.96741851 0.98233017 3.55558791 1.62562326 1.43799976
 0.64350579 3.3120028  1.11815273 4.55498185 2.45286661 2.57732801
 0.30028836 4.5050492  2.32045034 2.48275393 1.99774982 1.85804099
 2.84389241 6.27914485]
 ||optimal function value: 30.655645410000005
optimal value: [0. 1. 0. 0. 1. 0. 0. 0. 0. 0. 0. 1. 0. 0. 1. 0.]
status: SUCCESS
 ||[3.15217568 4.93326211 2.63399982 3.15525675 1.21885653 6.25074643
 1.91548944 0.90780596 0.78754182 1.61270529 0.99317252 1.64188796
 0.29201623 1.96741851 0.98233017 3.55558791 1.62562326 1.43799976
 0.64350579 3.3120028  1.11815273 4.55498185 2.45286661 2.57732801
 0.30028836 4.5050492  2.32045034 2.48275393 1.99774982 1.85804099
 2.84389241 6.27914485]
 ||