optimal function value: 48.697738310000005
optimal value: [0. 0. 0. 1. 1. 0. 0. 0. 0. 1. 0. 0. 0. 0. 1. 0.]
status: SUCCESS
 ||[1.61126356 6.105954   1.28325871 5.53229322 0.99720852 1.36769651
 3.20766509 2.41472752 1.9888771  2.8709068  1.37278883 3.10044208
 0.56423362 5.20826103 0.23403863 1.45157615 0.00863903 1.64460674
 1.24491144 5.47963859 1.14954141 0.68024967 0.75827798 6.20009787
 0.13707287 3.80808508 1.14257228 4.11883189 1.02077007 4.25769328
 1.49863607 4.06479533 2.79698205 3.6165245  0.4410077  0.40279292]
 ||first
 ||