optimal function value: 88.60230198000002
optimal value: [0. 0. 0. 0. 0. 0. 0. 1. 0. 0. 1. 0. 0. 1. 0. 0.]
status: SUCCESS
 ||[ 1.34033152  6.12905154  2.3159364   1.85431092  1.33772705  2.33549632
  2.10459549  4.69366232 -0.00650446  0.24767868  2.4282369   3.52921111
  2.16120975 -0.02280042  2.4212472   4.41691178  1.74932682  5.87565678
  2.79196534  0.19027812 -0.03925322  3.28527038  3.97414524  2.30782199
  0.55805323  2.54713749 -0.07332924  1.23180586  1.19288224  2.96488046
  0.57526191  1.40732561  0.62405708  2.78580268  0.71488176  0.02946285
  2.51351199  3.45267587]
 ||first
 ||