optimal function value: 91.83066781999995
optimal value: [0. 0. 1. 0. 0. 1. 0. 0. 0. 0. 0. 1. 0. 1. 0. 0.]
status: SUCCESS
 ||[0.74230899 0.64233817 1.23913722 0.97421873 0.21087531 2.52652044
 2.88194289 6.03032347 2.40016762 1.3960196  1.68642598 1.74011331
 0.54312185 0.66306344 0.67320003 5.82401349 2.60158582 5.06565379
 2.50813839 1.20825361 0.97252584 3.93933247 2.29661815 5.37311984
 2.76406454 0.54030734 1.90097139 4.24311695 1.5975699  1.11830297
 1.48870106 0.54132195 2.92193342 5.43856229 1.7184407  1.88928312
 2.86265406 3.60455289 2.77785008 5.31871477]
 ||first
 ||