optimal function value: 100.12234866
optimal value: [0. 0. 1. 0. 1. 0. 0. 0. 0. 0. 0. 0. 0. 1. 0. 1.]
status: SUCCESS
 ||[2.01734408 0.94778998 2.04498608 0.45511037 1.68348682 3.29765797
 1.18227316 3.18827733 0.11779675 2.72467591 0.21944957 0.56999219
 1.33368464 5.19524252 0.38892387 1.40269938 1.97115917 5.95465664
 1.8131132  2.4922988  3.06691345 0.29276796 2.6969511  1.81961798
 0.45315416 0.74016385 0.96916808 5.12794516 0.56778742 3.65431198
 2.00719402 2.33981993 1.72079341 0.39451872 0.18722645 1.29409213
 2.13756737 2.6866696  0.986909   3.67919224]
 ||second
 ||