optimal function value: 116.92786546999997
optimal value: [0. 0. 1. 0. 0. 0. 0. 1. 1. 0. 0. 0. 1. 0. 0. 0.]
status: SUCCESS
 ||[1.7323862  3.43840025 1.15155195 3.7864855  2.00832231 0.40955518
 0.53580592 5.25898823 0.81412726 1.47080812 3.12399339 3.95539101
 2.62252139 2.9663574  2.0158189  0.94626192 1.98774089 5.45320408
 1.63540934 4.65605026 3.11074117 0.39796649 2.37774053 3.70849234
 0.94154827 0.1878669  2.7184813  2.96175706 2.25422122 5.52122849
 2.23534158 6.78906052 1.23311679 5.02525759 1.39104061 5.86922951]
 ||second
 ||