optimal function value: 32.55298180999998
optimal value: [0. 1. 0. 0. 0. 0. 0. 1. 0. 0. 1. 0. 1. 0. 0. 0.]
status: SUCCESS
 ||[4.0316831  0.07034769 3.31176223 0.97942503 3.09769657 0.10317634
 3.75900614 5.27942032 2.69288831 6.28157136 0.75842575 2.1250912
 2.22596691 1.76381359 0.82555632 1.43416994 2.6959477  5.49252616
 3.50430824 1.40346279 2.91941961 4.21566103 0.72246087 2.85785378
 1.31630569 0.48989744 1.77003348 2.25932047 1.80877063 5.84185166
 2.02485425 3.54275283 2.71325723 6.25243811 1.5405223  5.93658405
 0.05754244 0.88193881 0.53921989 6.89447024]
 ||