optimal function value: 65.88913043
optimal value: [0. 1. 0. 0. 0. 0. 0. 0. 1. 0. 0. 0. 0. 0. 0. 1.]
status: SUCCESS
 ||[2.49235834e+00 5.16447208e+00 1.52378545e+00 1.64381746e+00
 1.42360398e-03 4.16462022e+00 1.47732413e+00 4.77351952e+00
 1.17232424e+00 4.83893622e+00 1.85671789e+00 5.03858548e+00
 2.29280730e+00 2.60127391e+00 1.69113507e+00 4.28541352e+00
 6.06288901e-01 3.47846379e+00 2.52937933e+00 1.66832550e+00
 2.52384898e+00 4.30832030e+00 2.65237454e+00 2.10854031e+00
 2.92560355e-01 5.02833534e+00 2.52830238e+00 2.79733961e+00
 2.94670077e-01 1.23880966e+00 2.99466884e+00 1.82959786e+00
 2.98882623e+00 3.69808313e+00 6.31045872e-01 4.11801617e+00
 1.13216940e+00 5.86056670e+00]
 ||optimal function value: 65.88913043
optimal value: [0. 1. 0. 0. 0. 0. 0. 0. 1. 0. 0. 0. 0. 0. 0. 1.]
status: SUCCESS
 ||[2.49235834e+00 5.16447208e+00 1.52378545e+00 1.64381746e+00
 1.42360398e-03 4.16462022e+00 1.47732413e+00 4.77351952e+00
 1.17232424e+00 4.83893622e+00 1.85671789e+00 5.03858548e+00
 2.29280730e+00 2.60127391e+00 1.69113507e+00 4.28541352e+00
 6.06288901e-01 3.47846379e+00 2.52937933e+00 1.66832550e+00
 2.52384898e+00 4.30832030e+00 2.65237454e+00 2.10854031e+00
 2.92560355e-01 5.02833534e+00 2.52830238e+00 2.79733961e+00
 2.94670077e-01 1.23880966e+00 2.99466884e+00 1.82959786e+00
 2.98882623e+00 3.69808313e+00 6.31045872e-01 4.11801617e+00
 1.13216940e+00 5.86056670e+00]
 ||