optimal function value: 34.11246652
optimal value: [0. 1. 0. 0. 0. 0. 1. 0. 0. 0. 0. 1. 1. 0. 0. 0.]
status: SUCCESS
 ||[0.74282365 0.64826518 1.24435719 1.97493898 0.207575   2.52393517
 3.88525262 6.03022916 2.40467209 1.39460482 1.68451243 1.73749593
 0.54308587 0.66881081 1.67337261 6.82882916 2.60731509 5.06779534
 2.51194083 1.21293924 0.97083863 3.94058202 2.29828907 5.37140433
 2.76528337 0.54398874 1.90143653 4.2205296  1.5892002  1.11695043
 1.48729693 1.55881955 2.93660153 5.43842815 1.71934021 1.88626127
 2.86387936 3.59009065 2.77859643 5.32378913]
 ||