optimal function value: 87.33848693000002
optimal value: [0. 1. 0. 0. 0. 0. 0. 0. 1. 0. 0. 0. 0. 0. 1. 1.]
status: SUCCESS
 ||[2.42660128 3.52820626 2.90609536 2.92485624 2.62358038 3.71153965
 0.57713141 3.21323575 2.97077804 4.98019806 0.29349892 2.91599226
 0.39901577 5.08228828 2.17423352 0.25918138 3.08117799 6.0540842
 2.05211781 3.90827505 0.51478545 0.10188943 1.88078652 0.36841352
 0.59251503 1.51780258 0.09561862 2.91122001 1.38209205 5.28833936
 1.62659398 4.022882   1.56475283 4.15868365 1.47835819 1.7464511
 3.1275395  6.26370512 2.63584613 4.44488465]
 ||