optimal function value: 70.08851390000001
optimal value: [1. 0. 0. 0. 0. 0. 0. 1. 0. 0. 0. 1. 0. 1. 0. 0.]
status: SUCCESS
 ||[0.71227761 6.04627003 0.39710425 4.42865569 0.26770874 1.55468712
 4.13881949 1.31567966 3.01652241 2.88491531 1.42359978 3.11011483
 0.60393936 5.21855028 0.2810594  1.47140076 0.06281443 1.6761557
 1.2806961  5.66785316 1.19089838 0.7145944  0.81171686 6.23046248
 0.19819361 3.89656154 1.18504238 4.15209997 1.06313161 4.34360731
 1.56316198 4.08238999 2.83182622 3.65393412 0.44656394 0.40446138
 2.97213999 3.07041365]
 ||optimal function value: 70.08851390000001
optimal value: [1. 0. 0. 0. 0. 0. 0. 1. 0. 0. 0. 1. 0. 1. 0. 0.]
status: SUCCESS
 ||[0.71227761 6.04627003 0.39710425 4.42865569 0.26770874 1.55468712
 4.13881949 1.31567966 3.01652241 2.88491531 1.42359978 3.11011483
 0.60393936 5.21855028 0.2810594  1.47140076 0.06281443 1.6761557
 1.2806961  5.66785316 1.19089838 0.7145944  0.81171686 6.23046248
 0.19819361 3.89656154 1.18504238 4.15209997 1.06313161 4.34360731
 1.56316198 4.08238999 2.83182622 3.65393412 0.44656394 0.40446138
 2.97213999 3.07041365]
 ||