optimal function value: 100.12234866
optimal value: [0. 0. 1. 0. 1. 0. 0. 0. 0. 0. 0. 0. 0. 1. 0. 1.]
status: SUCCESS
 ||[ 1.60157247  5.23498466  1.00466269  1.1234409   1.50021008  3.06374661
  1.41930963  2.78602728  0.58472924  1.49396505  2.38581918  2.00676749
  2.0585981   4.92234838  2.6408042   5.86617097  0.69132462  1.32632076
  2.27394507  3.51511651  0.57034571  4.15734945  2.63338889  5.15801174
  0.582914    1.78485668 -0.01241025  6.02953194  0.58689922  4.49651131
  1.63114846  3.65467497  1.45209279  5.43148911  1.76737689  1.84862398
  0.14832801  2.99527084  2.79544331  0.80440851]
 ||second
 ||