optimal function value: 66.57253768999999
optimal value: [1. 1. 0. 0. 0. 0. 0. 0. 0. 0. 1. 0. 0. 0. 0. 1.]
status: SUCCESS
 ||[2.48846596 5.12400044 3.09994542 1.89986239 0.03863142 2.35834076
 0.85814088 5.09804756 2.17051286 3.78658444 1.75750296 4.15671868
 0.45029981 2.77306335 0.50671647 5.69144226 0.18341117 5.15110655
 0.23011775 5.31440331 1.06467539 2.55055768 2.65352321 0.10791222
 0.40077665 5.88279367 1.5982265  0.56917006 3.08933269 5.94642279
 0.35224227 2.65634767 0.42286433 1.96276343]
 ||second
 ||