optimal function value: 117.39362593999999
optimal value: [0. 0. 1. 0. 0. 0. 0. 1. 0. 1. 0. 0. 0. 0. 1. 0.]
status: SUCCESS
 ||[2.95661681e+00 5.66162510e+00 2.49844946e+00 5.92129550e+00
 3.57468091e+00 5.79536733e+00 9.12369153e-02 3.92317290e+00
 2.96206408e+00 4.08160205e+00 2.83041605e+00 1.71118513e+00
 1.47330286e+00 1.54951486e+00 1.70824460e+00 3.60642674e+00
 4.11714384e-02 1.36154792e+00 8.78004212e-01 5.75750012e+00
 2.40584486e+00 1.00256690e+00 2.50468944e+00 8.72269300e-01
 1.93987437e+00 7.94429374e-01 6.36699148e-03 5.47477066e+00
 6.57997112e-01 1.35458619e+00 3.08667775e+00 5.48098514e+00
 9.09174332e-01 6.04058587e+00 1.69396690e+00 4.25917342e+00
 6.43771827e-01 6.91242002e+00 2.16958946e+00 6.07343699e+00]
 ||second
 ||