optimal function value: 92.79299527
optimal value: [0. 1. 1. 0. 1. 0. 0. 0. 0. 0. 0. 0. 0. 0. 0. 1.]
status: SUCCESS
 ||[2.8501294  4.31359454 2.40827507 5.6734755  0.82901999 3.98580112
 2.85027933 6.48260792 1.79774077 2.06108748 1.29515639 6.24038899
 1.32593082 2.00701225 2.97890336 2.82443105 0.6527118  1.99779966
 2.84899136 2.11564681 2.29963018 3.94262968 2.53020494 3.09126153
 0.25576516 3.60077127 0.10938062 0.83930375 0.59627018 4.35636048
 0.88962132 4.33573667 0.51192193 0.7391815  0.07164936 4.4337228
 2.69466894 1.37666604]
 ||second
 ||