optimal function value: 66.14353598000002
optimal value: [1. 0. 1. 0. 0. 0. 0. 0. 0. 1. 0. 0. 0. 0. 0. 1.]
status: SUCCESS
 ||[1.71303062 6.04698279 0.39908461 4.42910928 0.26608292 1.55529672
 3.13930097 1.31304341 2.01706943 2.88324291 1.42552325 3.10946867
 0.6009216  5.21608976 0.27878287 1.47377808 0.06572751 1.67198216
 1.2819298  5.62846276 1.18995965 0.72414659 0.81138295 6.23234063
 0.19958554 3.89878753 1.2271797  4.13306787 1.06457761 4.34276511
 1.56206775 4.08327784 2.83167532 3.65513925 0.44282339 0.40488535
 2.97470625 3.07386387 0.60823053 6.94615614]
 ||second
 ||