optimal function value: 85.50720347000001
optimal value: [0. 0. 1. 0. 1. 0. 0. 0. 0. 0. 0. 0. 0. 1. 0. 0.]
status: SUCCESS
 ||[1.45457072 2.34552443 1.43565343 5.44465384 0.02016406 3.15906443
 2.82211047 0.50817406 1.74158325 3.87448495 0.12888063 2.38145386
 2.20898573 2.8401319  2.27781815 0.98745097 0.74784285 0.69723078
 1.59053534 5.80456299 1.85505285 4.86527048 1.20520514 4.68837047
 0.3194032  1.82845924 2.11816157 4.55972806 1.3250808  0.55107802
 0.83796041 1.31875097 0.88341771 6.08629329]
 ||first
 ||