optimal function value: 102.48571131999998
optimal value: [0. 1. 0. 0. 0. 0. 1. 0. 1. 0. 0. 1. 0. 0. 0. 0.]
status: SUCCESS
 ||[ 2.91479252e+00  4.41467285e+00  2.53347693e+00  6.07328906e+00
  2.41326810e+00  5.67736912e+00  1.28055948e+00  2.81513731e+00
  2.69708050e+00  4.04960816e+00  2.81131876e+00  6.70762376e-01
  1.47107463e+00  1.52005126e+00  1.69673073e+00  3.59823018e+00
  3.25655513e-03  1.35098272e+00  7.59818834e-01  5.71046246e+00
  2.37628394e+00  9.66556561e-01  2.44954495e+00  8.37862440e-01
  1.92692393e+00  7.92962346e-01 -2.94557656e-02  5.44005477e+00
  6.23295101e-01  1.40913411e+00  3.04494372e+00  5.44153501e+00]
 ||first
 ||