optimal function value: 123.73704050999999
optimal value: [1. 0. 0. 0. 0. 0. 0. 1. 0. 1. 1. 0. 0. 0. 0. 0.]
status: SUCCESS
 ||[3.84510812 5.31182213 2.40808544 5.68390321 0.81628939 4.99434384
 2.8429696  5.47973635 1.79989275 1.06420247 2.29275255 6.24452036
 0.32430463 2.0052099  2.98462573 2.82351727 0.65565177 1.99119533
 2.8546536  2.10846136 1.34266735 3.94385251 2.53086597 3.09202317
 0.25597633 3.60159126 0.11021244 0.59388622 0.59799977 4.35698512
 0.89063234 4.33697114 0.51319657 0.73955956 0.07337107 4.43452833]
 ||second
 ||