optimal function value: 97.34933445000001
optimal value: [0. 0. 0. 1. 0. 1. 0. 0. 0. 1. 0. 0. 1. 0. 0. 0.]
status: SUCCESS
 ||[3.49205966e+00 6.16493197e+00 1.52328165e+00 1.64257764e+00
 2.22674943e-03 4.16383604e+00 1.47713782e+00 4.77229352e+00
 1.17412415e+00 4.83982797e+00 1.85756062e+00 5.03852688e+00
 2.29288064e+00 2.60068394e+00 2.69086925e+00 4.28577879e+00
 6.06291920e-01 3.47822537e+00 2.52908837e+00 1.66889350e+00
 2.52402977e+00 5.30915720e+00 2.65182580e+00 2.10877927e+00
 2.91998409e-01 5.02853920e+00 2.52968447e+00 2.79740527e+00
 1.29456438e+00 1.23855063e+00 1.99432724e+00 1.82944882e+00
 2.98901298e+00 3.69860421e+00 6.31678567e-01 4.11900247e+00]
 ||second
 ||