optimal function value: 66.31815352000001
optimal value: [0. 0. 1. 0. 0. 0. 1. 0. 0. 1. 0. 0. 1. 0. 0. 0.]
status: SUCCESS
 ||[1.74535021 1.63153398 1.20690041 0.91457188 0.22596559 2.73485324
 3.06836525 4.99950014 2.33660012 1.39239932 1.66120855 1.72274611
 0.70486062 0.66188338 0.62362609 6.03877449 2.60359227 5.15330565
 2.51314947 1.20420553 0.96076008 3.93426181 2.26412227 5.36137478
 2.75750363 0.53724579 1.89742708 4.20990871 1.56276745 1.09069699
 1.65415256 0.54305456 2.86541822 5.37210244]
 ||second
 ||