optimal function value: 30.655645410000005
optimal value: [0. 0. 0. 1. 1. 0. 0. 0. 0. 1. 0. 0. 0. 0. 1. 0.]
status: SUCCESS
 ||[1.78280955 2.70712802 2.8248728  1.29905204 2.56592069 5.18003777
 2.04348031 0.99612619 1.62642624 2.0566924  0.7801539  5.98885135
 3.54880963 0.33155055 2.54723528 3.63463557 2.04555842 1.78097688
 3.12080029 2.86944226 2.15413238 4.15625181 0.4145979  4.82378398
 3.08304123 6.08868369 1.92651881 0.27638283 0.01037506 0.84022503
 2.95483178 1.90172762 1.14909708 5.64186192]
 ||first
 ||