optimal function value: 62.24957653000001
optimal value: [0. 1. 0. 0. 0. 0. 0. 0. 0. 0. 0. 1. 1. 0. 0. 0.]
status: SUCCESS
 ||[1.50655328e+00 4.66071002e+00 3.49837738e+00 5.92143881e+00
 2.34033306e+00 6.74666106e+00 3.07757527e-01 2.91366256e+00
 2.96326062e+00 4.04416984e+00 2.82974380e+00 7.11225850e-01
 1.47155770e+00 2.54798618e+00 1.70852674e+00 3.60613376e+00
 4.10115835e-02 1.36203457e+00 8.78565051e-01 5.75734770e+00
 2.40442472e+00 1.00193625e+00 2.50443896e+00 8.71844341e-01
 1.93990621e+00 7.96484791e-01 5.16258541e-03 5.47535715e+00
 6.57938891e-01 1.35506329e+00 3.08639090e+00 5.48146037e+00
 9.09184095e-01 7.04061841e+00]
 ||optimal function value: 62.24957653000001
optimal value: [0. 1. 0. 0. 0. 0. 0. 0. 0. 0. 0. 1. 1. 0. 0. 0.]
status: SUCCESS
 ||[1.50655328e+00 4.66071002e+00 3.49837738e+00 5.92143881e+00
 2.34033306e+00 6.74666106e+00 3.07757527e-01 2.91366256e+00
 2.96326062e+00 4.04416984e+00 2.82974380e+00 7.11225850e-01
 1.47155770e+00 2.54798618e+00 1.70852674e+00 3.60613376e+00
 4.10115835e-02 1.36203457e+00 8.78565051e-01 5.75734770e+00
 2.40442472e+00 1.00193625e+00 2.50443896e+00 8.71844341e-01
 1.93990621e+00 7.96484791e-01 5.16258541e-03 5.47535715e+00
 6.57938891e-01 1.35506329e+00 3.08639090e+00 5.48146037e+00
 9.09184095e-01 7.04061841e+00]
 ||