optimal function value: 57.01858385
optimal value: [0. 1. 0. 0. 0. 0. 0. 0. 0. 0. 1. 0. 1. 0. 0. 0.]
status: SUCCESS
 ||[1.50516381 4.13428497 3.09273739 0.89552191 1.03718008 3.36219276
 0.8701159  5.07938054 2.15988982 3.78542394 1.7423869  4.16060435
 0.43770355 2.75796728 0.49652635 5.69627932 0.15076707 5.138314
 0.21240753 4.32245466 1.05375687 2.51199928 2.64174203 0.08180539
 0.18189122 5.72036129 1.61079101 0.53720539 3.08062973 6.18017342
 0.39786446 2.6558786  0.42190214 1.96197891 1.94953206 1.02536104]
 ||second
 ||