optimal function value: 87.37602608000003
optimal value: [0. 1. 0. 0. 1. 0. 1. 0. 0. 0. 0. 0. 0. 0. 0. 1.]
status: SUCCESS
 ||[2.84392665 4.31048433 3.4081465  5.68486729 0.81643295 3.99498817
 2.84290604 5.48106181 1.80137868 1.06460237 1.29972606 6.24115118
 1.35011599 2.02127951 2.98624194 2.82490549 1.65492586 1.99174209
 2.83159545 2.11754965 1.34554548 3.9480466  2.50085337 3.11518015
 0.22445419 3.62397749 1.13349245 0.5939796  0.59863808 4.35639946
 0.89160016 4.33704031 0.51441017 0.73865578 0.07411395 4.43496623]
 ||second
 ||