optimal function value: 116.92786546999997
optimal value: [0. 0. 1. 0. 0. 0. 0. 1. 1. 0. 0. 0. 1. 0. 0. 0.]
status: SUCCESS
 ||[3.00346444 5.95538987 0.177643   1.53325631 2.62485498 5.62424245
 2.10402096 1.93608952 2.90361575 3.81263502 1.82594239 0.99515541
 1.35297932 2.47267844 2.27145967 6.25064312 3.98263294 3.41914744
 1.39754709 1.68539345 0.11288328 0.17244876 1.46047054 2.00098236
 1.19386473 5.60329651 1.65170762 3.52178615 0.74178067 1.14990322
 1.0214419  0.85890311 1.60292284 6.27489216 2.11893352 1.14256826
 2.80724137 5.00617714]
 ||second
 ||