optimal function value: 84.66180500000002
optimal value: [0. 0. 0. 0. 0. 1. 0. 0. 0. 0. 0. 1. 1. 0. 0. 0.]
status: SUCCESS
 ||[2.43056246 3.46893583 2.85542269 3.95748546 1.53363634 3.73500019
 0.62185277 3.18452017 1.94889458 6.00788138 0.30685284 1.83334878
 0.26514049 5.53001218 2.35398508 0.24734916 3.07666358 7.06246882
 2.04638553 3.85670752 0.48916793 0.0878853  1.65884827 0.53401751
 0.58713684 1.5092201  0.08376391 2.90907417 1.37562819 5.28261602
 1.61996736 4.00191886 1.37695972 4.14319361 1.43051821 1.73727023]
 ||second
 ||