optimal function value: 70.08851390000001
optimal value: [0. 1. 0. 0. 1. 0. 0. 0. 0. 0. 1. 0. 0. 0. 1. 0.]
status: SUCCESS
 ||[1.49242461 3.31355564 0.42239434 6.47885893 0.02189782 3.15945159
 3.75580845 0.56248696 1.77550862 3.87843975 0.16936718 2.43667594
 2.23521964 2.77540706 2.32396655 1.00989851 0.712121   0.76136123
 1.55048706 5.83903235 1.89719967 4.86867838 1.24884839 4.70046452
 0.35973878 1.91681765 2.19371161 4.60931137 1.34216763 0.61273542
 0.85106806 1.37126547 0.95772653 5.52099911 0.4910432  5.46258159
 3.60936162 0.33767666 1.18436674 3.14953206]
 ||