optimal function value: 81.38621155999999
optimal value: [0. 1. 0. 0. 0. 0. 0. 0. 1. 0. 1. 0. 0. 0. 0. 1.]
status: SUCCESS
 ||[2.49873943e+00 5.16271005e+00 1.52577144e+00 1.64700906e+00
 2.46350264e-03 4.16712716e+00 1.47874272e+00 5.76982365e+00
 1.17455002e+00 4.85890012e+00 8.52394931e-01 5.04059981e+00
 2.28553551e+00 2.59813949e+00 1.68987636e+00 4.27931941e+00
 6.09543967e-01 3.57886330e+00 2.44977249e+00 1.67252012e+00
 2.52914463e+00 4.30710835e+00 2.65252946e+00 2.10704449e+00
 2.93512655e-01 5.02325009e+00 2.52582446e+00 2.79266213e+00
 2.93499561e-01 1.23445467e+00 1.99476679e+00 1.82601026e+00
 2.98413320e+00 3.69647942e+00]
 ||optimal function value: 81.38621155999999
optimal value: [0. 1. 0. 0. 0. 0. 0. 0. 1. 0. 1. 0. 0. 0. 0. 1.]
status: SUCCESS
 ||[2.49873943e+00 5.16271005e+00 1.52577144e+00 1.64700906e+00
 2.46350264e-03 4.16712716e+00 1.47874272e+00 5.76982365e+00
 1.17455002e+00 4.85890012e+00 8.52394931e-01 5.04059981e+00
 2.28553551e+00 2.59813949e+00 1.68987636e+00 4.27931941e+00
 6.09543967e-01 3.57886330e+00 2.44977249e+00 1.67252012e+00
 2.52914463e+00 4.30710835e+00 2.65252946e+00 2.10704449e+00
 2.93512655e-01 5.02325009e+00 2.52582446e+00 2.79266213e+00
 2.93499561e-01 1.23445467e+00 1.99476679e+00 1.82601026e+00
 2.98413320e+00 3.69647942e+00]
 ||