optimal function value: 77.94725848000002
optimal value: [0. 0. 0. 1. 0. 0. 0. 0. 0. 1. 0. 0. 1. 0. 0. 0.]
status: SUCCESS
 ||[ 1.95814139  4.66245144  3.49853196  6.90995858  2.07461315  5.79502625
  0.0913388   2.92250342  2.96121409  4.07716267  2.83055834  1.71048234
  1.47264463  1.55371628  1.70758893  3.60071054  0.03906577  1.36083589
  0.8775669   5.75797192  2.40706508  1.00236728  2.5023821   0.8688861
  1.96190653  0.79744898 -0.03798604  5.47729203  0.65672187  1.38957772
  3.07686041  5.47259158  1.90122202  6.04073328  1.69316567  4.2564772
  0.64276731  5.91174146  2.16791975  6.07292629]
 ||first
 ||