optimal function value: 123.73704050999999
optimal value: [0. 1. 1. 0. 1. 0. 0. 0. 0. 0. 0. 1. 0. 0. 0. 0.]
status: SUCCESS
 ||[0.33571205 4.41457328 2.04856685 6.90823709 0.85205721 1.60705495
 3.30605636 4.13706586 0.95141898 5.29928773 1.24624795 4.88529361
 0.37183207 1.40302914 2.85764312 2.24135591 1.81790133 5.05324596
 1.98454754 0.9405904  1.73330306 4.15894994 0.52417934 5.10074686
 0.38631867 2.11772295 0.26139495 1.28441787 3.07267233 2.53612436
 3.11129399 2.7563876  1.90866727 5.48269366 2.15792309 0.70076567]
 ||second
 ||