optimal function value: 30.655645410000005
optimal value: [1. 0. 0. 0. 0. 1. 0. 0. 0. 0. 1. 0. 0. 0. 0. 1.]
status: SUCCESS
 ||[2.84502292 4.31181112 2.40768922 5.68274433 0.81580632 3.99442132
 2.842902   5.47973419 1.79970555 1.06410917 1.29393842 6.24433499
 0.32382829 2.00558402 3.98443122 2.82355793 0.65569152 1.99040711
 2.85463675 2.10814124 1.34275271 3.94372821 2.53059783 3.09208001
 1.2559866  3.60147786 0.11025027 0.59350909 0.59805891 4.35763047
 0.88982341 4.33734523 0.51348925 0.73664439 0.07460993 4.43453237]
 ||optimal function value: 30.655645410000005
optimal value: [1. 0. 0. 0. 0. 1. 0. 0. 0. 0. 1. 0. 0. 0. 0. 1.]
status: SUCCESS
 ||[2.84502292 4.31181112 2.40768922 5.68274433 0.81580632 3.99442132
 2.842902   5.47973419 1.79970555 1.06410917 1.29393842 6.24433499
 0.32382829 2.00558402 3.98443122 2.82355793 0.65569152 1.99040711
 2.85463675 2.10814124 1.34275271 3.94372821 2.53059783 3.09208001
 1.2559866  3.60147786 0.11025027 0.59350909 0.59805891 4.35763047
 0.88982341 4.33734523 0.51348925 0.73664439 0.07460993 4.43453237]
 ||