optimal function value: 24.800655089999992
optimal value: [0. 0. 0. 1. 0. 0. 1. 0. 0. 1. 0. 0. 1. 0. 0. 0.]
status: SUCCESS
 ||[2.128407   4.93249108 2.63482066 4.46259277 1.23600754 6.26331406
 0.90855743 0.95614799 0.82020811 1.63600287 1.02809618 1.68341417
 0.33850909 2.04517631 0.9778485  3.57670861 0.63339322 0.44468684
 1.63668427 3.40880032 1.22065271 4.60818907 2.52286696 2.60390813
 0.31158195 4.57434922 2.37432763 2.48826777 2.06835893 1.87859502
 2.87404747 5.23868761 2.48728582 5.99398079 0.73166854 3.42593948]
 ||second
 ||