optimal function value: 100.65810669000001
optimal value: [0. 0. 1. 0. 0. 1. 0. 0. 1. 0. 0. 0. 0. 0. 0. 0.]
status: SUCCESS
 ||[3.03076015 1.06570148 2.31152041 0.96534326 3.08340679 0.12829149
 2.75629462 4.26808008 3.70325648 6.27000965 0.73478918 2.10953577
 2.19837095 1.76953647 0.85970373 1.39519112 3.14945611 5.64053777
 2.4708128  1.36601121 2.86561944 3.18324679 0.68504196 2.82366761
 1.27563141 0.46904317 1.74270045 2.22495427 1.75725147 5.80919442
 1.99065915 2.50779665 3.67671573 6.2527524  1.53550881 5.93161487]
 ||second
 ||