optimal function value: 37.817205
optimal value: [0. 0. 1. 0. 1. 0. 0. 0. 0. 0. 0. 1. 0. 1. 0. 0.]
status: SUCCESS
 ||[3.49235456e+00 6.16448570e+00 2.52379635e+00 1.64380978e+00
 1.40608183e-03 4.16460811e+00 1.47734778e+00 4.77353978e+00
 2.17230326e+00 5.83892856e+00 8.56713218e-01 5.03858103e+00
 3.29284914e+00 2.60128147e+00 1.69114591e+00 4.28541127e+00
 6.06273715e-01 3.47845976e+00 2.52935789e+00 1.66831533e+00
 2.52387240e+00 4.30833511e+00 2.65236691e+00 2.10849941e+00
 2.92608203e-01 5.02834950e+00 2.52831236e+00 2.79737277e+00
 2.94627736e-01 1.23880893e+00 2.99462439e+00 1.82957776e+00]
 ||optimal function value: 70.08851390000001
optimal value: [1. 0. 0. 0. 0. 0. 0. 1. 0. 1. 0. 0. 0. 0. 0. 1.]
status: SUCCESS
 ||[3.49236262e+00 6.16445818e+00 2.52380383e+00 1.64381429e+00
 1.40559194e-03 4.16460927e+00 1.47733039e+00 4.77355664e+00
 2.17228773e+00 5.83892597e+00 8.56684611e-01 5.03859741e+00
 3.29279969e+00 2.60128983e+00 1.69114104e+00 4.28545155e+00
 6.06291998e-01 3.47846120e+00 2.52940016e+00 1.66828168e+00
 2.52386324e+00 4.30831380e+00 2.65240582e+00 2.10852283e+00
 2.92590032e-01 5.02831206e+00 2.52830362e+00 2.79735500e+00
 2.94595110e-01 1.23884319e+00 2.99465998e+00 1.82955016e+00]
 ||