optimal function value: 34.11246652
optimal value: [0. 0. 1. 0. 0. 1. 0. 0. 1. 0. 0. 0. 0. 0. 0. 1.]
status: SUCCESS
 ||[2.13164026 4.93233519 1.63821616 3.2120656  1.23980569 6.26186652
 0.91169545 0.92856805 0.80114886 1.57935785 1.02985752 1.68027369
 0.339185   2.04200209 0.97662726 3.57797557 0.6303102  0.44712925
 0.63362814 3.41077903 1.21847324 4.61806086 2.5250338  2.60681258
 0.31006105 4.57805146 2.37271541 2.48661778 2.07095105 1.87710942
 2.87864657 5.3512517  2.42615546 5.99384796 0.73245428 3.42701315
 2.29825151 5.03660415 1.22736345 0.87124939]
 ||