optimal function value: 74.10710375999997
optimal value: [0. 1. 0. 0. 0. 0. 0. 0. 0. 0. 0. 1. 1. 0. 1. 0.]
status: SUCCESS
 ||[4.03240489 0.07323881 2.31137121 0.99404065 3.09866713 0.10607172
 2.76370081 4.28014248 2.69341872 6.28203072 0.75327881 2.12387539
 2.22487126 1.7629408  0.82682566 1.43670095 2.69496587 5.49486229
 2.50575779 1.40360778 2.90547362 3.21304948 0.72692715 2.86222026
 1.31906549 0.49608282 1.77400113 2.26174969 1.78953104 5.84474196
 2.028146   2.54529535 2.7130287  6.2528232  1.54020617 5.93776193
 0.0589043  0.88164194]
 ||optimal function value: 74.10710375999997
optimal value: [0. 1. 0. 0. 0. 0. 0. 0. 0. 0. 0. 1. 1. 0. 1. 0.]
status: SUCCESS
 ||[4.03240489 0.07323881 2.31137121 0.99404065 3.09866713 0.10607172
 2.76370081 4.28014248 2.69341872 6.28203072 0.75327881 2.12387539
 2.22487126 1.7629408  0.82682566 1.43670095 2.69496587 5.49486229
 2.50575779 1.40360778 2.90547362 3.21304948 0.72692715 2.86222026
 1.31906549 0.49608282 1.77400113 2.26174969 1.78953104 5.84474196
 2.028146   2.54529535 2.7130287  6.2528232  1.54020617 5.93776193
 0.0589043  0.88164194]
 ||