optimal function value: 70.38812845999996
optimal value: [0. 0. 0. 1. 0. 0. 0. 0. 0. 0. 1. 0. 1. 1. 0. 0.]
status: SUCCESS
 ||[1.43403647 3.51911882 2.91452453 3.92932373 1.58923602 3.67588577
 0.61731234 3.21919777 1.98272681 4.94552978 0.29917017 1.90989313
 0.28825044 5.08451867 2.17611524 0.2636956  3.09332981 6.0624204
 2.05499086 4.86508186 0.57278755 0.08258845 1.66280999 0.36574161
 0.59730249 1.50350474 0.09182901 2.90394174 1.38064557 5.29447376
 1.60992275 3.99599475 1.56018184 4.16199176 1.65957372 1.79902793
 3.13738506 6.25859527]
 ||optimal function value: 70.38812845999996
optimal value: [0. 0. 0. 1. 0. 0. 0. 0. 0. 0. 1. 0. 1. 1. 0. 0.]
status: SUCCESS
 ||[1.43403647 3.51911882 2.91452453 3.92932373 1.58923602 3.67588577
 0.61731234 3.21919777 1.98272681 4.94552978 0.29917017 1.90989313
 0.28825044 5.08451867 2.17611524 0.2636956  3.09332981 6.0624204
 2.05499086 4.86508186 0.57278755 0.08258845 1.66280999 0.36574161
 0.59730249 1.50350474 0.09182901 2.90394174 1.38064557 5.29447376
 1.60992275 3.99599475 1.56018184 4.16199176 1.65957372 1.79902793
 3.13738506 6.25859527]
 ||