optimal function value: 63.02959926
optimal value: [0. 0. 1. 0. 0. 0. 0. 0. 0. 0. 0. 1. 0. 1. 0. 0.]
status: SUCCESS
 ||[1.56946299 5.00921892 1.85597181 1.2287044  1.53786555 3.08906374
 1.49229164 2.86471483 0.81595077 1.57968623 2.15865434 2.02349471
 2.1050538  4.93100144 2.70547091 5.91649784 1.72187197 1.49161306
 2.30852369 3.6162328  0.63419695 4.25748078 2.743417   5.2513785
 0.6788734  1.87838771 0.02092346 6.13037322 0.69251493 4.56855193
 1.68992844 3.72881822 1.65478882 5.18695927 1.88473774 1.90499505
 0.36074458 2.99961778 2.8995435  0.91232332]
 ||