optimal function value: 23.895113699999996
optimal value: [0. 1. 0. 0. 0. 0. 0. 1. 0. 0. 1. 0. 1. 0. 0. 0.]
status: SUCCESS
 ||[4.05516254 1.09015576 2.29317255 0.96401118 3.07692185 0.09994573
 2.72935167 4.25548268 2.65604804 6.25674486 0.73782911 2.12447042
 3.23360757 1.7408434  0.80253643 1.40704932 3.70746299 5.45512627
 2.49439753 1.36189502 2.87279817 3.21746458 0.6789378  2.80810022
 1.27444711 0.44445925 1.7387424  2.21787403 1.75538259 5.7884382
 1.95893919 2.60105594 2.57902005 6.40025496 1.54050317 5.93637116
 0.05768799 0.88063526]
 ||second
 ||