optimal function value: 85.50720347000001
optimal value: [1. 0. 0. 0. 0. 0. 1. 0. 0. 0. 0. 0. 0. 0. 0. 1.]
status: SUCCESS
 ||[2.49236303e+00 5.16451246e+00 1.52375527e+00 1.64383575e+00
 1.42857766e-03 4.16459976e+00 1.47735255e+00 4.77353565e+00
 1.17232847e+00 4.83889113e+00 8.56684632e-01 5.03860090e+00
 2.29281569e+00 2.60131658e+00 1.69112141e+00 4.28545428e+00
 6.06278819e-01 3.47845143e+00 2.52937653e+00 2.66832016e+00
 2.52389448e+00 4.30828420e+00 2.65239879e+00 2.10851685e+00
 1.29264424e+00 5.02835546e+00 2.52830967e+00 2.79737687e+00
 2.94588972e-01 1.23882670e+00 1.99466591e+00 1.82956385e+00
 2.98878185e+00 3.69807646e+00 1.63106516e+00 4.11803991e+00]
 ||first
 ||