optimal function value: 51.381437919999996
optimal value: [1. 0. 0. 0. 0. 1. 0. 0. 0. 0. 1. 0. 0. 0. 0. 1.]
status: SUCCESS
 ||[ 1.6774384   5.47511605  0.45066054  4.441251    1.22070357  1.63092588
  3.36990411  0.93320598  3.28609548  2.46216133  1.10491651  2.83074829
  0.21393734  6.24013829  0.3204684   1.76113734 -0.1799772   1.65256826
  0.55404033  5.34523123  0.95756712  1.04061771  0.63659657  6.16951878
  0.18901494  3.8132839   1.00413197  5.11554934  1.0686532   5.38581999
  1.05423488  5.08434836]
 ||second
 ||