optimal function value: 66.29076064
optimal value: [0. 0. 0. 1. 0. 1. 0. 0. 1. 0. 1. 0. 0. 0. 0. 0.]
status: SUCCESS
 ||[3.49229513e+00 5.16440738e+00 1.52372746e+00 1.64370721e+00
 1.45527748e-03 4.16459675e+00 1.47725683e+00 4.77349370e+00
 1.17229913e+00 4.83888859e+00 8.56673651e-01 5.03846523e+00
 2.29286240e+00 2.60113251e+00 1.69118004e+00 4.28543269e+00
 6.06268434e-01 3.47844679e+00 2.52934456e+00 1.66826844e+00
 2.52380774e+00 4.30828360e+00 2.65239621e+00 2.10850691e+00
 2.92591982e-01 5.02843014e+00]
 ||first
 ||