optimal function value: 66.31815352000001
optimal value: [0. 1. 0. 0. 0. 0. 0. 1. 0. 0. 1. 0. 0. 1. 0. 0.]
status: SUCCESS
 ||[ 2.94175334e+00  4.63689290e+00  3.48234284e+00  5.69389273e+00
  2.37528962e+00  5.78821626e+00  9.06028113e-02  2.93412585e+00
  2.95107804e+00  4.07182572e+00  3.83853412e+00  6.96088336e-01
  1.47692014e+00  1.55895231e+00  1.66425750e+00  3.84496197e+00
  3.58328346e-02  1.35648213e+00  8.55865536e-01  5.75060715e+00
  2.39935203e+00  9.97817941e-01  2.49863894e+00  8.65651856e-01
  1.91805125e+00  7.89261187e-01 -8.36363534e-04  5.46976640e+00
  6.52788971e-01  1.34745230e+00  3.07960757e+00  5.47489768e+00]
 ||second
 ||