optimal function value: 65.76070403
optimal value: [0. 0. 0. 1. 1. 0. 0. 0. 0. 1. 0. 0. 0. 0. 1. 0.]
status: SUCCESS
 ||[0.81327499 4.30910533 2.14780837 5.3362839  0.58303941 1.45177838
 0.46176131 1.41819514 2.30405748 0.81639377 1.66769177 1.3424988
 0.92404938 2.71100636 2.63058095 3.82139398 0.04367743 1.73183736
 1.45893383 5.47413022 2.544421   5.0648965  2.59525208 4.67881445
 2.98232327 4.98742861 1.80500434 5.34002768 1.53109992 4.79256824
 1.65844    2.6990464  1.14417747 2.70054495 0.98661757 0.73796273
 2.5733355  5.01389093 3.09662753 4.34110738]
 ||second
 ||