optimal function value: 109.75689225999997
optimal value: [1. 0. 0. 0. 0. 1. 0. 1. 0. 0. 1. 0. 0. 0. 0. 0.]
status: SUCCESS
 ||[1.49090048 5.13103146 3.09360064 1.89595218 0.03415635 2.35464345
 0.86095438 5.09157608 2.16954209 3.77907401 1.75363662 4.15520824
 0.45647774 2.76491393 0.50978819 5.80053071 0.12217366 5.14480892
 0.23437682 4.31619809 1.05869604 2.54225736 2.6464871  0.11685379
 0.19094836 5.74931925 1.59883659 0.5716808  3.10117298 5.94836142
 0.35351283 2.65902948 0.42432429 1.9637492  1.95232726 1.02742532]
 ||second
 ||