optimal function value: 51.381437919999996
optimal value: [0. 1. 0. 0. 1. 0. 0. 0. 0. 0. 0. 1. 0. 0. 1. 0.]
status: SUCCESS
 ||[ 1.39120748  5.32044515  2.31143231  1.59692565  1.88575359  3.15178471
  2.00511763  4.916585    0.25772738  0.1333666   2.5863419   2.68811692
  2.35860793 -0.02413678  1.3576081   4.49410984  0.69685316  5.90595139
  2.79091554  0.14709701  0.03756627  3.3989241   3.9207427   2.38947532
  0.67188129  2.63138057  0.06932468  1.38615018  1.36810458  3.09058298
  0.72729091  1.44933976  0.67675898  2.88112454  0.8984398   0.13026309
  2.62315347  3.48129666]
 ||second
 ||