optimal function value: 65.58951586999999
optimal value: [0. 1. 0. 0. 1. 0. 0. 0. 0. 0. 1. 0. 0. 0. 0. 0.]
status: SUCCESS
 ||[1.73750129 3.44114883 1.14667024 3.77816901 1.98637487 0.37898891
 0.03585694 5.25163919 0.80518369 1.94833082 3.0988853  2.97061485
 2.67350829 3.00827446 2.00045201 0.89517456 2.01346408 5.47283537
 1.63918559 4.66969968 2.05778343 0.34929097 2.36626582 3.72063429
 0.9201277  1.25140374 2.71253588 2.94704653 2.24791263 5.45608186
 2.22725603 5.74270913]
 ||optimal function value: 71.93359236000003
optimal value: [1. 0. 0. 0. 0. 0. 0. 1. 0. 0. 0. 0. 0. 1. 1. 0.]
status: SUCCESS
 ||[1.75180680e+00 3.47970207e+00 1.11514537e+00 3.74831760e+00
 1.95722872e+00 3.56895061e-01 3.24295332e-03 5.23358989e+00
 7.60583995e-01 1.93507341e+00 3.11481484e+00 2.92955576e+00
 2.65338711e+00 2.97183623e+00 1.96777548e+00 8.61426862e-01
 2.00645070e+00 5.51068096e+00 1.62818264e+00 4.65936207e+00
 2.02798736e+00 3.23838688e-01 2.33643883e+00 3.70257520e+00
 9.02165584e-01 1.22550664e+00 2.70447394e+00 2.92615717e+00
 2.22764192e+00 5.46283674e+00 2.21405608e+00 5.75224016e+00]
 ||