optimal function value: 85.74198708
optimal value: [0. 0. 0. 1. 0. 1. 0. 0. 0. 0. 1. 0. 1. 0. 0. 0.]
status: SUCCESS
 ||[2.1272926  4.93142671 2.63501861 3.21397166 1.23643506 6.26322333
 0.90911778 0.93168101 0.82027294 1.63643414 1.02860617 2.68335913
 0.33820705 2.04512566 1.08060734 3.50633984 0.63350256 0.44476713
 0.63636333 3.40824309 1.22061203 4.6084679  2.52291949 2.60394307
 0.31211457 4.63443724 2.26451271 2.48850395 2.06808494 1.8789421
 2.87406827 5.23896575 2.48804746 5.99361702]
 ||second
 ||