optimal function value: 67.43459432999998
optimal value: [0. 1. 0. 0. 1. 0. 0. 0. 0. 0. 0. 0. 0. 0. 0. 1.]
status: SUCCESS
 ||[1.74713678 3.41911949 1.15612644 3.79014541 1.9643998  0.41238465
 0.04149993 6.27388827 0.8192983  2.47512854 3.12642541 2.95633726
 2.62773995 2.99271621 2.00919752 0.94632597 1.99459895 5.45346605
 1.64502722 5.77962999 2.10945527 0.40236608 2.3821951  3.7142332
 0.94638683 0.19475014 2.71916974 2.97038215 2.2579207  5.52205873
 2.2452856  5.78753949 1.24104898 5.03221182 1.39693216 5.87799512]
 ||optimal function value: 67.43459432999998
optimal value: [0. 1. 0. 0. 1. 0. 0. 0. 0. 0. 0. 0. 0. 0. 0. 1.]
status: SUCCESS
 ||[1.74713678 3.41911949 1.15612644 3.79014541 1.9643998  0.41238465
 0.04149993 6.27388827 0.8192983  2.47512854 3.12642541 2.95633726
 2.62773995 2.99271621 2.00919752 0.94632597 1.99459895 5.45346605
 1.64502722 5.77962999 2.10945527 0.40236608 2.3821951  3.7142332
 0.94638683 0.19475014 2.71916974 2.97038215 2.2579207  5.52205873
 2.2452856  5.78753949 1.24104898 5.03221182 1.39693216 5.87799512]
 ||