optimal function value: 64.29719343999997
optimal value: [0. 1. 0. 0. 0. 0. 1. 0. 1. 0. 0. 1. 0. 0. 0. 0.]
status: SUCCESS
 ||[2.86302408 4.26943881 3.37478067 5.60430676 0.98338819 3.96716549
 3.53238229 6.19315338 2.78769813 1.00205043 1.26215711 7.2522902
 0.48957701 1.98015675 2.92683034 2.81812816 0.64252474 1.93240196
 2.77688508 3.13305209 1.27151362 3.85398494 2.45711884 3.02919009
 0.17275553 3.53702423 0.06543519 0.55292587 0.52240973 4.32508771
 0.80198404 4.27951802 0.48653002 0.68638156 0.03435744 4.88174209
 2.62098504 1.33531063 0.70655082 1.04927698]
 ||