optimal function value: 66.31815352000001
optimal value: [1. 0. 0. 0. 0. 0. 1. 0. 0. 0. 0. 1. 1. 0. 0. 0.]
status: SUCCESS
 ||[1.70828346 6.04027084 0.39702716 5.42821512 0.26798427 1.55370503
 3.37886793 1.23696764 2.0185736  2.88763745 1.4241056  3.11117692
 1.59791835 5.22082676 0.28109938 1.49201298 0.0538845  1.68167037
 1.27811765 5.66838235 1.19231798 0.71701317 0.8160443  6.22792654
 0.19794071 3.9484578  1.16366023 5.14892326 1.06639394 4.34276426
 1.5619822  4.08255758 2.83286843 3.65570546]
 ||second
 ||