optimal function value: 105.14866093
optimal value: [0. 0. 0. 0. 0. 0. 0. 1. 0. 0. 1. 0. 0. 1. 0. 0.]
status: SUCCESS
 ||[0.5700237  4.15384065 1.05011933 1.2383258  1.53727625 3.10489972
 1.50475784 2.87964038 0.8315963  1.59761913 2.17210041 2.03444016
 2.11609015 4.94754086 2.71941724 5.93013862 0.73967279 1.49268718
 2.31128969 3.61592493 0.6329486  5.25866243 2.74411806 5.25218072
 0.67963716 2.87866078 0.02291417 6.12548334 0.69020143 4.56949626
 1.69272563 3.7315006  2.653581   5.1863059  1.88251419 1.90814274]
 ||second
 ||