optimal function value: 66.31815352000001
optimal value: [0. 0. 1. 0. 0. 0. 1. 0. 0. 1. 0. 0. 1. 0. 0. 0.]
status: SUCCESS
 ||[3.0040145  6.95593647 0.17875703 0.53316629 2.6251594  5.62343414
 2.1041784  1.93541528 1.90280438 3.81244334 2.82633883 0.99488764
 1.35268899 2.4725087  2.27118584 6.24837541 2.98129359 3.41847063
 1.39694801 1.68491639 0.1124259  0.17218458 1.46002387 2.00005976
 1.19283287 5.60306082 1.65229042 3.52125067 0.74269818 0.15047289
 1.02631604 0.85872792 1.60257783 6.27857885 2.12171499 1.1422775 ]
 ||second
 ||