optimal function value: 66.29076064
optimal value: [0. 0. 1. 0. 1. 0. 0. 0. 0. 1. 0. 1. 0. 0. 0. 0.]
status: SUCCESS
 ||[ 1.73661968  3.41321623  1.14032853  3.97359009  1.74779788  0.58019514
 -0.05967902  5.27186112  0.78584278  1.47469816  3.15396248  2.94741779
  2.67308531  2.98069681  2.04590849  0.97550486  1.99747128  5.4488507
  1.56885237  4.62072148  2.04555335  0.432153    2.38723108  3.68569914
  0.92228419  0.23250348  3.69035109  2.96617999  2.26696339  5.51673118
  2.23763422  5.78418064  1.24082662  5.03665933]
 ||first
 ||