optimal function value: 84.96747466000002
optimal value: [1. 0. 0. 0. 0. 0. 1. 0. 0. 0. 0. 1. 0. 0. 0. 0.]
status: SUCCESS
 ||[1.79523629 2.69478226 1.81637409 1.29503971 2.55507356 5.17493294
 2.05241799 1.00739047 1.63774389 2.05638416 0.78541568 5.98681438
 3.13070901 0.27996492 2.70238438 3.79000156 1.19810194 1.78294857
 2.12143336 2.8691792  2.15470129 4.15866017 0.41756121 4.82473216
 3.08591669 6.09110786 1.92677204 0.27810043 0.01364284 0.84189849
 2.95616521 1.9029284  1.15035453 5.64350138 0.98766618 3.44931581
 1.37002133 0.40841128 1.83651998 5.30332662]
 ||first
 ||