optimal function value: 63.02959926
optimal value: [0. 1. 0. 0. 0. 0. 0. 0. 0. 0. 1. 0. 1. 0. 0. 0.]
status: SUCCESS
 ||[0.42262224 5.32612028 2.39927637 1.61079596 1.57132769 2.81892922
 2.04358205 4.95203591 0.29123688 1.1728486  2.6269256  2.71990433
 2.39559106 0.0163919  1.4191421  4.52030686 0.71860763 5.93959354
 2.83246361 0.19125876 0.08006351 3.40110061 2.95018464 2.39531346
 0.68038539 2.65216589 0.09131031 1.39125154 1.37499502 3.1148927
 0.73213854 1.45046576 0.68897054 2.88865233 0.91048714 0.13543402]
 ||optimal function value: 63.02959926
optimal value: [0. 1. 0. 0. 0. 0. 0. 0. 0. 0. 1. 0. 1. 0. 0. 0.]
status: SUCCESS
 ||[0.42262224 5.32612028 2.39927637 1.61079596 1.57132769 2.81892922
 2.04358205 4.95203591 0.29123688 1.1728486  2.6269256  2.71990433
 2.39559106 0.0163919  1.4191421  4.52030686 0.71860763 5.93959354
 2.83246361 0.19125876 0.08006351 3.40110061 2.95018464 2.39531346
 0.68038539 2.65216589 0.09131031 1.39125154 1.37499502 3.1148927
 0.73213854 1.45046576 0.68897054 2.88865233 0.91048714 0.13543402]
 ||