optimal function value: 75.84751230999998
optimal value: [1. 0. 0. 0. 0. 0. 0. 1. 0. 0. 1. 0. 0. 0. 1. 0.]
status: SUCCESS
 ||[ 3.50697567  5.18114233  2.57759564  2.66351325 -0.04345135  4.19156734
  1.50056285  4.68750035  1.10068865  5.85036543  0.82169116  5.00388052
  2.33007319  2.55769687  1.73935425  4.25085986  0.65255643  3.40541069
  2.5687162   1.64205572  2.63195891  4.17151761  2.56093281  2.11981966
  0.20355638  4.97722817  2.4003345   2.77289108  0.2199673   1.27307798
  3.08711715  1.80641443  2.97476808  3.68640585  0.60575488  4.09514246
  1.1274099   5.85299008  2.83484939  3.22687628]
 ||