optimal function value: 103.02544013000002
optimal value: [0. 0. 0. 1. 0. 0. 1. 0. 0. 0. 0. 0. 1. 1. 0. 0.]
status: SUCCESS
 ||[0.34744694 4.38663201 2.09964094 6.94854357 0.84470799 1.53173638
 2.29500292 4.13153046 1.43460544 5.29495272 1.2427734  4.89321584
 0.3688621  1.39250761 2.81629648 2.20921131 0.81699604 5.02691638
 1.98847303 0.91684141 1.71388009 4.17211438 0.51989792 4.09549614
 1.38880601 2.10341217 0.27184247 1.26947194 3.04033059 2.5327582
 3.10210384 2.73468869 2.91981081 5.4568196 ]
 ||optimal function value: 103.02544013000002
optimal value: [0. 0. 0. 1. 0. 0. 1. 0. 0. 0. 0. 0. 1. 1. 0. 0.]
status: SUCCESS
 ||[0.34744694 4.38663201 2.09964094 6.94854357 0.84470799 1.53173638
 2.29500292 4.13153046 1.43460544 5.29495272 1.2427734  4.89321584
 0.3688621  1.39250761 2.81629648 2.20921131 0.81699604 5.02691638
 1.98847303 0.91684141 1.71388009 4.17211438 0.51989792 4.09549614
 1.38880601 2.10341217 0.27184247 1.26947194 3.04033059 2.5327582
 3.10210384 2.73468869 2.91981081 5.4568196 ]
 ||