optimal function value: 65.58951586999999
optimal value: [0. 0. 1. 0. 0. 1. 0. 0. 0. 0. 0. 1. 0. 0. 0. 0.]
status: SUCCESS
 ||[3.96966106 5.95859014 0.17521026 0.52351839 2.60811894 4.6133482
 3.08975916 2.43384246 1.90209648 3.81141765 1.85980766 0.99018952
 2.35312405 2.42597649 2.26663941 7.25200975 2.97858564 3.40949923
 1.39407963 1.67463441 0.10381959 0.16765038 1.44796322 1.99503732
 1.18817527 5.59031766 1.64210899 3.50794669 0.72712213 0.14838108
 1.01989251 0.85522874 1.60207796 6.27021932 2.10564233 1.13698301
 2.80410869 4.99477636]
 ||optimal function value: 65.58951586999999
optimal value: [0. 0. 1. 0. 0. 1. 0. 0. 0. 0. 0. 1. 0. 0. 0. 0.]
status: SUCCESS
 ||[3.96966106 5.95859014 0.17521026 0.52351839 2.60811894 4.6133482
 3.08975916 2.43384246 1.90209648 3.81141765 1.85980766 0.99018952
 2.35312405 2.42597649 2.26663941 7.25200975 2.97858564 3.40949923
 1.39407963 1.67463441 0.10381959 0.16765038 1.44796322 1.99503732
 1.18817527 5.59031766 1.64210899 3.50794669 0.72712213 0.14838108
 1.01989251 0.85522874 1.60207796 6.27021932 2.10564233 1.13698301
 2.80410869 4.99477636]
 ||