optimal function value: 34.534382419999986
optimal value: [0. 0. 0. 1. 0. 0. 1. 0. 1. 0. 0. 0. 0. 1. 0. 0.]
status: SUCCESS
 ||[1.45118275 3.57808378 1.43296227 6.44728311 1.01660834 3.15749559
 2.9283564  0.50704837 1.7363683  3.87231084 0.1328584  2.38659956
 2.20554931 2.83664633 2.27709419 0.98210932 0.74288086 0.69696018
 1.59087821 5.79798962 1.84940761 4.8592375  1.21083339 4.83640781
 0.11925475 1.83078044 2.11913099 4.5604767  1.32626002 0.55188246
 0.83857657 1.32047599 0.88470474 5.0870058  0.62836433 5.57000243]
 ||first
 ||