optimal function value: 65.49480781
optimal value: [0. 0. 1. 0. 0. 0. 0. 0. 0. 1. 0. 0. 1. 0. 0. 0.]
status: SUCCESS
 ||[1.45460333 3.3455816  0.43525369 5.44478035 0.020197   3.15911005
 2.82205999 0.50780677 1.74128634 3.87455623 0.12849221 2.38145855
 2.21002425 2.84011231 2.27787733 0.98746798 0.7477086  0.69711703
 1.59052048 5.80460363 1.93119703 5.78815042 0.97985503 5.68784331
 0.31941175 1.82954615 2.11818135 4.55977105 1.32495596 0.55111239
 0.83798346 1.31877451 0.88334581 5.08631777 0.62667677 5.5694591 ]
 ||second
 ||