optimal function value: 70.08851390000001
optimal value: [0. 0. 1. 0. 0. 1. 0. 0. 0. 0. 0. 1. 0. 0. 0. 1.]
status: SUCCESS
 ||[0.74157679 1.64817174 1.24449662 0.97369499 0.20900718 2.52319703
 2.88398255 5.02946051 2.40393974 1.39435962 1.68602886 1.73835528
 0.542332   0.66720546 0.67356367 5.82756262 2.60432206 5.0682982
 2.51489193 1.215547   0.97337232 3.94197241 2.29819249 5.3693351
 2.76534639 0.54395847 1.90383113 4.21850042 1.59062099 1.117253
 1.4878436  0.56114169 2.93577854 5.43813397]
 ||optimal function value: 70.08851390000001
optimal value: [0. 0. 1. 0. 0. 1. 0. 0. 0. 0. 0. 1. 0. 0. 0. 1.]
status: SUCCESS
 ||[0.74157679 1.64817174 1.24449662 0.97369499 0.20900718 2.52319703
 2.88398255 5.02946051 2.40393974 1.39435962 1.68602886 1.73835528
 0.542332   0.66720546 0.67356367 5.82756262 2.60432206 5.0682982
 2.51489193 1.215547   0.97337232 3.94197241 2.29819249 5.3693351
 2.76534639 0.54395847 1.90383113 4.21850042 1.59062099 1.117253
 1.4878436  0.56114169 2.93577854 5.43813397]
 ||