optimal function value: 118.32923186
optimal value: [0. 0. 0. 1. 0. 0. 1. 0. 0. 0. 0. 0. 1. 0. 0. 0.]
status: SUCCESS
 ||[2.79511316 2.69482607 2.81606883 1.29494533 3.55498521 6.17464674
 2.05293881 1.00676252 1.63572119 3.05944753 0.78536271 5.98666772
 3.13078912 0.27957276 2.70256707 3.78985066 1.19908454 1.78242392
 2.12047596 2.87034847 2.15470951 4.1585067  0.41780432 4.8244759
 3.08630628 6.09083703 1.92680225 0.27804539 1.01273794 0.84177856
 2.95636807 1.90333477 1.15015378 5.64355006 0.9874005  3.44896215
 1.36965113 0.40838214 1.83641159 5.30348831]
 ||second
 ||