optimal function value: 44.89361761000001
optimal value: [1. 0. 0. 0. 0. 0. 0. 1. 0. 1. 0. 0. 0. 0. 1. 0.]
status: SUCCESS
 ||[1.64148017 5.07049124 3.02529553 1.82221825 2.40739135 4.42762438
 2.08524223 0.70286395 0.11438987 2.40933209 2.34908564 1.59777262
 1.5716733  2.00699045 2.64724855 5.923068   2.26971306 6.28792884
 0.18031455 5.10784999 2.73048173 0.92617492 2.21326999 3.46549991
 2.95043707 1.52089975 1.83111264 5.5413286  2.00549393 1.93896992
 0.2530751  5.90092446 1.48639487 6.25937465 0.44334561 5.10044715
 2.55368495 5.77782529]
 ||second
 ||