optimal function value: 64.87467772
optimal value: [1. 0. 0. 0. 0. 0. 1. 0. 0. 0. 0. 0. 0. 0. 0. 1.]
status: SUCCESS
 ||[1.58758638 4.58044902 2.30482463 1.25608588 1.55616855 3.11701542
 1.52430145 2.89613291 0.84376866 1.60678334 2.19018327 2.05435943
 2.1517759  4.94111786 2.73037021 5.94404536 0.75626629 1.50722914
 3.33022847 3.60956698 0.61317566 5.25836732 2.73403899 5.24101483
 0.67266077 1.86886714 0.01469685 6.12127563 0.68513323 4.55700223
 1.68075127 3.72094198 1.64320317 5.1803613  1.88149732 1.89591521
 0.35826675 2.9963864 ]
 ||optimal function value: 64.87467772
optimal value: [1. 0. 0. 0. 0. 0. 1. 0. 0. 0. 0. 0. 0. 0. 0. 1.]
status: SUCCESS
 ||[1.58758638 4.58044902 2.30482463 1.25608588 1.55616855 3.11701542
 1.52430145 2.89613291 0.84376866 1.60678334 2.19018327 2.05435943
 2.1517759  4.94111786 2.73037021 5.94404536 0.75626629 1.50722914
 3.33022847 3.60956698 0.61317566 5.25836732 2.73403899 5.24101483
 0.67266077 1.86886714 0.01469685 6.12127563 0.68513323 4.55700223
 1.68075127 3.72094198 1.64320317 5.1803613  1.88149732 1.89591521
 0.35826675 2.9963864 ]
 ||