optimal function value: 106.17063797000003
optimal value: [0. 0. 0. 0. 0. 0. 0. 1. 0. 1. 1. 0. 1. 0. 0. 0.]
status: SUCCESS
 ||[1.64346742 5.07173943 4.0103041  1.81628264 2.40428514 4.41194961
 2.07199721 0.69185406 0.07319322 2.41936912 2.33901594 1.5835169
 1.56929246 1.99079799 2.65158175 5.92950021 1.25210828 6.26720942
 0.38879999 5.26160985 2.74902124 0.94702572 2.21598717 3.51030119
 2.99960341 1.31827571 1.69484092 5.54370064 2.00653027 1.94185705
 0.25632863 5.90343491 1.48820889 6.2594041  0.44362075 5.1028134 ]
 ||second
 ||