optimal function value: 70.38812845999996
optimal value: [0. 1. 0. 0. 0. 0. 0. 0. 1. 0. 0. 1. 0. 0. 1. 0.]
status: SUCCESS
 ||[1.74754009 3.41945883 2.16223159 3.79459038 1.96579797 0.4116691
 0.04130996 5.26198036 0.81477023 1.47228529 3.12778129 2.95476079
 2.62784013 2.99307343 3.00764929 0.94636034 2.99452572 5.45410576
 1.64358117 4.65733834 2.10933673 0.40233357 2.38206496 3.71399381
 0.9464537  0.19489163 2.71911835 2.97035283 2.25826085 6.52172263
 2.24353958 5.78745946 1.24094309 5.03230783]
 ||optimal function value: 70.38812845999996
optimal value: [0. 1. 0. 0. 0. 0. 0. 0. 1. 0. 0. 1. 0. 0. 1. 0.]
status: SUCCESS
 ||[1.74754009 3.41945883 2.16223159 3.79459038 1.96579797 0.4116691
 0.04130996 5.26198036 0.81477023 1.47228529 3.12778129 2.95476079
 2.62784013 2.99307343 3.00764929 0.94636034 2.99452572 5.45410576
 1.64358117 4.65733834 2.10933673 0.40233357 2.38206496 3.71399381
 0.9464537  0.19489163 2.71911835 2.97035283 2.25826085 6.52172263
 2.24353958 5.78745946 1.24094309 5.03230783]
 ||