optimal function value: 51.381437919999996
optimal value: [1. 0. 0. 0. 0. 1. 0. 0. 0. 0. 1. 0. 0. 0. 0. 1.]
status: SUCCESS
 ||[ 1.58427606  2.55876053  1.74753751  1.07834509  2.52995511  4.99543671
  1.99271399  0.90244615  1.62664973  1.99506171  0.76828245  5.80043351
  3.0764372   0.15226288  2.48800065  3.63839896  0.98060045  1.67909362
  3.20320169  2.73629823  1.99096583  4.06684831  0.25279001  4.59545481
  2.83689595  5.78561327  1.79418516 -0.03158621 -0.222673    0.68953499
  2.68839642  1.78145232  0.91675983  5.48766757]
 ||second
 ||