optimal function value: 116.92786546999997
optimal value: [0. 0. 0. 1. 0. 0. 1. 0. 0. 0. 0. 1. 0. 1. 0. 0.]
status: SUCCESS
 ||[3.00486883 5.95892608 0.18341285 0.53012902 3.62876677 4.62190186
 2.10446383 1.93345305 1.90152039 3.80373449 1.82559442 1.99201556
 2.35872894 2.46701868 2.26410548 6.2404998  2.96720924 3.40648831
 1.3805749  1.68640886 0.09558458 0.16470616 1.43594394 1.99029578
 1.17853907 5.60743189 1.63076305 3.51286699 0.71592466 0.14790095
 1.0025064  0.83545699 1.57271069 6.26680293 2.23606537 1.35062315]
 ||second
 ||