optimal function value: 87.33848693000002
optimal value: [0. 1. 1. 0. 0. 0. 0. 0. 0. 0. 0. 1. 1. 0. 0. 0.]
status: SUCCESS
 ||[2.01058615 2.81617132 1.78402207 1.28501898 2.55281585 5.14419309
 2.05032887 0.99484657 1.63086883 2.04955479 0.77676312 5.98348519
 3.08827211 0.2775099  2.69508986 3.78078131 1.15506274 1.68408455
 2.30038056 2.86378489 2.14487068 4.23649296 0.5479405  4.82142449
 3.08345393 6.08009264 1.91636311 0.23639407 0.00851011 0.81141239
 2.90097669 1.85398176 1.14955691 5.63653735]
 ||first
 ||