optimal function value: 106.31425612999999
optimal value: [0. 0. 0. 0. 1. 0. 0. 0. 0. 0. 0. 1. 0. 1. 0. 0.]
status: SUCCESS
 ||[2.95649842e+00 4.64479322e+00 2.52354763e+00 5.91858758e+00
 2.32388594e+00 5.79340702e+00 9.12451476e-02 2.92520534e+00
 3.95940800e+00 4.07965591e+00 2.82952335e+00 7.11074580e-01
 1.47486239e+00 1.55156711e+00 1.70843252e+00 3.60645727e+00
 4.01303577e-02 1.36286777e+00 8.79168169e-01 5.75947194e+00
 2.40459391e+00 1.00290987e+00 2.50475477e+00 8.73107284e-01
 1.93926719e+00 7.96120877e-01 2.63406086e-03 5.47351298e+00
 6.57121757e-01 1.35328298e+00 3.08379132e+00 5.47874076e+00]
 ||second
 ||