optimal function value: 60.964423169999975
optimal value: [1. 0. 0. 0. 0. 1. 0. 0. 0. 0. 1. 0. 0. 0. 0. 0.]
status: SUCCESS
 ||[1.01808756 1.94310883 2.04849444 0.45415721 1.68244568 2.2952543
 0.18172743 3.18774932 0.11754105 3.72390134 0.21986943 0.56984558
 1.33354446 5.19526067 0.38839019 1.40236516 1.97202972 5.95472191
 1.81283984 2.49157793 4.06713986 0.2921033  2.69752144 1.81914632
 0.45366618 0.73997632 0.96907372 5.12847509 0.56677998 3.65308468
 2.00509069 2.339484   1.71941589 0.39850567 0.18538553 1.29356551]
 ||optimal function value: 60.964423169999975
optimal value: [1. 0. 0. 0. 0. 1. 0. 0. 0. 0. 1. 0. 0. 0. 0. 0.]
status: SUCCESS
 ||[1.01808756 1.94310883 2.04849444 0.45415721 1.68244568 2.2952543
 0.18172743 3.18774932 0.11754105 3.72390134 0.21986943 0.56984558
 1.33354446 5.19526067 0.38839019 1.40236516 1.97202972 5.95472191
 1.81283984 2.49157793 4.06713986 0.2921033  2.69752144 1.81914632
 0.45366618 0.73997632 0.96907372 5.12847509 0.56677998 3.65308468
 2.00509069 2.339484   1.71941589 0.39850567 0.18538553 1.29356551]
 ||