optimal function value: 65.49480781
optimal value: [0. 0. 1. 0. 0. 0. 0. 0. 0. 1. 0. 0. 1. 0. 0. 0.]
status: SUCCESS
 ||[2.13560786 3.0191903  1.30970496 2.80710195 2.28635098 4.13238698
 0.8105734  3.98728024 1.0322019  1.91316899 1.03665505 0.87905533
 2.35472643 1.94776701 3.47975217 6.00776276 0.79617154 5.61394457
 2.53734442 4.19335925 0.08919598 2.8700041  1.99706313 1.86206785
 0.69838732 1.93572066 0.81132439 4.9500061  1.09252617 2.65855395
 2.02142284 5.95785451 0.92040182 0.27623751 3.05961309 5.23143431
 2.48301577 3.28856096]
 ||second
 ||