optimal function value: 129.17014947
optimal value: [0. 0. 0. 1. 0. 0. 0. 0. 0. 1. 0. 0. 1. 0. 0. 0.]
status: SUCCESS
 ||[1.49121885 5.1310161  3.09352346 0.89645968 0.03442235 2.3541057
 0.86089143 6.09155299 2.16941735 4.77902183 1.75355665 5.15512417
 0.4533778  2.7649251  0.52199275 5.68236377 0.17722708 5.14888497
 0.23403025 4.31563595 1.05944451 2.54274293 2.64662845 0.11695033
 0.18991542 5.7493761  1.59875693 0.57186192 3.10115086 5.94814042
 0.35308236 2.65936569 0.42451857 1.96367947 1.95207369 1.02750748
 2.1888076  0.32347798 0.53796336 5.12498191]
 ||second
 ||