optimal function value: 65.63476764
optimal value: [0. 1. 0. 0. 0. 0. 0. 1. 1. 0. 1. 0. 0. 0. 0. 0.]
status: SUCCESS
 ||[ 1.42179588e+00  5.32480505e+00  3.39974201e+00  1.60294490e+00
  1.55635433e+00  2.77813695e+00  2.05378024e+00  4.94673332e+00
  2.76530180e-01  1.70062389e-01  2.61594792e+00  3.72102136e+00
  2.38161002e+00 -2.73858013e-03  1.39039374e+00  4.53160043e+00
  7.08760534e-01  6.18267734e+00  3.83176329e+00  1.92528119e-01
  7.99828218e-02  3.40174018e+00  2.95007697e+00  2.39577725e+00]
 ||second
 ||