optimal function value: 109.75689225999997
optimal value: [0. 1. 0. 0. 1. 0. 1. 0. 0. 0. 0. 1. 0. 0. 0. 0.]
status: SUCCESS
 ||[3.4871502  6.16042445 1.52011639 1.64206307 1.0082192  5.16377257
 1.48319474 4.76671145 1.16449875 4.83862458 0.86379036 5.03206924
 2.28692992 2.59774528 1.6956004  4.28011796 0.60197253 3.47422666
 3.54336072 1.66702421 2.50840153 5.29332801 2.64402157 2.09205443
 0.2604173  5.00663382 2.53948269 2.75802665 0.26407329 1.22555111
 2.17315336 1.98724494 2.98783213 3.69544463 0.63062551 4.11759727]
 ||second
 ||