optimal function value: 65.76070403
optimal value: [0. 0. 0. 1. 1. 0. 0. 0. 0. 1. 0. 0. 0. 0. 1. 0.]
status: SUCCESS
 ||[1.45462806 2.34559237 0.43521265 6.44475873 0.02019927 3.159003
 2.82207471 0.50745175 1.74132724 3.87455606 0.12847653 2.38141277
 2.21007177 2.84014767 2.2777698  0.98728195 0.7477069  0.69711333
 1.5905963  5.80455723 1.85491573 4.86453801 1.20528964 4.6878829
 0.31943303 1.82968391 2.11818458 4.55971103 1.32498468 0.55112572
 1.83792982 1.31858908 0.88341829 5.08622584 0.62665274 5.56940056
 2.76265436 0.34412728]
 ||second
 ||