optimal function value: 61.949961970000004
optimal value: [0. 0. 0. 1. 1. 0. 0. 0. 0. 0. 0. 0. 0. 0. 1. 0.]
status: SUCCESS
 ||[0.97724682 1.90590923 3.05195951 0.46236039 1.6757013  2.29214591
 0.1754247  3.19550166 0.11589274 2.73490625 0.22723809 0.57032244
 1.54240644 5.04079359 0.38619529 1.39978515 1.96827779 5.95183734
 1.81307733 2.48963397 3.06428748 0.29009563 2.6941763  1.81695132
 0.45295936 0.7376452  0.96684859 5.12476957 0.56492617 3.65144053
 2.00433124 2.33700829 1.71796632 0.39171286 0.18445952 1.29121325
 3.13476224 2.68680357]
 ||optimal function value: 61.949961970000004
optimal value: [0. 0. 0. 1. 1. 0. 0. 0. 0. 0. 0. 0. 0. 0. 1. 0.]
status: SUCCESS
 ||[0.97724682 1.90590923 3.05195951 0.46236039 1.6757013  2.29214591
 0.1754247  3.19550166 0.11589274 2.73490625 0.22723809 0.57032244
 1.54240644 5.04079359 0.38619529 1.39978515 1.96827779 5.95183734
 1.81307733 2.48963397 3.06428748 0.29009563 2.6941763  1.81695132
 0.45295936 0.7376452  0.96684859 5.12476957 0.56492617 3.65144053
 2.00433124 2.33700829 1.71796632 0.39171286 0.18445952 1.29121325
 3.13476224 2.68680357]
 ||