optimal function value: 58.02846945999997
optimal value: [1. 0. 0. 0. 0. 0. 1. 0. 0. 0. 0. 1. 0. 0. 0. 0.]
status: SUCCESS
 ||[4.00221654 5.95778409 0.17966549 1.53914689 3.62701008 4.62552636
 2.18419063 2.00670336 1.89485095 3.80449803 1.81678206 0.98662952
 1.35254042 2.46387788 2.27601416 6.23916693 2.92679097 3.4078606
 1.38983871 1.68026706 0.10440162 0.16504057 2.45781578 2.00037958
 1.19640216 5.59871148 1.65368798 3.51739911 0.74297528 0.1458631
 1.02319102 0.85511595 1.60366272 6.26964164 2.11956512 1.13931496
 2.80530063 5.00184167 2.30771454 5.6878238 ]
 ||first
 ||