optimal function value: 65.49480781
optimal value: [0. 1. 0. 0. 0. 0. 0. 0. 0. 0. 1. 0. 0. 0. 0. 1.]
status: SUCCESS
 ||[ 0.56104269  4.1463332   1.03874525  1.22901507  1.52127247  3.08907576
  1.49519955  2.86311178  0.80795251  1.58757163  2.16194413  3.05213967
  2.08961541  4.90540205  2.70246548  5.92618295  0.7074598   1.45398224
  2.28783937  3.5628453   0.61648977  4.2048423   2.73508537  5.2129828
  0.65567501  1.82214047 -0.02385971  6.09626445  0.67652619  4.53615659
  1.67492256  3.68709268  1.63634045  5.13078559  1.85350153  1.85963939
  0.3088036   2.95687556  2.86414435  1.06911331]
 ||second
 ||