optimal function value: 96.48870443999999
optimal value: [0. 0. 0. 0. 0. 0. 0. 1. 0. 1. 0. 0. 1. 0. 1. 0.]
status: SUCCESS
 ||[ 2.99995309  7.03494789  0.08685816  0.26255452  2.51205612  4.51854228
  2.03564864  1.83580389  1.83649652  3.75643211  1.71357105  0.97983692
  1.32866717  2.38695801  2.25740958  6.14355694  2.96120374  3.2944516
  1.23736187  1.65778752  0.0189119   0.10518191  1.37754068  1.93515323
  1.10748718  5.63436445  1.55262308  3.42032704  0.67415326 -0.02490349
  0.96406328  0.82272822]
 ||second
 ||