optimal function value: 68.77527402000001
optimal value: [1. 0. 0. 0. 0. 1. 0. 0. 0. 0. 0. 1. 0. 1. 0. 0.]
status: SUCCESS
 ||[ 2.95616417  4.63534993  2.39836469  5.83298547  1.97871906  5.78472858
  0.08837062  2.82887696  3.98261107  3.91654299  3.96109315  0.61564412
  1.2272136   1.29581638  2.7374026   3.34781911 -0.1863111   1.23893752
  0.62889203  5.52046922  2.28373253  0.95865633  2.36398686  0.73654706
  1.80351702  0.54826561 -0.30601728  5.22560321  0.58241638  1.13503661
  2.95234964  5.21821993]
 ||first
 ||