optimal function value: 106.17063797000003
optimal value: [0. 0. 0. 0. 1. 1. 0. 0. 0. 0. 1. 0. 0. 0. 0. 1.]
status: SUCCESS
 ||[3.48994246 6.16475223 1.53649264 1.6530592  0.99456017 5.20171877
 1.48462819 4.77469711 2.1777298  5.18350267 1.19263266 5.00608168
 2.26241874 2.56566417 1.65377781 4.25059011 0.57180793 3.48039002
 2.49944251 1.63684389 2.48678168 4.27571865 2.61766149 2.07477774
 0.26121129 4.99524204 2.49067513 3.75900979 0.29545007 1.24554924
 1.99718915 1.8318505  2.99377726 3.70140903 0.63371506 4.12036872
 1.13547687 5.8660551  2.86354185 3.23756527]
 ||second
 ||