optimal function value: 66.57253768999999
optimal value: [0. 0. 1. 0. 0. 0. 0. 0. 1. 0. 0. 1. 0. 1. 0. 0.]
status: SUCCESS
 ||[2.12730512 5.93094872 1.63559786 4.21382361 1.23579104 6.26362069
 0.90938113 0.93147765 0.82278273 2.63215526 1.02891019 1.67962515
 0.33510155 2.05072048 0.97409084 3.5789798  0.62907354 0.44295826
 0.63675172 3.40822452 1.22109081 4.60906267 2.52322433 2.60444088
 0.31220075 4.57451376 2.37404537 3.4890382  2.06784094 1.87891283
 2.87394103 5.23937854 2.4863571  5.99368346 1.73134609 3.42596383
 2.29768818 5.03587578]
 ||second
 ||