optimal function value: 82.43943937
optimal value: [0. 0. 1. 0. 0. 1. 0. 0. 0. 0. 0. 0. 0. 0. 0. 1.]
status: SUCCESS
 ||[2.79514405 2.69476805 2.81613039 1.29496861 2.5551092  5.17474383
 2.05295104 2.00676001 1.63573789 2.05945858 0.78540706 6.98673475
 3.13075529 0.27994392 2.70229402 3.78995061 1.19887079 1.78202244
 2.12041967 2.87035047 2.15468855 4.15847344 0.41773215 4.82453511
 3.08636123 6.09086041 1.92679911 0.27810452 0.01274357 0.84177298
 2.95625019 1.90289987 1.15027077 5.64349222 0.98763227 3.44934226]
 ||first
 ||