optimal function value: 92.79299527
optimal value: [0. 1. 1. 0. 1. 0. 0. 0. 0. 0. 0. 0. 0. 0. 0. 1.]
status: SUCCESS
 ||[1.74148829 1.64824997 1.24475842 0.97471338 0.2087577  2.52337677
 2.88353167 5.02929565 2.40370128 1.39404241 1.68591426 1.83830554
 0.46760358 0.66698134 0.67355663 5.82729266 2.60396054 5.06811938
 2.51468542 1.21524239 0.97331314 3.93957149 2.29976389 5.37052047
 2.76498823 0.54387414 1.90394679 4.22042039 1.58935849 1.11710833
 1.48775753 0.56132203 2.93609957 5.43792117 1.72054639 1.88649623]
 ||second
 ||