optimal function value: 34.534382419999986
optimal value: [0. 0. 1. 0. 0. 1. 0. 0. 0. 0. 0. 1. 1. 0. 0. 0.]
status: SUCCESS
 ||[2.1357693  3.01894604 1.30988189 2.80704732 1.28655091 4.13251884
 0.8132092  3.98977626 0.03183696 1.89782354 1.05265214 0.89189904
 2.33551974 1.948478   2.47946587 6.00801164 0.79642849 5.6143221
 2.53729801 4.19350658 0.08598632 2.87008461 1.96899383 1.86124343
 0.70475788 1.94651789 0.81130503 4.95008826 1.09259723 2.65859441
 2.02013907 5.95885905 0.9205669  0.27649808 3.05955502 5.23122354
 2.48289308 3.28846336]
 ||optimal function value: 34.534382419999986
optimal value: [0. 0. 1. 0. 0. 1. 0. 0. 0. 0. 0. 1. 1. 0. 0. 0.]
status: SUCCESS
 ||[2.1357693  3.01894604 1.30988189 2.80704732 1.28655091 4.13251884
 0.8132092  3.98977626 0.03183696 1.89782354 1.05265214 0.89189904
 2.33551974 1.948478   2.47946587 6.00801164 0.79642849 5.6143221
 2.53729801 4.19350658 0.08598632 2.87008461 1.96899383 1.86124343
 0.70475788 1.94651789 0.81130503 4.95008826 1.09259723 2.65859441
 2.02013907 5.95885905 0.9205669  0.27649808 3.05955502 5.23122354
 2.48289308 3.28846336]
 ||