optimal function value: 65.58951586999999
optimal value: [0. 0. 1. 0. 0. 1. 0. 0. 0. 0. 0. 1. 0. 0. 0. 0.]
status: SUCCESS
 ||[2.46171637 2.3518702  0.43811421 5.44405924 0.02249854 4.16082868
 3.82089952 0.50886115 1.73088456 3.88471914 0.13056271 2.3836666
 2.21150213 2.83940383 2.27770399 0.98559709 0.74183101 0.70018849
 1.5827702  5.81149084 1.85462093 4.86572511 1.20498447 4.68775561
 0.3164625  1.82749696 2.1230937  4.55919182 1.32610954 0.55158267
 0.83919829 2.31834284 0.88695823 5.08593118 0.62662299 5.57045508]
 ||optimal function value: 65.58951586999999
optimal value: [0. 0. 1. 0. 0. 1. 0. 0. 0. 0. 0. 1. 0. 0. 0. 0.]
status: SUCCESS
 ||[2.46171637 2.3518702  0.43811421 5.44405924 0.02249854 4.16082868
 3.82089952 0.50886115 1.73088456 3.88471914 0.13056271 2.3836666
 2.21150213 2.83940383 2.27770399 0.98559709 0.74183101 0.70018849
 1.5827702  5.81149084 1.85462093 4.86572511 1.20498447 4.68775561
 0.3164625  1.82749696 2.1230937  4.55919182 1.32610954 0.55158267
 0.83919829 2.31834284 0.88695823 5.08593118 0.62662299 5.57045508]
 ||