optimal function value: 68.07826849
optimal value: [0. 0. 1. 0. 1. 0. 0. 0. 0. 0. 0. 1. 1. 0. 0. 0.]
status: SUCCESS
 ||[1.63957414 6.0684457  3.01729034 1.82014033 2.40697076 4.42517211
 2.0778129  0.68879421 0.07954335 2.41383929 2.34445556 1.58779359
 1.57749667 1.99496426 2.65891285 6.04350249 1.192458   6.27346909
 0.19541792 5.10588104 2.74986175 0.94831118 2.21668524 3.51174887
 3.00078753 1.31951447 1.69641813 5.53170769 2.01282007 1.94278353
 0.25718111 5.90488508 1.4895061  6.26014146]
 ||optimal function value: 68.07826849
optimal value: [0. 0. 1. 0. 1. 0. 0. 0. 0. 0. 0. 1. 1. 0. 0. 0.]
status: SUCCESS
 ||[1.63957414 6.0684457  3.01729034 1.82014033 2.40697076 4.42517211
 2.0778129  0.68879421 0.07954335 2.41383929 2.34445556 1.58779359
 1.57749667 1.99496426 2.65891285 6.04350249 1.192458   6.27346909
 0.19541792 5.10588104 2.74986175 0.94831118 2.21668524 3.51174887
 3.00078753 1.31951447 1.69641813 5.53170769 2.01282007 1.94278353
 0.25718111 5.90488508 1.4895061  6.26014146]
 ||