optimal function value: 30.655645410000005
optimal value: [1. 0. 0. 0. 0. 0. 0. 1. 0. 0. 1. 0. 0. 1. 0. 0.]
status: SUCCESS
 ||[0.75361781 3.42608936 2.15466784 4.78402317 1.96175243 0.41648231
 1.05524675 5.27072916 1.81023344 1.47220644 3.11859957 3.9218835
 2.62465655 2.99117632 2.00629557 0.94294433 1.99184161 5.45129703
 1.88969274 4.65381591 2.10691658 0.40036602 2.38062702 3.71247812
 0.94124932 0.19340557 2.71510518 2.96575845 2.25584969 5.51684793
 2.24201561 5.7866375  1.23817162 5.03191974 1.39405025 5.87630989]
 ||first
 ||