optimal function value: 68.07826849
optimal value: [0. 1. 0. 0. 0. 1. 0. 0. 1. 0. 0. 0. 0. 0. 0. 1.]
status: SUCCESS
 ||[3.43816103 5.05571279 2.47450667 1.66104869 1.1122778  4.06374971
 1.47234316 4.75169738 1.16311078 4.67587116 0.83416617 5.01873312
 2.26924811 2.57035864 1.67743765 4.26763842 0.57569097 3.47643612
 2.50691062 1.64864667 2.66777644 4.23824105 2.62156032 2.09816025
 0.43423141 4.98218183 2.52131827 2.77114419 0.26340354 1.22000291
 1.97113869 1.80668804 2.98037529 3.67004162 0.61811777 4.08808014]
 ||optimal function value: 68.07826849
optimal value: [0. 1. 0. 0. 0. 1. 0. 0. 1. 0. 0. 0. 0. 0. 0. 1.]
status: SUCCESS
 ||[3.43816103 5.05571279 2.47450667 1.66104869 1.1122778  4.06374971
 1.47234316 4.75169738 1.16311078 4.67587116 0.83416617 5.01873312
 2.26924811 2.57035864 1.67743765 4.26763842 0.57569097 3.47643612
 2.50691062 1.64864667 2.66777644 4.23824105 2.62156032 2.09816025
 0.43423141 4.98218183 2.52131827 2.77114419 0.26340354 1.22000291
 1.97113869 1.80668804 2.98037529 3.67004162 0.61811777 4.08808014]
 ||