optimal function value: 59.367672529999965
optimal value: [1. 0. 0. 0. 0. 0. 0. 1. 0. 1. 0. 0. 0. 0. 0. 0.]
status: SUCCESS
 ||[1.74375067 1.64419435 1.23757365 0.99436676 1.20885836 2.53400287
 2.88018877 4.98129002 2.62544388 2.37215306 1.67363584 1.7241359
 0.51233792 1.65993026 0.68538436 5.83479796 2.60576311 5.0569248
 2.52335901 1.21249291 0.96947035 3.94460535 2.28904822 5.37231166
 2.77108285 0.54953322 1.8974475  4.2116166  1.60015625 1.11407425
 1.47097184 0.56165659 2.93276774 6.45194715 1.71809586 1.97698118]
 ||first
 ||