optimal function value: 65.44250374999999
optimal value: [0. 0. 1. 0. 0. 1. 0. 0. 0. 0. 0. 0. 0. 0. 0. 1.]
status: SUCCESS
 ||[2.79510034 2.69486522 1.8160677  1.29506069 2.55500318 5.17493745
 2.05291089 1.00674337 1.63574981 2.05941659 0.78549359 5.98673634
 3.13074095 1.27949779 2.70223936 3.79015787 1.19984331 1.78048508
 2.12043789 2.87026165 2.1546905  4.15839966 0.41783103 4.82462274
 3.0865716  6.09089734 1.92690022 0.27820257 0.01285659 0.8417471
 2.9563898  1.90300033 1.15036168 5.64345372 0.98764963 3.44944018]
 ||first
 ||