optimal function value: 72.64698858999998
optimal value: [1. 0. 0. 0. 0. 0. 0. 1. 0. 0. 1. 0. 0. 0. 0. 0.]
status: SUCCESS
 ||[ 1.27485878  3.36642395  2.79949574  2.77050342  1.41859528  3.57842901
  0.49342377  3.03496393  1.81918147  4.82919055  0.16632412  1.61811867
  0.23908001  5.05642062  2.01873364  0.15323402  2.87129577  5.93109134
  1.96162205  3.83143108  0.31920816 -0.14769594  1.56578187  0.17034358
  0.42471561  1.34361006 -0.08312632  2.76038331  1.38138715  5.24139932
  2.66380093  3.89631782  1.44837944  4.10356908  1.16693586  1.52989184
  2.89547127  6.0831614   2.45169451  4.25376718]
 ||