optimal function value: 65.44250374999999
optimal value: [1. 0. 0. 0. 0. 1. 0. 0. 0. 0. 0. 0. 0. 0. 0. 1.]
status: SUCCESS
 ||[2.1373295  4.01874507 1.31063377 2.80741199 1.28389978 4.13440653
 0.81321632 3.9889515  0.03216588 1.89881989 1.05171696 0.8926179
 2.33627929 1.94867896 2.47915813 6.00880343 0.7963908  5.61383611
 2.53647808 4.1936222  1.08744409 3.86986889 1.96966179 1.86214862
 0.70488413 1.95593174 0.79440333 5.94973117 1.06884748 2.6514229
 2.02006255 5.95855161 0.92056711 0.27666551]
 ||optimal function value: 65.44250374999999
optimal value: [1. 0. 0. 0. 0. 1. 0. 0. 0. 0. 0. 0. 0. 0. 0. 1.]
status: SUCCESS
 ||[2.1373295  4.01874507 1.31063377 2.80741199 1.28389978 4.13440653
 0.81321632 3.9889515  0.03216588 1.89881989 1.05171696 0.8926179
 2.33627929 1.94867896 2.47915813 6.00880343 0.7963908  5.61383611
 2.53647808 4.1936222  1.08744409 3.86986889 1.96966179 1.86214862
 0.70488413 1.95593174 0.79440333 5.94973117 1.06884748 2.6514229
 2.02006255 5.95855161 0.92056711 0.27666551]
 ||