optimal function value: 118.32923186
optimal value: [1. 0. 0. 0. 0. 0. 0. 1. 0. 0. 0. 0. 0. 1. 0. 0.]
status: SUCCESS
 ||[0.4329736  5.33766808 2.39281017 1.59970285 1.55470523 3.81133838
 2.04245041 4.94912449 1.3240538  0.15700905 2.62624922 2.71022898
 2.39757001 0.03041521 1.40736799 4.51999861 0.72711843 5.92876296
 2.81277805 0.2193891  0.05300313 3.34150744 2.99050372 2.35601915
 0.67492724 2.62776499 0.0905861  1.33680492 1.38620026 3.27311362
 0.93385239 1.44689251 0.6828703  2.88368822 0.90777342 0.13238554
 2.6309131  3.49278437]
 ||second
 ||