optimal function value: 62.24957653000001
optimal value: [1. 0. 0. 0. 0. 0. 0. 0. 0. 0. 1. 0. 0. 0. 0. 1.]
status: SUCCESS
 ||[ 2.58516013  5.27329199  1.92514681  0.84167702  1.03670686  2.28153504
  0.80963439  6.13583104  2.06074806  3.64996562  1.51861469  4.05534628
  0.35765311  2.42614088  0.14527183  5.50795348  0.0097237   4.94865408
 -0.0306811   4.2719854   0.84765503  2.4496021   2.55436395  1.1430299
 -0.04444445  5.55239588  1.43273774  0.35442172  2.89163217  5.67126137
  0.22186919  2.47521815]
 ||optimal function value: 62.24957653000001
optimal value: [1. 0. 0. 0. 0. 0. 0. 0. 0. 0. 1. 0. 0. 0. 0. 1.]
status: SUCCESS
 ||[ 2.58516013  5.27329199  1.92514681  0.84167702  1.03670686  2.28153504
  0.80963439  6.13583104  2.06074806  3.64996562  1.51861469  4.05534628
  0.35765311  2.42614088  0.14527183  5.50795348  0.0097237   4.94865408
 -0.0306811   4.2719854   0.84765503  2.4496021   2.55436395  1.1430299
 -0.04444445  5.55239588  1.43273774  0.35442172  2.89163217  5.67126137
  0.22186919  2.47521815]
 ||