optimal function value: 23.895113699999996
optimal value: [0. 1. 0. 0. 0. 0. 0. 1. 0. 0. 1. 0. 1. 0. 0. 0.]
status: SUCCESS
 ||[1.33581084 5.41464318 3.04865956 5.9080661  0.85218897 1.60684283
 3.30655899 4.13734705 0.95164642 4.29939892 1.24598612 4.88535589
 0.37185599 1.40283274 2.83222591 2.25057583 0.81702931 5.05267317
 1.98476472 0.94027167 1.73148651 4.17200603 0.51945012 4.09512023
 1.38669942 2.11771162 0.26170881 1.28377648 3.07289596 2.5367311
 3.1115352  2.75593565 1.90858787 5.48263421 2.15816276 0.70067218
 1.85077618 3.98202839 0.57055152 0.59512025]
 ||second
 ||