optimal function value: 69.28647963
optimal value: [0. 0. 0. 1. 0. 0. 1. 0. 1. 0. 0. 0. 0. 0. 0. 0.]
status: SUCCESS
 ||[3.41981417e+00 6.40374141e+00 1.52373421e+00 1.64382434e+00
 1.35066260e-03 4.16455543e+00 2.47734378e+00 4.77351693e+00
 1.17240274e+00 4.83905533e+00 8.56703520e-01 6.03854935e+00
 2.29271110e+00 2.60123112e+00 1.69113435e+00 4.28541007e+00
 6.06267899e-01 3.53189692e+00 2.41639889e+00 1.66831488e+00
 2.52384561e+00 4.30825983e+00 2.65235672e+00 2.10852236e+00
 2.92568013e-01 5.02833901e+00 2.52829731e+00 2.79739941e+00]
 ||second
 ||