optimal function value: 32.53962615999998
optimal value: [1. 0. 0. 0. 0. 0. 0. 1. 0. 1. 0. 0. 0. 0. 1. 0.]
status: SUCCESS
 ||[ 3.85061423  5.31247746  2.40608015  5.68566702  0.82348531  3.99085274
  2.84118484  5.47848671  1.79781759  1.06220572  2.29119451  6.2435345
  0.32444517  2.00421884  3.98033427  2.82338954  0.6570785   1.99173452
  2.85371679  2.11186848  1.33935669  3.94273667  2.53169874  3.09042509
  0.25643533  3.60054385  0.11082535  0.59540989  0.59933408  4.3555888
  0.88902121  4.3363372   0.51361132  0.82624281 -0.01513536  4.43428031
  2.69884192  1.37959946]
 ||optimal function value: 32.53962615999998
optimal value: [1. 0. 0. 0. 0. 0. 0. 1. 0. 1. 0. 0. 0. 0. 1. 0.]
status: SUCCESS
 ||[ 3.85061423  5.31247746  2.40608015  5.68566702  0.82348531  3.99085274
  2.84118484  5.47848671  1.79781759  1.06220572  2.29119451  6.2435345
  0.32444517  2.00421884  3.98033427  2.82338954  0.6570785   1.99173452
  2.85371679  2.11186848  1.33935669  3.94273667  2.53169874  3.09042509
  0.25643533  3.60054385  0.11082535  0.59540989  0.59933408  4.3555888
  0.88902121  4.3363372   0.51361132  0.82624281 -0.01513536  4.43428031
  2.69884192  1.37959946]
 ||