optimal function value: 91.83680317000002
optimal value: [0. 1. 0. 0. 1. 0. 0. 0. 0. 0. 0. 0. 0. 0. 1. 0.]
status: SUCCESS
 ||[0.68929177 4.44620279 1.94034743 6.9893393  0.91344339 2.4947723
 2.17688791 4.18455839 1.07645765 4.40850726 1.30963094 5.57757445
 0.42827127 1.48992236 2.87689399 2.30801505 0.94836878 5.1350631
 2.0937618  1.0553634  2.88515323 5.18325315 0.37942462 4.07811303
 0.27568695 2.01050543 0.16906644 1.19404898 3.0130886  2.39868852
 2.96808871 2.63370363 1.82674578 5.40946634 2.12018204 0.62460089
 1.73821453 3.91298869 0.44490336 0.46925336]
 ||second
 ||