optimal function value: 56.76419967999999
optimal value: [0. 0. 0. 1. 0. 1. 0. 0. 1. 0. 0. 0. 0. 0. 0. 0.]
status: SUCCESS
 ||[1.42165387 5.32394797 2.39862771 1.6026072  1.55595811 2.8234255
 2.04690052 4.95659484 0.29489817 0.17799632 2.62548025 2.71883806
 2.39478023 0.01317591 1.3990798  4.53394399 0.71857488 5.93928402
 2.83177485 0.19136266 0.07878558 3.40282314 2.95118412 2.39475009
 0.68050555 2.65202337 0.09137674 1.39323885 1.3754292  3.11670533
 0.73245195 1.44946939 0.68676985 2.88675148]
 ||second
 ||