optimal function value: 81.34269925999996
optimal value: [0. 0. 1. 0. 1. 0. 0. 0. 0. 1. 0. 0. 0. 0. 1. 1.]
status: SUCCESS
 ||[2.49088346 5.13137275 3.09354116 0.89599989 1.03417792 2.35488088
 0.86100179 5.09144365 2.1680441  3.77897231 1.7529451  4.15114237
 0.45779551 2.7652308  0.50981824 5.69244248 0.1850447  5.14501224
 0.23460027 4.31651047 1.05877923 2.54615976 2.65055004 0.11632
 0.19054996 5.74881508 1.59830311 0.57249804 3.10219691 5.94720898
 0.35232055 2.65774199 1.42319928 1.96388267 1.95248909 1.02720112
 2.18898334 0.32265143]
 ||second
 ||