optimal function value: 76.26380312000003
optimal value: [0. 1. 1. 0. 1. 0. 0. 0. 0. 0. 0. 0. 0. 0. 0. 1.]
status: SUCCESS
 ||[1.47619353 3.71343258 1.00154136 2.18705091 1.52321237 3.15837653
 1.58259733 2.84280065 0.94169915 1.65296272 2.21695928 2.03702809
 2.1788592  4.99649258 2.75858898 5.92534024 0.75564915 2.48252518
 2.28091396 3.69785778 0.61688142 4.23923848 2.64829177 5.23264184
 0.67038362 1.86276386 0.01397896 6.11029728 0.67979491 4.55564561
 1.66881217 3.71002623 1.63327362 5.17045989]
 ||second
 ||