optimal function value: 66.31815352000001
optimal value: [0. 1. 0. 0. 0. 0. 0. 1. 0. 0. 1. 0. 0. 0. 0. 1.]
status: SUCCESS
 ||[3.49233775e+00 5.16447039e+00 1.52381256e+00 1.64381461e+00
 1.44820776e-03 4.16457978e+00 1.47735743e+00 5.77353197e+00
 1.17230791e+00 4.83898992e+00 8.56709242e-01 5.03863140e+00
 2.29285110e+00 2.60127219e+00 1.69116548e+00 4.28546154e+00
 6.06284791e-01 3.47842401e+00 2.52936402e+00 1.66829496e+00
 2.52383585e+00 4.30831486e+00 2.65238988e+00 2.10854546e+00
 2.92632502e-01 5.02831561e+00 2.52830192e+00 2.79735170e+00
 2.94612800e-01 1.23881716e+00 1.99465124e+00 1.82955133e+00]
 ||second
 ||