optimal function value: 84.66180500000002
optimal value: [0. 0. 0. 0. 1. 0. 0. 0. 0. 0. 1. 0. 0. 1. 0. 0.]
status: SUCCESS
 ||[1.95736955e+00 5.66024291e+00 2.49819790e+00 6.92166712e+00
 2.32456297e+00 5.79521386e+00 9.07257217e-02 2.92535566e+00
 2.96358344e+00 4.07769817e+00 2.83019540e+00 7.11290689e-01
 1.47355806e+00 1.54930381e+00 2.70827799e+00 3.60613398e+00
 4.21332464e-02 1.36284288e+00 8.78162436e-01 5.75755055e+00
 2.40570550e+00 1.00294815e+00 2.50425472e+00 8.71772299e-01
 1.93972954e+00 7.95509599e-01 4.77732376e-03 5.47523006e+00
 6.57986798e-01 1.35386617e+00 3.08638934e+00 5.48157036e+00]
 ||second
 ||