optimal function value: 32.55298180999998
optimal value: [0. 1. 0. 0. 0. 0. 0. 1. 1. 0. 0. 0. 0. 0. 1. 0.]
status: SUCCESS
 ||[2.16131932 6.15841431 2.61048971 3.23194606 2.47460676 7.29597909
 0.92398647 1.9370519  0.78642847 1.62019117 1.0111947  1.67321719
 0.32175161 2.03999969 0.96222536 3.5665268  0.61704929 0.4330702
 0.61666019 3.39979064 1.21335522 4.59876962 2.50757318 2.58780967
 0.2758223  4.56475301 2.36146568 2.47031266 2.05683279 1.86530663
 2.86789194 5.22366124 2.47747308 5.9797387  0.72569979 3.41660171
 2.29154935 5.02030972 1.21930723 0.86441164]
 ||