optimal function value: 87.37602608000003
optimal value: [0. 0. 1. 0. 0. 1. 0. 1. 0. 0. 0. 0. 1. 0. 0. 0.]
status: SUCCESS
 ||[3.85691409 4.24492462 2.40899296 6.68386737 0.77467586 4.07609539
 2.86432485 5.48669542 1.83641164 2.0795715  2.29553125 7.2392932
 0.34863819 2.02186483 2.96276595 2.79917117 0.65548218 1.97684937
 2.84967028 2.06973034 1.31871452 3.97290766 2.5091625  3.09879665
 0.25435247 3.61215473 0.12689312 0.58466531 0.63947036 4.38728199
 0.90406148 4.32053076 0.51206878 0.72309769 1.07558317 4.41895801
 2.67826171 1.36441516 0.7406725  0.09101   ]
 ||second
 ||