optimal function value: 30.655645410000005
optimal value: [0. 0. 0. 1. 1. 0. 0. 0. 0. 1. 0. 0. 0. 0. 1. 0.]
status: SUCCESS
 ||[0.40936748 5.33380029 2.38745362 1.61327015 1.54929924 3.80958982
 2.029225   4.946382   0.27507486 0.17416753 2.59507854 2.71495469
 2.41300496 0.00725162 1.3790498  4.55654892 0.47672034 6.93438262
 2.81980605 1.20356152 0.03998538 3.3918887  2.95365558 2.39305032
 0.64474453 2.62072553 0.04380262 1.38649097 1.49842913 3.30844109
 0.72925005 1.4476214  0.68416852 2.88433415]
 ||first
 ||