optimal function value: 48.13067508999998
optimal value: [1. 0. 0. 0. 0. 0. 1. 0. 0. 1. 0. 0. 0. 0. 0. 1.]
status: SUCCESS
 ||[2.49081221 4.13116211 3.09370903 1.89572058 0.03403291 2.3544283
 0.86092435 5.09180691 2.16982435 3.77894052 2.753334   4.1553808
 0.45650484 2.7652795  0.51033542 5.69233453 0.18502936 5.14486521
 0.23445845 4.31640471 1.05873151 2.54236959 2.64640259 0.11696076
 0.19116052 5.74919586 1.59898606 0.57129704 3.10138888 5.94830796
 0.35339606 2.65888377]
 ||optimal function value: 48.13067508999998
optimal value: [1. 0. 0. 0. 0. 0. 1. 0. 0. 1. 0. 0. 0. 0. 0. 1.]
status: SUCCESS
 ||[2.49081221 4.13116211 3.09370903 1.89572058 0.03403291 2.3544283
 0.86092435 5.09180691 2.16982435 3.77894052 2.753334   4.1553808
 0.45650484 2.7652795  0.51033542 5.69233453 0.18502936 5.14486521
 0.23445845 4.31640471 1.05873151 2.54236959 2.64640259 0.11696076
 0.19116052 5.74919586 1.59898606 0.57129704 3.10138888 5.94830796
 0.35339606 2.65888377]
 ||