optimal function value: 61.949961970000004
optimal value: [1. 0. 0. 0. 0. 1. 0. 0. 0. 0. 0. 0. 0. 0. 0. 1.]
status: SUCCESS
 ||[1.45534548 3.34455265 0.43033188 6.43311382 0.02033645 3.14366166
 2.82158543 0.50865038 1.738039   3.88027894 0.14521941 2.57248671
 2.11047864 3.73877479 3.27864974 0.98964238 0.74713085 0.69666195
 1.59067483 5.80655639 1.85724592 4.86467931 1.18853864 4.69697891
 0.31881935 1.82903225 2.11890306 4.56065668 1.32424735 0.55051823
 0.83744828 1.31869706 0.88283193 5.08597469 0.62845828 5.57017492
 2.76313116 0.34474201]
 ||optimal function value: 61.949961970000004
optimal value: [1. 0. 0. 0. 0. 1. 0. 0. 0. 0. 0. 0. 0. 0. 0. 1.]
status: SUCCESS
 ||[1.45534548 3.34455265 0.43033188 6.43311382 0.02033645 3.14366166
 2.82158543 0.50865038 1.738039   3.88027894 0.14521941 2.57248671
 2.11047864 3.73877479 3.27864974 0.98964238 0.74713085 0.69666195
 1.59067483 5.80655639 1.85724592 4.86467931 1.18853864 4.69697891
 0.31881935 1.82903225 2.11890306 4.56065668 1.32424735 0.55051823
 0.83744828 1.31869706 0.88283193 5.08597469 0.62845828 5.57017492
 2.76313116 0.34474201]
 ||