optimal function value: 62.66379329
optimal value: [0. 0. 0. 0. 1. 0. 0. 0. 0. 0. 0. 1. 0. 1. 0. 0.]
status: SUCCESS
 ||[1.79510443 2.69477792 1.81610304 1.29494999 2.55510807 5.17476199
 2.05293938 2.00674924 1.63574303 2.05944503 0.78537892 5.98674189
 3.13073815 0.27993647 2.70228597 3.78992928 1.19885254 1.78202545
 2.12048209 2.87034367 2.1547121  4.15850405 0.41777054 4.82444493
 3.08637177 6.09088266 1.92683541 0.27810858 0.01275178 0.84175004
 2.95624318 1.90294199 1.15027699 5.64353488 0.98759491 3.4493709
 1.36983733 0.40837263 1.83641434 5.30345574]
 ||second
 ||