optimal function value: 105.14866093
optimal value: [0. 0. 0. 0. 1. 0. 0. 0. 0. 0. 0. 1. 0. 0. 1. 0.]
status: SUCCESS
 ||[3.03238217 0.07322188 2.31218449 0.9928265  3.0986855  0.10605347
 2.76299851 4.28105248 2.69341559 6.28201164 0.75311382 2.12421315
 2.22485256 1.76293848 0.82723079 1.43640869 2.69496635 5.49483403
 2.50576242 2.40361243 2.90546166 3.21303417 0.72692692 2.86226361
 1.31905331 0.49609943 1.77403175 2.26171702 2.78947908 5.84474808
 2.02812777 2.54534092 2.71297745 6.25287003 1.54019135 5.93773997
 0.05887873 0.88166533 0.5409925  5.89402432]
 ||second
 ||