optimal function value: 44.89361761000001
optimal value: [0. 0. 0. 1. 1. 0. 0. 0. 0. 0. 1. 0. 0. 1. 0. 0.]
status: SUCCESS
 ||[2.4426396  3.34151108 0.43409325 5.44161961 0.02429516 4.12880923
 2.83142945 1.55108107 1.77851754 3.81587163 0.0959434  2.37338151
 2.1799566  2.84283504 2.27352412 0.85454849 0.85575643 0.89388987
 1.58660228 5.80293937 1.85191421 4.86029008 1.20319224 4.68923791
 0.31450075 1.82260804 2.11382546 4.5462538  1.32464299 0.54553992
 0.82762415 1.31173215 0.88210999 5.09232125]
 ||second
 ||