optimal function value: 32.55298180999998
optimal value: [0. 0. 1. 0. 1. 0. 0. 0. 0. 0. 0. 1. 0. 1. 0. 0.]
status: SUCCESS
 ||[4.03238389 0.07324619 2.31226613 0.99288491 3.09864956 0.10607853
 2.76300035 4.2810366  2.69339549 6.2820178  0.75310207 2.12418409
 2.22482321 1.76294715 0.82723855 1.43641568 2.47141358 5.52954161
 2.54044975 1.34956349 2.94014077 3.24768625 0.76156675 2.89690718
 1.35378133 1.53081068 1.77402998 2.26170247 1.78949614 5.84470769
 2.02817176 2.54528996]
 ||optimal function value: 32.55298180999998
optimal value: [0. 0. 1. 0. 1. 0. 0. 0. 0. 0. 0. 1. 0. 1. 0. 0.]
status: SUCCESS
 ||[4.03238389 0.07324619 2.31226613 0.99288491 3.09864956 0.10607853
 2.76300035 4.2810366  2.69339549 6.2820178  0.75310207 2.12418409
 2.22482321 1.76294715 0.82723855 1.43641568 2.47141358 5.52954161
 2.54044975 1.34956349 2.94014077 3.24768625 0.76156675 2.89690718
 1.35378133 1.53081068 1.77402998 2.26170247 1.78949614 5.84470769
 2.02817176 2.54528996]
 ||