optimal function value: 127.76878307999999
optimal value: [0. 0. 0. 0. 1. 0. 0. 0. 0. 1. 1. 0. 0. 0. 0. 1.]
status: SUCCESS
 ||[1.49170079 5.13104349 3.09635952 0.89459709 0.03259779 2.3517545
 0.8584055  5.08957274 2.14052393 3.77446395 1.75399669 4.15330336
 0.45562032 2.76386013 0.50974722 5.69120227 0.18184796 5.14497826
 0.23520254 4.31700812 1.05890362 2.54087084 2.64528943 0.11926474
 0.19031928 5.7501738  1.59832206 0.57068265 3.10224765 5.94757699
 0.3518777  3.65502422 0.42793604 1.96802005]
 ||second
 ||