optimal function value: 72.55634906999998
optimal value: [1. 0. 0. 0. 0. 0. 0. 0. 0. 0. 0. 1. 0. 1. 1. 0.]
status: SUCCESS
 ||[2.63901828 6.06852799 3.0174813  1.81839319 2.40670952 4.42488578
 2.07782268 0.69217296 0.08466529 2.41381468 2.34490934 1.5859042
 1.57573213 1.99456901 3.65890858 5.93883747 1.26157723 6.27341184
 1.3204133  5.1057903  2.75000007 0.94817986 2.21657527 3.51163049
 3.00084251 1.31962481 1.69649341 5.54462818 2.00677123 1.94269935
 0.25709998 5.90463834 1.48931591 6.2600274  0.44510794 5.10328175
 2.55530372 5.78033563]
 ||optimal function value: 72.55634906999998
optimal value: [1. 0. 0. 0. 0. 0. 0. 0. 0. 0. 0. 1. 0. 1. 1. 0.]
status: SUCCESS
 ||[2.63901828 6.06852799 3.0174813  1.81839319 2.40670952 4.42488578
 2.07782268 0.69217296 0.08466529 2.41381468 2.34490934 1.5859042
 1.57573213 1.99456901 3.65890858 5.93883747 1.26157723 6.27341184
 1.3204133  5.1057903  2.75000007 0.94817986 2.21657527 3.51163049
 3.00084251 1.31962481 1.69649341 5.54462818 2.00677123 1.94269935
 0.25709998 5.90463834 1.48931591 6.2600274  0.44510794 5.10328175
 2.55530372 5.78033563]
 ||