optimal function value: 63.02959926
optimal value: [0. 1. 0. 0. 0. 0. 0. 0. 0. 0. 1. 0. 1. 0. 0. 0.]
status: SUCCESS
 ||[2.490909   4.13115702 3.09359213 0.89598641 0.03419697 2.3545852
 0.86116246 5.09158432 2.16950445 3.77910446 1.75376997 4.15517835
 0.45655091 2.76497225 0.50981346 5.69239944 0.18482384 5.14746623
 0.23018601 4.33109211 1.05840266 2.54224029 2.64642056 0.11687743
 0.19102843 5.74933796 1.59881924 0.57170898 3.10114405 5.9483448
 0.35352346 2.65887717 0.42421131 1.96394576 1.95227615 1.02741795
 2.18915677 0.32262653 0.53788692 5.12526827]
 ||