optimal function value: 65.63476764
optimal value: [0. 0. 1. 0. 1. 0. 0. 0. 0. 1. 0. 1. 0. 0. 0. 0.]
status: SUCCESS
 ||[4.03267144 1.07373384 2.30941065 0.99301436 3.09895092 0.10581504
 2.76673223 4.28192473 2.68863958 6.28189945 0.75413763 2.11983275
 2.2259974  1.76436619 0.82830952 1.43740382 2.69592333 5.49471301
 2.50541941 1.4039953  2.90513069 3.21270105 0.72771187 2.86326948
 1.31960168 0.49629591 1.77348588 2.26233592 1.78968968 5.84556242
 3.02846089 2.54478525 2.71338674 6.25350321]
 ||second
 ||