optimal function value: 75.84751230999998
optimal value: [1. 0. 0. 0. 0. 0. 0. 1. 0. 0. 1. 0. 0. 0. 1. 0.]
status: SUCCESS
 ||[ 1.56464799  5.15537048  2.05052486  2.23378599  1.55520265  3.09936689
  1.5103944   2.87926952  0.82658528  1.59526212  2.17409854  2.04093585
  2.10598238  4.94956232  2.70790812  5.93412963  0.73520398  1.49310123
  2.30259481  3.61700149  0.62721763  4.25803234  2.73634183  5.24903843
  0.67063746  1.86824211 -0.10273068  6.15813455  0.68536652  4.56314808
  1.67719278  3.72513459  1.6827159   5.22688919]
 ||optimal function value: 75.84751230999998
optimal value: [1. 0. 0. 0. 0. 0. 0. 1. 0. 0. 1. 0. 0. 0. 1. 0.]
status: SUCCESS
 ||[ 1.56464799  5.15537048  2.05052486  2.23378599  1.55520265  3.09936689
  1.5103944   2.87926952  0.82658528  1.59526212  2.17409854  2.04093585
  2.10598238  4.94956232  2.70790812  5.93412963  0.73520398  1.49310123
  2.30259481  3.61700149  0.62721763  4.25803234  2.73634183  5.24903843
  0.67063746  1.86824211 -0.10273068  6.15813455  0.68536652  4.56314808
  1.67719278  3.72513459  1.6827159   5.22688919]
 ||