optimal function value: 65.44250374999999
optimal value: [1. 0. 0. 0. 0. 1. 0. 0. 0. 0. 0. 0. 0. 0. 0. 1.]
status: SUCCESS
 ||[2.61456197 5.10247166 4.04040566 1.78164441 2.34613698 4.38375132
 2.1414641  1.75559994 0.13499936 2.49510364 2.81640199 2.58185954
 1.56952639 1.98274529 2.655845   5.92361624 1.25787978 6.26850666
 0.18160787 5.09958521 2.74130366 0.94096998 2.21588167 3.51009301
 2.9941469  1.31102638 1.68831587 5.54917713 3.0152542  1.9359668
 0.24369275 5.90303586 1.48170964 6.25290785 0.43722537 5.08461193
 2.54762312 5.77763954 0.04830452 2.33609114]
 ||