optimal function value: 94.30774331999999
optimal value: [1. 0. 0. 0. 0. 0. 0. 1. 0. 0. 1. 0. 0. 0. 0. 0.]
status: SUCCESS
 ||[1.74758487 3.41941187 1.16227778 3.79449787 1.96565047 0.41192021
 0.04140042 5.26203528 0.81483206 1.47238325 3.24915272 2.92455166
 2.62781683 2.99299939 2.00770629 0.94632341 1.99441699 5.45419583
 1.64367491 4.65742072 2.10926567 0.40227733 2.38220236 3.71398038
 0.94639326 0.19484197 2.71913938 2.97040084 2.25818197 5.52176564
 2.24352855 5.7874604  1.24083107 5.03236293]
 ||second
 ||