optimal function value: 80.10546582
optimal value: [0. 1. 0. 0. 0. 0. 1. 0. 0. 0. 0. 0. 0. 0. 0. 1.]
status: SUCCESS
 ||[2.0173339  1.9473991  2.04499506 0.45515327 1.68364217 2.29771656
 0.18230789 3.18826632 0.11754728 3.72483519 0.21945045 0.56984045
 1.33379595 5.19534128 0.38888416 1.40257087 1.97094452 5.95455519
 1.81288268 2.49237858 3.06693212 0.29255473 2.69702545 1.81984055
 0.45304609 0.73995197 0.96911521 5.12782641 0.56769729 3.65416515
 2.00701262 2.33956195 1.72072983 1.39457223 0.18749756 1.29392154]
 ||second
 ||