optimal function value: 70.08851390000001
optimal value: [0. 0. 1. 0. 0. 0. 0. 1. 0. 1. 0. 0. 0. 1. 0. 0.]
status: SUCCESS
 ||[2.79947417 2.70661643 1.82803261 2.31860974 2.54680468 5.19116578
 2.01891524 0.97270748 1.62392809 2.0455864  0.77492394 6.95549531
 3.10584684 0.25353099 2.92333244 3.87811779 1.19511761 1.7773996
 2.11594108 2.87210289 2.14150643 4.15521741 0.4126649  4.8209039
 3.08135418 6.08701663 1.9181274  0.27748277 0.01083266 0.83768016
 2.95542281 1.90025287 1.14450212 5.63804879 0.98275171 3.4466995
 1.36395278 0.4045495  1.82785624 5.29701408]
 ||