optimal function value: 75.84751230999998
optimal value: [0. 1. 0. 0. 1. 0. 0. 0. 0. 1. 0. 0. 0. 0. 0. 1.]
status: SUCCESS
 ||[1.01909056 0.9500025  2.04845324 0.45500198 1.6804942  2.30156099
 0.18282545 3.191049   0.11757257 3.72678839 0.21517208 0.56532008
 1.33117188 5.19360506 0.38610487 1.40515537 1.96739495 5.95671428
 1.81446881 2.48941713 3.06117903 1.29208526 2.69791638 1.82320779
 0.45346272 0.74332208 0.97149377 5.339253   0.42990816 3.65267099
 3.0056024  2.34028576 1.72147218 0.39839816]
 ||first
 ||