optimal function value: 87.45286079999997
optimal value: [1. 0. 1. 0. 0. 0. 0. 0. 0. 0. 0. 1. 0. 1. 0. 0.]
status: SUCCESS
 ||[4.00365693 5.95524967 1.17816365 0.53092888 2.62361666 4.62356058
 2.10320678 1.93284916 1.90598915 3.81274278 1.82564749 0.99437448
 1.35160234 2.47175594 2.27509243 6.24937137 2.98126208 3.41666642
 2.39511148 1.68575311 0.11300253 0.17279181 1.46049462 2.0010517
 1.19399693 5.60362064 1.65177764 3.52194232 0.74177133 0.15000906
 1.02157351 0.85902906 1.60290162 6.27497789 2.11913657 1.14294913
 2.80758769 5.00620094 2.30703339 5.6965196 ]
 ||first
 ||