optimal function value: 68.07826849
optimal value: [1. 0. 0. 0. 0. 0. 1. 0. 0. 0. 0. 1. 1. 0. 0. 0.]
status: SUCCESS
 ||[2.82963027 7.12701942 0.21808405 0.53135874 2.63431479 4.62662915
 2.11072529 1.94292319 1.90923392 3.82579683 1.83702712 1.01651097
 1.35736697 2.47780188 2.29978655 6.24904956 2.99861947 4.41625521
 1.38442597 1.69169542 0.10502433 1.29270098 1.46821369 2.00191136
 1.19432017 5.60273079 1.6511467  3.52268713 0.74288865 0.15027994
 1.02349806 0.85868171 1.60393894 6.27359058]
 ||first
 ||