optimal function value: 44.55872038000001
optimal value: [0. 0. 1. 0. 0. 1. 0. 0. 0. 0. 0. 1. 1. 0. 0. 0.]
status: SUCCESS
 ||[0.73880655 0.64080563 1.23292985 0.97247255 0.69744429 2.50324818
 3.8997737  5.00710611 2.39398135 1.33124679 1.64464202 2.72501559
 0.52971339 0.67586943 0.64076602 5.84112431 2.62020973 5.0785409
 2.52584774 1.21998045 0.97837166 3.93045087 2.30423915 5.35585749
 2.77522729 0.5368602  1.90070404 4.21005255 1.60283193 1.11185817
 1.48442137 0.55059742 3.95319883 5.41606146]
 ||second
 ||