optimal function value: 62.24957653000001
optimal value: [0. 0. 0. 1. 0. 0. 0. 0. 0. 1. 0. 0. 1. 0. 0. 0.]
status: SUCCESS
 ||[0.74760618 4.41918877 1.16228263 3.7947042  1.96582426 0.41172428
 0.04138289 5.26191516 0.81476391 1.47228205 3.12776288 2.95466665
 3.62785976 2.99298402 2.00774689 0.94635255 1.99445682 5.45406038
 1.64377808 4.65730772 3.10936208 0.40230918 2.38207488 3.71395278
 0.94649993 0.19476934 2.71909397 2.97045921 2.2582094  5.52176178
 2.24355423 5.78745484 1.24068329 5.03222856 2.39690974 5.87847062
 2.76103958 0.61229198]
 ||optimal function value: 62.24957653000001
optimal value: [0. 0. 0. 1. 0. 0. 0. 0. 0. 1. 0. 0. 1. 0. 0. 0.]
status: SUCCESS
 ||[0.74760618 4.41918877 1.16228263 3.7947042  1.96582426 0.41172428
 0.04138289 5.26191516 0.81476391 1.47228205 3.12776288 2.95466665
 3.62785976 2.99298402 2.00774689 0.94635255 1.99445682 5.45406038
 1.64377808 4.65730772 3.10936208 0.40230918 2.38207488 3.71395278
 0.94649993 0.19476934 2.71909397 2.97045921 2.2582094  5.52176178
 2.24355423 5.78745484 1.24068329 5.03222856 2.39690974 5.87847062
 2.76103958 0.61229198]
 ||