optimal function value: 34.11246652
optimal value: [0. 0. 0. 1. 1. 0. 0. 0. 0. 1. 0. 0. 0. 0. 1. 0.]
status: SUCCESS
 ||[2.6453675  6.07396254 3.0123965  1.82398285 2.4117636  4.60606716
 1.89719098 0.69279428 1.08483318 2.41566213 2.34838157 1.58689312
 1.57730547 1.99615573 2.65929823 5.93885149 1.2618299  6.27399564
 0.19578639 5.10629765 2.76038457 0.82457392 2.21816228 3.51313374
 3.00286364 1.32111097 1.69783864 5.54612616 2.00826728 1.94429098
 0.25867759 5.90626317 1.49092964 6.26161966 0.44639722 5.10471932
 2.55682369 5.78187796]
 ||optimal function value: 34.11246652
optimal value: [0. 0. 0. 1. 1. 0. 0. 0. 0. 1. 0. 0. 0. 0. 1. 0.]
status: SUCCESS
 ||[2.6453675  6.07396254 3.0123965  1.82398285 2.4117636  4.60606716
 1.89719098 0.69279428 1.08483318 2.41566213 2.34838157 1.58689312
 1.57730547 1.99615573 2.65929823 5.93885149 1.2618299  6.27399564
 0.19578639 5.10629765 2.76038457 0.82457392 2.21816228 3.51313374
 3.00286364 1.32111097 1.69783864 5.54612616 2.00826728 1.94429098
 0.25867759 5.90626317 1.49092964 6.26161966 0.44639722 5.10471932
 2.55682369 5.78187796]
 ||