optimal function value: 87.45286079999997
optimal value: [1. 0. 1. 0. 0. 0. 0. 0. 0. 1. 0. 0. 0. 0. 0. 1.]
status: SUCCESS
 ||[0.69893221 6.04779276 0.3981073  4.42956383 0.26871204 1.55592309
 3.14022735 1.31712114 2.01762495 2.88648476 2.42404073 3.10991072
 0.60407426 5.21838351 0.28158158 1.47113641 1.06264334 2.6779649
 2.28043313 5.66828386 1.19137173 0.71418028 0.81227296 6.23128
 0.19829871 3.89655976 1.18592686 4.1395097  1.07004012 4.32441981
 1.58562405 5.0885582  2.83228827 3.6546321  1.44663713 0.40344526
 2.96673923 3.06764166 0.61098241 5.94461238]
 ||first
 ||