optimal function value: 73.50787463999995
optimal value: [1. 0. 1. 0. 0. 1. 0. 0. 0. 0. 0. 0. 0. 0. 0. 1.]
status: SUCCESS
 ||[0.33562039 4.41446853 2.04849021 5.90845835 0.85176045 1.60713323
 2.306144   4.13713404 0.95184712 4.2991825  1.24615183 4.88525991
 0.37188523 1.40286933 2.83198806 2.24952517 0.81807788 5.05341982
 1.98440681 0.94066297 1.73208808 4.17203238 0.51821546 4.09476136
 1.38646031 2.11784409 0.26137501 1.28440605 3.0724687  2.53653556
 3.11143169 2.75608068 1.90858024 5.48267378 2.15792706 0.70078769
 1.85066397 3.98182812]
 ||optimal function value: 73.50787463999995
optimal value: [1. 0. 1. 0. 0. 1. 0. 0. 0. 0. 0. 0. 0. 0. 0. 1.]
status: SUCCESS
 ||[0.33562039 4.41446853 2.04849021 5.90845835 0.85176045 1.60713323
 2.306144   4.13713404 0.95184712 4.2991825  1.24615183 4.88525991
 0.37188523 1.40286933 2.83198806 2.24952517 0.81807788 5.05341982
 1.98440681 0.94066297 1.73208808 4.17203238 0.51821546 4.09476136
 1.38646031 2.11784409 0.26137501 1.28440605 3.0724687  2.53653556
 3.11143169 2.75608068 1.90858024 5.48267378 2.15792706 0.70078769
 1.85066397 3.98182812]
 ||