optimal function value: 60.964423169999975
optimal value: [0. 0. 1. 0. 0. 1. 0. 0. 1. 0. 0. 0. 0. 0. 0. 0.]
status: SUCCESS
 ||[2.01736044 0.94810694 2.04518318 0.45587075 2.68423486 2.29774202
 0.18259909 3.18849987 0.11775086 2.7241569  0.2192791  0.57015137
 1.33369265 5.19605272 0.38755468 1.40214709 1.97028536 5.95459479
 1.81202007 2.49260917 3.066119   0.29352494 2.69690485 1.8193505
 0.45234243 0.74013498 0.96833779 5.12761945 0.56790713 3.65375846
 2.00648173 2.3401065  1.72070923 0.3938032  0.21624367 1.17123089
 2.13557533 2.68714687]
 ||optimal function value: 60.964423169999975
optimal value: [0. 0. 1. 0. 0. 1. 0. 0. 1. 0. 0. 0. 0. 0. 0. 0.]
status: SUCCESS
 ||[2.01736044 0.94810694 2.04518318 0.45587075 2.68423486 2.29774202
 0.18259909 3.18849987 0.11775086 2.7241569  0.2192791  0.57015137
 1.33369265 5.19605272 0.38755468 1.40214709 1.97028536 5.95459479
 1.81202007 2.49260917 3.066119   0.29352494 2.69690485 1.8193505
 0.45234243 0.74013498 0.96833779 5.12761945 0.56790713 3.65375846
 2.00648173 2.3401065  1.72070923 0.3938032  0.21624367 1.17123089
 2.13557533 2.68714687]
 ||