optimal function value: 24.800655089999992
optimal value: [0. 1. 0. 0. 1. 0. 0. 0. 0. 0. 0. 1. 0. 0. 1. 0.]
status: SUCCESS
 ||[1.95304119e+00 4.65130704e+00 2.49284194e+00 6.92167461e+00
 2.32494350e+00 5.79531079e+00 9.21484753e-02 2.92615160e+00
 2.96318974e+00 4.07601902e+00 2.83004190e+00 7.11607011e-01
 1.47413045e+00 1.54804919e+00 1.70766686e+00 3.60707126e+00
 4.23616271e-02 1.36352405e+00 8.82534905e-01 5.75048005e+00
 2.40593587e+00 1.00358661e+00 2.50447067e+00 8.70845587e-01
 1.94089536e+00 1.79667509e+00 6.34943717e-03 5.45887405e+00
 6.60034278e-01 1.35350972e+00 3.08648411e+00 5.48223406e+00
 9.08488319e-01 6.04205390e+00 1.69226654e+00 4.26241312e+00
 6.39291181e-01 5.91665009e+00 2.17064204e+00 6.07259337e+00]
 ||second
 ||