optimal function value: 44.89361761000001
optimal value: [0. 0. 1. 0. 0. 1. 0. 0. 0. 0. 0. 1. 1. 0. 0. 0.]
status: SUCCESS
 ||[2.63984362 5.06854708 3.01749134 1.81973856 2.40684382 4.42481519
 2.07783778 1.69208242 0.08459705 2.41383197 2.34483751 2.5857994
 1.57588228 1.99456664 2.65885516 5.93880487 1.26169649 6.27341661
 0.19535048 6.10583434 2.75004646 0.94815067 2.21651689 3.51169871
 3.00098855 1.31942824 1.69643432 5.54458735 2.00672189 1.94281663
 0.25718702 5.90475348 1.48939498 6.26007112 0.44484975 5.10324941
 2.55524858 5.78030102 0.05597282 2.33847236]
 ||second
 ||