optimal function value: 91.83680317000002
optimal value: [1. 0. 0. 0. 0. 1. 0. 0. 0. 0. 0. 0. 0. 0. 0. 1.]
status: SUCCESS
 ||[2.79513378 2.69472434 2.81619718 1.29489242 2.5551126  6.1748082
 2.05295735 1.00671432 1.63576914 2.05946117 0.78542953 5.98668882
 3.13075147 0.27998078 2.70226481 3.78998697 1.19881915 1.78201755
 2.12044521 2.87037602 2.15469713 4.15851292 0.41777204 4.82447517
 3.08630664 6.09093025 1.92681315 0.2781049  0.01273527 0.84178439
 2.95626328 1.90295328 1.15028513 5.6435007  0.9875661  3.44934526]
 ||second
 ||