optimal function value: 63.02959926
optimal value: [0. 1. 0. 0. 0. 0. 0. 0. 0. 0. 1. 0. 1. 0. 0. 0.]
status: SUCCESS
 ||[2.12608034 4.93150252 1.63583812 3.21356736 1.23513461 6.26322216
 0.90794629 1.9309959  0.81970079 1.63568162 1.0292341  1.77142381
 0.2470648  2.04680404 1.07590224 3.49918861 0.63366106 0.44523147
 0.63664926 3.40808442 1.22003121 4.60829029 2.52248482 2.60388354
 0.31169437 4.5739519  2.37374829 2.48892007 2.06759103 1.87860908
 2.87386268 5.23882344 2.48807    5.99266087]
 ||optimal function value: 63.02959926
optimal value: [0. 1. 0. 0. 0. 0. 0. 0. 0. 0. 1. 0. 1. 0. 0. 0.]
status: SUCCESS
 ||[2.12608034 4.93150252 1.63583812 3.21356736 1.23513461 6.26322216
 0.90794629 1.9309959  0.81970079 1.63568162 1.0292341  1.77142381
 0.2470648  2.04680404 1.07590224 3.49918861 0.63366106 0.44523147
 0.63664926 3.40808442 1.22003121 4.60829029 2.52248482 2.60388354
 0.31169437 4.5739519  2.37374829 2.48892007 2.06759103 1.87860908
 2.87386268 5.23882344 2.48807    5.99266087]
 ||