optimal function value: 34.534382419999986
optimal value: [0. 0. 1. 0. 0. 1. 0. 0. 0. 0. 0. 1. 1. 0. 0. 0.]
status: SUCCESS
 ||[1.54393603e+00 5.20103140e+00 1.33183425e+00 1.23759071e+00
 1.53364388e+00 3.05336869e+00 1.45692413e+00 2.86184748e+00
 2.36321309e+00 1.57846452e+00 2.16476314e+00 2.03874606e+00
 2.11508317e+00 4.94693264e+00 2.85462251e+00 5.91230935e+00
 7.62553357e-01 1.45994380e+00 2.33153934e+00 3.61499997e+00
 6.36562529e-01 4.42669845e+00 3.76019470e+00 5.23884472e+00
 1.69386686e+00 1.85195070e+00 2.23493404e-03 5.85070158e+00
 6.57896034e-01 4.53399898e+00 2.70331944e+00 3.70043403e+00
 1.65980397e+00 5.14636318e+00 1.88803797e+00 1.90467974e+00
 3.44706286e-01 2.96661162e+00]
 ||optimal function value: 34.534382419999986
optimal value: [0. 0. 1. 0. 0. 1. 0. 0. 0. 0. 0. 1. 1. 0. 0. 0.]
status: SUCCESS
 ||[1.54393603e+00 5.20103140e+00 1.33183425e+00 1.23759071e+00
 1.53364388e+00 3.05336869e+00 1.45692413e+00 2.86184748e+00
 2.36321309e+00 1.57846452e+00 2.16476314e+00 2.03874606e+00
 2.11508317e+00 4.94693264e+00 2.85462251e+00 5.91230935e+00
 7.62553357e-01 1.45994380e+00 2.33153934e+00 3.61499997e+00
 6.36562529e-01 4.42669845e+00 3.76019470e+00 5.23884472e+00
 1.69386686e+00 1.85195070e+00 2.23493404e-03 5.85070158e+00
 6.57896034e-01 4.53399898e+00 2.70331944e+00 3.70043403e+00
 1.65980397e+00 5.14636318e+00 1.88803797e+00 1.90467974e+00
 3.44706286e-01 2.96661162e+00]
 ||