optimal function value: 123.73704050999999
optimal value: [0. 0. 1. 0. 1. 0. 0. 1. 0. 1. 0. 0. 0. 0. 0. 0.]
status: SUCCESS
 ||[2.01540133e+00 5.57070862e+00 2.45844912e+00 5.86816217e+00
 3.17193874e+00 5.58654627e+00 1.35572441e-02 2.89627107e+00
 2.87963300e+00 4.02101082e+00 3.10376588e+00 7.13782722e-01
 1.84410475e+00 2.55350731e+00 1.69746662e+00 3.60189068e+00
 3.23181703e-02 1.34705115e+00 8.74054723e-01 5.75530857e+00
 2.39609462e+00 9.88708303e-01 2.49812112e+00 8.63534155e-01
 1.93205936e+00 7.90947881e-01 3.83897993e-03 5.46940975e+00
 6.53949876e-01 1.33845430e+00 3.06045906e+00 5.47645954e+00
 9.01360566e-01 6.01273801e+00 1.69322411e+00 4.24498814e+00]
 ||second
 ||