optimal function value: 63.14874757999999
optimal value: [0. 1. 0. 0. 0. 0. 0. 0. 0. 0. 1. 0. 0. 0. 0. 1.]
status: SUCCESS
 ||[1.42163446 5.32433739 2.39925406 1.60231351 1.55604536 2.82337698
 2.04768544 4.95628115 0.29583886 0.17845013 2.62566092 2.71955197
 3.39492217 0.01371084 1.39936278 4.53405746 0.71845449 5.94079101
 2.82987959 0.19103095 0.07982922 3.40252193 2.95271062 2.39625574
 0.67965691 2.65349933 0.09075254 2.39317643 1.37580555 4.11356055
 0.73263194 1.44768281 0.68730322 2.88647912 0.91108371 0.13556636
 2.63159686 3.49656083]
 ||first
 ||