optimal function value: 64.74549821999997
optimal value: [0. 0. 0. 0. 0. 1. 0. 0. 0. 0. 1. 0. 0. 0. 0. 1.]
status: SUCCESS
 ||[4.00308561 0.06529231 2.33490021 1.01560252 3.11134602 0.18542816
 2.72450931 4.32136689 2.65096424 6.35410045 0.71190505 2.18976
 2.18730226 1.42653452 1.81070255 1.51527009 2.67488144 5.530401
 2.45537187 1.36859445 2.89235534 3.15770657 0.743354   2.80242604
 1.35066294 0.42782408 1.78777323 2.20852201 1.8078439  6.8245912
 1.95823815 2.55559197 2.71116452 6.26725359]
 ||optimal function value: 64.74549821999997
optimal value: [0. 0. 0. 0. 0. 1. 0. 0. 0. 0. 1. 0. 0. 0. 0. 1.]
status: SUCCESS
 ||[4.00308561 0.06529231 2.33490021 1.01560252 3.11134602 0.18542816
 2.72450931 4.32136689 2.65096424 6.35410045 0.71190505 2.18976
 2.18730226 1.42653452 1.81070255 1.51527009 2.67488144 5.530401
 2.45537187 1.36859445 2.89235534 3.15770657 0.743354   2.80242604
 1.35066294 0.42782408 1.78777323 2.20852201 1.8078439  6.8245912
 1.95823815 2.55559197 2.71116452 6.26725359]
 ||