optimal function value: 82.43943937
optimal value: [0. 0. 1. 0. 0. 0. 0. 1. 0. 0. 0. 0. 0. 1. 0. 0.]
status: SUCCESS
 ||[0.74071896 0.64752214 1.24366813 0.9731618  1.20766757 2.52292516
 2.88383452 6.02935706 2.40299284 1.39419492 1.68638434 1.73887565
 0.54204819 0.6681186  0.67361225 5.82584556 2.60433922 6.06925307
 2.51516795 1.21585797 0.97372478 3.93875875 2.29806988 5.36862063
 2.76428131 0.54445965 1.90491703 4.22233162 1.58912941 1.11677324
 1.49099131 0.56181708 2.93634431 5.43871879 1.72149093 1.88779832]
 ||first
 ||