optimal function value: 96.48870443999999
optimal value: [0. 0. 0. 0. 0. 1. 0. 0. 0. 0. 0. 1. 1. 0. 1. 0.]
status: SUCCESS
 ||[1.42222052 5.32586594 3.39940721 1.60299702 1.43066139 2.67648912
 2.13683234 5.04745061 1.38541389 0.17792525 2.63067168 2.72222855
 2.39924779 0.01640196 1.40360565 4.53796041 0.72348698 5.94938987
 2.83821683 0.19650425 0.08462914 3.40597802 2.95445607 2.39938574
 0.68494769 2.65732914 0.09601382 1.39798205 2.37870264 4.11412548
 0.73227503 1.45050822 0.68705891 2.88769907 0.91019531 0.13504043]
 ||second
 ||