optimal function value: 60.964423169999975
optimal value: [0. 0. 1. 0. 0. 0. 0. 1. 1. 0. 0. 0. 0. 0. 0. 0.]
status: SUCCESS
 ||[1.48613023 4.12951145 2.10447417 0.88425845 0.0262531  2.35519587
 0.86017667 5.08947162 2.16675151 3.77887921 1.75937601 4.15080536
 0.46790307 2.77193054 0.51653645 5.70026097 0.17469178 5.14136495
 0.23407116 4.31204618 1.05491015 2.53779985 3.64615158 1.11875691
 1.19148511 5.74999743 1.5977713  0.57162538 3.11711717 5.93106003
 0.3539145  2.65910051 0.41893171 1.9611631  1.95140557 1.02643084
 2.18296702 0.31864794 0.53851471 5.12532928]
 ||