optimal function value: 85.74198708
optimal value: [0. 0. 0. 1. 0. 1. 0. 0. 0. 0. 1. 0. 1. 0. 0. 0.]
status: SUCCESS
 ||[0.56945765 5.15596851 1.0519436  1.24372733 1.53763592 3.10361597
 1.50755633 3.87873526 0.83115581 1.59459916 2.17368795 2.03856923
 2.12010176 4.94583655 2.72053018 5.93154966 0.73698153 1.49135145
 2.30874607 3.61620039 0.63407082 4.25757344 2.74355438 5.25161627
 0.67890034 1.87828233 0.02113495 6.13039154 0.6923012  4.5686567
 1.68987009 3.72892612 1.65471318 5.18709404 1.88459306 1.9052786
 0.36069645 2.99947196 2.89855207 0.91229097]
 ||second
 ||