optimal function value: 65.63476764
optimal value: [0. 0. 0. 1. 0. 1. 0. 0. 1. 0. 1. 0. 0. 0. 0. 0.]
status: SUCCESS
 ||[3.00347443 5.95533742 1.1777104  1.53327627 2.62481128 4.62425028
 2.10401623 2.93607575 1.90363121 3.81265256 1.82591402 0.99514378
 1.3529746  2.47263117 2.27140586 6.25064086 2.98260045 3.41916522
 1.39753143 2.68539159 0.11285329 0.17245431 1.46051316 3.0009898
 1.19384379 5.60330798 1.65168936 3.52181175 0.74179927 0.14990844
 1.0214734  0.85891296 1.60292126 6.27491233 2.11893321 1.14255812
 2.80727819 5.00617144]
 ||second
 ||