optimal function value: 122.93324347999999
optimal value: [0. 0. 0. 0. 1. 0. 0. 0. 0. 0. 1. 0. 0. 1. 0. 0.]
status: SUCCESS
 ||[0.42110356 5.32457665 2.39745076 1.6026522  1.55499161 2.82457707
 3.04502759 4.95762509 0.29451727 0.17863698 2.62640415 2.71608189
 2.3946473  0.01087898 1.39662788 4.52969028 0.71637222 6.93901439
 2.83342637 0.19257177 0.07942088 3.40201092 2.94958664 2.39425623
 0.68900004 2.63870955 0.10817452 1.37381927 1.37541419 3.1156348
 0.73191381 1.45191769 0.68608218 2.88703126 0.91065764 0.13550466]
 ||second
 ||