optimal function value: 94.30774331999999
optimal value: [0. 0. 1. 0. 0. 1. 0. 0. 1. 0. 0. 0. 0. 0. 0. 0.]
status: SUCCESS
 ||[ 3.49054781  6.13235229  1.51873649  1.6279906  -0.0109013   4.64146809
  1.34370141  4.58509848  1.99348821  4.8342904   0.84013395  5.02305859
  2.27816557  2.59940255  1.67923717  4.26685519  0.59626022  3.4636386
  2.52053627  1.65920239  2.50177796  4.29258368  2.63983948  2.08623429
  0.28205192  5.01632671  2.52065516  2.77354048  0.28355023  1.22458803
  1.96864839  1.82358847]
 ||second
 ||