optimal function value: 62.06260308999998
optimal value: [0. 0. 1. 0. 0. 0. 0. 1. 1. 0. 0. 0. 0. 0. 0. 0.]
status: SUCCESS
 ||[2.66762344 5.06706202 3.02772328 1.79453359 2.41081828 4.41536172
 3.04289278 0.70903626 0.05103932 2.37068116 2.36832227 1.61870088
 1.54057707 1.94454157 2.31524702 6.28519728 1.26642986 6.28108958
 0.19995429 5.11104015 2.75454812 0.9537584  2.22069326 3.51557497
 2.99932803 1.32621427 1.70489365 6.5555546  2.00156305 1.94025401
 1.25805183 5.89252158 1.48752865 6.24990245]
 ||second
 ||