optimal function value: 70.38812846000002
optimal value: [1. 0. 0. 0. 0. 0. 0. 0. 0. 0. 1. 1. 0. 1. 0. 0.]
status: SUCCESS
 ||[4.00345961 5.95537125 0.17763106 1.00549224 2.62476019 4.45988919
 2.10402016 1.93607867 1.90364037 4.81266539 1.82591421 0.99515335
 2.35299185 3.47262199 2.27140922 6.25063384 2.98261119 4.41914728
 1.39753642 1.68537983 0.11285233 0.17242021 1.4605095  2.00096746
 1.19386865 5.60327964 1.65170696 3.52179049 0.7417977  0.14992312
 1.02148203 0.85884959 1.60294769 6.27491434 2.11894953 1.14256399
 3.80721451 5.00618805 2.30718291 5.69631335]
 ||