optimal function value: 92.79299527
optimal value: [0. 1. 0. 0. 1. 0. 0. 0. 0. 0. 0. 0. 0. 0. 1. 1.]
status: SUCCESS
 ||[1.71237321 7.04617158 0.39688122 4.4285142  0.26748733 1.55470189
 3.13882565 2.31577612 2.01664987 2.8849585  1.42365568 3.10999387
 0.60380623 5.21831148 0.28166679 1.47144554 0.06272451 2.67608502
 1.28055768 5.66784347 1.19080184 1.71457445 0.81171426 6.23042039
 0.19813066 3.89653474 1.18503748 4.15228652 2.06317988 4.34357172
 1.56328105 4.08234521 2.83175917 3.65398047 0.44654219 0.40443804]
 ||second
 ||