optimal function value: 63.02959926
optimal value: [1. 0. 0. 0. 0. 0. 0. 0. 0. 1. 0. 0. 0. 0. 0. 1.]
status: SUCCESS
 ||[0.96251381 1.9584237  2.05785286 1.38410451 1.68733939 2.30096414
 0.18237912 3.17020944 0.13582718 2.72797613 0.21965547 0.57900005
 1.32018058 6.18769109 0.4005516  1.38410422 2.95458097 5.96255317
 1.81440921 2.48943291 3.07131716 0.28840245 2.66780851 1.82569797
 0.45809393 0.73971662 0.97103239 6.12842943 0.56917497 3.65750771
 3.01259822 2.3408803 ]
 ||optimal function value: 63.02959926
optimal value: [1. 0. 0. 0. 0. 0. 0. 0. 0. 1. 0. 0. 0. 0. 0. 1.]
status: SUCCESS
 ||[0.96251381 1.9584237  2.05785286 1.38410451 1.68733939 2.30096414
 0.18237912 3.17020944 0.13582718 2.72797613 0.21965547 0.57900005
 1.32018058 6.18769109 0.4005516  1.38410422 2.95458097 5.96255317
 1.81440921 2.48943291 3.07131716 0.28840245 2.66780851 1.82569797
 0.45809393 0.73971662 0.97103239 6.12842943 0.56917497 3.65750771
 3.01259822 2.3408803 ]
 ||