optimal function value: 61.570007299999986
optimal value: [0. 0. 1. 0. 1. 0. 0. 0. 0. 0. 0. 1. 0. 1. 0. 0.]
status: SUCCESS
 ||[0.33627016 4.41510468 2.04887732 5.91150592 1.84398493 1.60544536
 2.30693    4.13738365 1.95784275 4.29823355 1.24648999 4.88781574
 0.37474483 1.40192925 2.83860212 2.24867338 0.81728863 5.05352429
 1.9833583  0.94017409 1.73562167 4.17599168 0.50759836 4.09291951
 0.3894486  3.11623206 0.26176705 1.28393162 3.07159978 2.53660756
 3.11123758 2.75625111 1.90769703 5.48100477]
 ||second
 ||