optimal function value: 106.31425612999999
optimal value: [0. 0. 0. 0. 0. 1. 0. 0. 0. 0. 1. 0. 1. 0. 0. 0.]
status: SUCCESS
 ||[1.95694573e+00 4.66078818e+00 2.49817407e+00 5.92158217e+00
 2.32452147e+00 5.79515368e+00 1.09110463e+00 2.92558611e+00
 3.96363968e+00 4.07762184e+00 2.83025556e+00 7.11323897e-01
 1.47362554e+00 1.54926608e+00 1.70827526e+00 3.60617123e+00
 4.12042080e-02 1.36174839e+00 8.77997343e-01 6.75755790e+00
 2.40560040e+00 1.00283410e+00 2.50430852e+00 8.71896517e-01
 1.93980041e+00 7.96062721e-01 5.55372043e-03 5.47518562e+00
 6.58038246e-01 1.35392815e+00 3.08637439e+00 5.48151307e+00
 9.08869731e-01 6.04114435e+00]
 ||second
 ||