optimal function value: 86.47862710999999
optimal value: [0. 1. 0. 0. 0. 0. 0. 1. 0. 0. 0. 0. 0. 0. 1. 0.]
status: SUCCESS
 ||[0.3355933  4.41452922 3.04852619 5.90839651 0.8517925  1.60722354
 2.30607602 4.13716804 0.95201443 4.29916573 1.24615617 4.88523374
 0.37202979 1.40303088 2.83203893 2.24968036 0.81820485 5.05341399
 1.98438484 0.94063061 1.7320012  4.17198877 1.51813205 4.09469116
 0.38645172 2.11784314 0.26131531 1.284377   3.07240484 2.53644094
 3.11150993 2.75603805 1.90868915 5.48267626 2.1578833  0.70075827
 1.85063009 3.98182989]
 ||second
 ||