optimal function value: 84.66180500000002
optimal value: [0. 0. 0. 0. 0. 0. 1. 0. 1. 0. 0. 0. 0. 1. 0. 0.]
status: SUCCESS
 ||[1.81364039 5.30560837 2.14910778 5.33649697 0.583454   1.44860994
 0.46230346 1.41476493 2.30597722 0.81812873 1.66915299 1.34397383
 0.9256743  2.71173866 2.63164737 3.82268458 0.04526706 1.73308711
 0.46092127 5.47432662 2.54395127 5.06462126 2.59600724 4.67937907
 2.98251178 4.98729538 0.80660322 5.34044363 1.52927279 4.74377384
 1.77227427 2.69914281 1.14414257 2.70071199 0.98562455 0.73737761
 2.57504713 5.01561254]
 ||second
 ||