optimal function value: 95.29993063
optimal value: [0. 0. 0. 0. 1. 0. 0. 0. 0. 0. 0. 1. 0. 1. 0. 0.]
status: SUCCESS
 ||[2.49084587 5.13112223 2.09298131 0.89651183 0.03201686 3.35454969
 0.86077571 5.09156743 2.16990833 3.77995788 1.75467293 4.15587994
 1.45696862 2.76548859 0.50821378 5.69162047 0.18409744 5.14495824
 0.23544743 4.31520451 1.05791378 2.54228664 2.64596966 0.11767267
 1.18969949 5.75043739 1.59984747 0.56919201 3.10106567 5.94881475
 0.35326266 2.65852396 0.4429351  1.93920728 1.95080771 1.02932736
 2.18961596 0.32314938]
 ||second
 ||