optimal function value: 58.02846945999997
optimal value: [0. 0. 0. 1. 0. 1. 0. 0. 1. 0. 0. 0. 0. 0. 0. 0.]
status: SUCCESS
 ||[1.56943278 4.15590931 2.05104767 2.24366299 1.53787038 3.1041287
 1.50723237 2.87982571 0.83101656 1.59469791 2.17361231 2.03850637
 2.12006718 4.94595762 2.72042852 5.93148577 0.73686623 1.49163127
 2.30852426 3.61622679 0.63420072 4.25753658 3.74335575 5.25142635
 0.6789004  1.8783346  0.02093515 6.13030013 0.6925435  4.56855093
 1.68986483 3.72886139 1.65476879 5.18698099 1.88473896 1.90498653
 0.36077827 2.99956026 2.89956306 0.91230446]
 ||