optimal function value: 91.83066781999995
optimal value: [1. 0. 0. 0. 0. 1. 0. 0. 0. 0. 0. 1. 0. 1. 0. 0.]
status: SUCCESS
 ||[2.12731093 4.93175688 1.6350645  3.21377223 1.23631694 6.26313566
 0.90905047 0.93161786 0.82024573 2.6363452  1.02843591 1.68330703
 0.33816067 2.04517327 0.97723564 4.57667599 0.63345164 0.44478508
 0.63633193 3.40825869 1.22071378 4.60852686 2.52291881 2.60401844
 0.31211197 4.57409449 2.37401865 2.48853318 2.06805574 1.8790325
 2.87424712 5.238974   2.48804868 5.99363286 0.73150781 3.42593699
 2.29767367 5.03580848]
 ||optimal function value: 91.83066781999995
optimal value: [1. 0. 0. 0. 0. 1. 0. 0. 0. 0. 0. 1. 0. 1. 0. 0.]
status: SUCCESS
 ||[2.12731093 4.93175688 1.6350645  3.21377223 1.23631694 6.26313566
 0.90905047 0.93161786 0.82024573 2.6363452  1.02843591 1.68330703
 0.33816067 2.04517327 0.97723564 4.57667599 0.63345164 0.44478508
 0.63633193 3.40825869 1.22071378 4.60852686 2.52291881 2.60401844
 0.31211197 4.57409449 2.37401865 2.48853318 2.06805574 1.8790325
 2.87424712 5.238974   2.48804868 5.99363286 0.73150781 3.42593699
 2.29767367 5.03580848]
 ||