optimal function value: 65.76070403
optimal value: [1. 0. 0. 0. 0. 0. 0. 1. 0. 0. 1. 0. 0. 1. 0. 0.]
status: SUCCESS
 ||[1.33135219 4.40277524 2.67987726 6.24534052 0.85019309 1.6060265
 3.30683979 4.13621052 0.95157754 4.29823673 1.24240052 4.88311085
 0.36957068 1.40215808 3.83304644 2.24566557 0.81467038 5.05146875
 1.97867492 0.9372665  1.72920598 4.16839714 0.51602865 4.09064987
 0.38114029 2.11522155 0.25534632 1.28052086 3.07030319 2.53527996
 3.10972705 2.7534443  1.90579265 5.47833667]
 ||second
 ||