optimal function value: 61.570007299999986
optimal value: [1. 0. 0. 0. 0. 0. 1. 0. 0. 0. 0. 1. 0. 1. 0. 0.]
status: SUCCESS
 ||[0.83027766 4.32934428 2.1030999  6.34270734 0.57994654 1.42823877
 0.47017155 1.41371404 2.31072368 0.7964456  1.68065701 2.34777839
 0.92649546 2.7037117  2.60363443 3.85754523 0.01051867 1.7308916
 0.44873379 5.44310554 2.48280256 5.08069197 2.57649504 4.70914481
 2.94535475 4.98423109 0.96889173 5.51359464 1.52339427 4.73738601
 1.84442459 2.70129492 1.15880661 2.6845025  1.05617886 0.72625538
 2.57491287 5.02170205 3.09715512 4.33220829]
 ||second
 ||