optimal function value: 62.06260308999998
optimal value: [0. 0. 0. 1. 0. 0. 1. 0. 0. 1. 0. 0. 0. 0. 0. 0.]
status: SUCCESS
 ||[0.74235625 1.65984821 1.24496049 0.97770562 1.20705156 2.52323658
 2.88066477 5.03649819 3.4009633  1.40006349 1.68993457 1.73187467
 0.54854105 0.67488785 0.67871902 5.82813136 2.60618949 5.07667233
 2.5198988  1.21894925 0.97945476 3.94560629 2.29942069 5.37391889
 2.76710177 0.55211341 1.90547364 5.23013118 1.5880188  1.12024873
 1.48046273 0.56436335 3.04333049 5.66134945 1.70505694 1.88537331]
 ||second
 ||