optimal function value: 34.534382419999986
optimal value: [0. 1. 0. 0. 0. 0. 1. 0. 1. 0. 0. 0. 0. 0. 0. 1.]
status: SUCCESS
 ||[1.73424385 5.21883195 1.99346553 5.73293405 0.39775914 1.31550196
 1.36379619 1.40637989 2.29752157 0.94521588 1.57123085 1.3419576
 0.8977751  2.70062717 2.62038454 3.81502946 0.01511906 1.72060941
 0.2207388  5.38144224 2.50256618 5.05514246 2.48564911 4.67150058
 3.35246888 4.90378036 0.7988131  5.33197481 1.51982015 4.99151549
 1.70558474 2.59141164 1.46520847 2.68593225 0.97682613 0.73032831
 2.91450991 5.006357   3.08640631 4.22233323]
 ||