optimal function value: 62.50655003999998
optimal value: [1. 0. 0. 0. 0. 0. 0. 0. 0. 1. 0. 0. 0. 0. 0. 1.]
status: SUCCESS
 ||[2.13343476 4.0292444  1.27403597 2.84765505 1.37867965 5.123072
 0.83027678 5.00724421 0.02985094 1.88910735 1.99744046 0.91930208
 2.39526439 1.99198234 2.46561233 6.05327431 0.84233864 5.66302973
 2.62154773 4.23302421 0.12132309 3.94155106 1.89484424 1.84234946
 0.64275654 1.90275011 0.77060003 4.93486645 1.12416809 2.6234046
 1.96903832 5.9294386 ]
 ||optimal function value: 62.50655003999998
optimal value: [1. 0. 0. 0. 0. 0. 0. 0. 0. 1. 0. 0. 0. 0. 0. 1.]
status: SUCCESS
 ||[2.13343476 4.0292444  1.27403597 2.84765505 1.37867965 5.123072
 0.83027678 5.00724421 0.02985094 1.88910735 1.99744046 0.91930208
 2.39526439 1.99198234 2.46561233 6.05327431 0.84233864 5.66302973
 2.62154773 4.23302421 0.12132309 3.94155106 1.89484424 1.84234946
 0.64275654 1.90275011 0.77060003 4.93486645 1.12416809 2.6234046
 1.96903832 5.9294386 ]
 ||