optimal function value: 62.24957653000001
optimal value: [0. 0. 0. 1. 0. 0. 0. 0. 0. 1. 0. 0. 0. 0. 1. 0.]
status: SUCCESS
 ||[3.00190433 5.95387411 1.17719441 0.5378552  2.62369971 4.62275792
 2.10348675 1.94004343 1.90249048 3.81828696 1.82642815 0.99355037
 1.35257081 2.47450888 2.27145492 6.2536406  2.98087027 3.41275389
 1.3973563  1.68442257 0.11419885 0.17745836 1.46136139 2.00275692
 1.19706291 5.59977264 1.65346046 3.52654623 0.73931572 1.15378112
 1.01922044 0.85830383]
 ||optimal function value: 62.24957653000001
optimal value: [0. 0. 0. 1. 0. 0. 0. 0. 0. 1. 0. 0. 0. 0. 1. 0.]
status: SUCCESS
 ||[3.00190433 5.95387411 1.17719441 0.5378552  2.62369971 4.62275792
 2.10348675 1.94004343 1.90249048 3.81828696 1.82642815 0.99355037
 1.35257081 2.47450888 2.27145492 6.2536406  2.98087027 3.41275389
 1.3973563  1.68442257 0.11419885 0.17745836 1.46136139 2.00275692
 1.19706291 5.59977264 1.65346046 3.52654623 0.73931572 1.15378112
 1.01922044 0.85830383]
 ||