optimal function value: 34.534382419999986
optimal value: [0. 0. 1. 0. 0. 0. 0. 1. 0. 1. 0. 0. 1. 0. 0. 0.]
status: SUCCESS
 ||[ 4.12661433e-01  5.30786242e+00  3.43790447e+00  1.56765758e+00
  1.51338772e+00  2.73283342e+00  2.08449833e+00  5.15331970e+00
  7.28563176e-01  1.17841524e+00  2.59420740e+00  2.70964285e+00
  2.37580566e+00 -3.73342160e-03  1.37393055e+00  4.49990539e+00
  7.16025013e-01  5.92062995e+00  2.81450570e+00  1.84573778e-01
  7.61367983e-02  3.37134669e+00  2.94124597e+00  2.38490621e+00
  6.73328549e-01  2.64248778e+00  7.77399492e-02  1.37470186e+00
  1.36073835e+00  3.11145667e+00  7.17634374e-01  1.41738483e+00
  6.65129894e-01  2.87089728e+00  8.85187080e-01  1.23146355e-01]
 ||first
 ||