optimal function value: 23.895113699999996
optimal value: [0. 0. 1. 0. 1. 0. 0. 0. 0. 1. 0. 0. 0. 0. 0. 1.]
status: SUCCESS
 ||[3.03202981 1.0710589  3.31204178 0.99293274 3.09864794 0.10574163
 2.76280251 4.28101083 2.69360868 6.28272316 0.75293502 2.12442496
 2.22487903 1.76544617 0.8256513  1.43706193 2.69457989 5.49616981
 2.50653636 1.40366253 2.90548667 3.21313337 0.72702865 2.86243417
 1.31909805 0.4963666  1.77418021 2.26175798 1.78962392 5.84474925
 2.02822046 2.54581742 2.71401533 6.25282146 1.53970195 5.93721393
 0.05815739 0.88138039 0.54080103 5.89402555]
 ||second
 ||