optimal function value: 59.367672529999965
optimal value: [0. 0. 0. 1. 0. 0. 1. 0. 1. 0. 0. 0. 0. 0. 0. 0.]
status: SUCCESS
 ||[2.44560154 3.34447215 0.44017109 5.44462985 0.02406736 4.16273142
 2.8161397  0.5050226  1.73186236 3.85631034 0.13743301 2.40556915
 2.2137064  2.82666575 2.26774924 0.97571903 0.74832485 0.65350999
 1.59724877 5.7654033  1.84423933 5.02863039 1.37836478 4.68334764
 0.31810724 1.82779619 2.11445522 4.55383785 1.32054883 0.54787254
 0.83515546 1.31571501 0.88071594 5.08340272]
 ||first
 ||