optimal function value: 87.33848693000002
optimal value: [0. 1. 0. 0. 0. 0. 0. 0. 0. 0. 1. 1. 1. 0. 0. 0.]
status: SUCCESS
 ||[2.49094618 4.13088912 2.09350028 0.89589009 0.03403778 2.35477911
 1.86085789 6.09166362 2.16956738 3.77911458 1.75366438 4.15523369
 0.45650322 2.76501026 0.50976064 5.69229518 0.1850887  5.14483993
 0.2343938  4.3162299  1.05871539 2.54229708 2.64623946 0.11725602
 0.19078395 5.74926992 1.5986476  0.57181699 3.10121019 5.94849416
 0.35346637 2.65920876 0.42456378 1.96363891 1.95240538 1.02731082
 2.18917423 0.32265908]
 ||optimal function value: 87.33848693000002
optimal value: [0. 1. 0. 0. 0. 0. 0. 0. 0. 0. 1. 1. 1. 0. 0. 0.]
status: SUCCESS
 ||[2.49094618 4.13088912 2.09350028 0.89589009 0.03403778 2.35477911
 1.86085789 6.09166362 2.16956738 3.77911458 1.75366438 4.15523369
 0.45650322 2.76501026 0.50976064 5.69229518 0.1850887  5.14483993
 0.2343938  4.3162299  1.05871539 2.54229708 2.64623946 0.11725602
 0.19078395 5.74926992 1.5986476  0.57181699 3.10121019 5.94849416
 0.35346637 2.65920876 0.42456378 1.96363891 1.95240538 1.02731082
 2.18917423 0.32265908]
 ||