optimal function value: 92.79299527
optimal value: [0. 0. 0. 1. 0. 0. 1. 0. 0. 0. 0. 0. 1. 1. 0. 0.]
status: SUCCESS
 ||[ 3.30492309  5.09930992  2.57112845  5.99173902  1.02093973  4.20727385
  2.98311763  5.62634281  2.01134239  1.34142971  1.55636257  6.4501612
  1.67734511  3.01696089  2.95716599  2.72214594  0.49816937  1.87571194
  3.86097659  2.04750141  1.17375232  4.19877568  2.44657626  3.07571037
  0.2254869   3.55363298 -0.09555723  0.46780009  0.82081452  4.19833534
  0.71287595  4.31522311]
 ||second
 ||