optimal function value: 32.53962615999998
optimal value: [0. 0. 1. 0. 0. 1. 0. 0. 0. 0. 0. 1. 1. 0. 0. 0.]
status: SUCCESS
 ||[0.89408771 0.79345357 2.01684129 0.43142096 1.89772957 3.21136655
 0.1130393  3.16619418 0.02158859 2.66374667 0.08967254 0.48608861
 1.32885893 5.39433097 0.48002408 1.7664944  1.95914925 5.93501734
 1.8007921  2.48367735 3.05740943 0.26682885 2.68185441 1.80812197
 0.43491696 0.72354031 0.95005326 5.10902584 0.55037518 3.63781998
 3.00206047 2.33824377 1.71251267 0.385864   0.17736762 2.2984562 ]
 ||optimal function value: 32.53962615999998
optimal value: [0. 0. 1. 0. 0. 1. 0. 0. 0. 0. 0. 1. 1. 0. 0. 0.]
status: SUCCESS
 ||[0.89408771 0.79345357 2.01684129 0.43142096 1.89772957 3.21136655
 0.1130393  3.16619418 0.02158859 2.66374667 0.08967254 0.48608861
 1.32885893 5.39433097 0.48002408 1.7664944  1.95914925 5.93501734
 1.8007921  2.48367735 3.05740943 0.26682885 2.68185441 1.80812197
 0.43491696 0.72354031 0.95005326 5.10902584 0.55037518 3.63781998
 3.00206047 2.33824377 1.71251267 0.385864   0.17736762 2.2984562 ]
 ||