optimal function value: 118.90150090999998
optimal value: [0. 1. 0. 0. 0. 0. 1. 0. 1. 0. 0. 0. 0. 0. 0. 0.]
status: SUCCESS
 ||[ 2.19046917  2.94881221  1.21649787  3.81392143  2.32774333  4.0217955
  0.73173284  3.83191083  0.00635053  1.82860542  0.93319388  0.84285919
  2.16060801  1.88869101  2.39893594  5.95722834  0.67924642  5.51801878
  2.45793483  4.167501   -0.08570549  2.78353839  1.96691649  1.79162405
  0.592389    1.92155128  0.78876167  4.83159225  1.08931183  2.56775434
  1.99448623  5.94155943  0.8121393   0.23263518]
 ||second
 ||