optimal function value: 58.02846945999997
optimal value: [0. 0. 0. 1. 0. 1. 0. 0. 1. 0. 0. 0. 0. 0. 0. 0.]
status: SUCCESS
 ||[2.49336111e+00 5.16497137e+00 1.52560139e+00 1.64359367e+00
 1.57610971e-03 4.16361896e+00 1.47828675e+00 5.77532888e+00
 1.17033339e+00 4.84202300e+00 8.52539971e-01 5.04014497e+00
 2.29396303e+00 2.60236027e+00 1.69150746e+00 4.27754172e+00
 6.08225074e-01 3.47546500e+00 2.52999106e+00 1.67236347e+00
 2.51672800e+00 4.30898920e+00 2.65447848e+00 2.10734558e+00
 2.91965782e-01 5.02888199e+00 2.52824683e+00 2.79553358e+00
 2.85042160e-01 1.25768821e+00 1.97666967e+00 1.82719836e+00]
 ||first
 ||