optimal function value: 86.47862710999999
optimal value: [1. 0. 0. 0. 0. 0. 1. 0. 0. 0. 0. 0. 0. 0. 0. 1.]
status: SUCCESS
 ||[2.12733583 4.93176629 2.63504962 4.21385555 1.23630927 6.2631516
 0.90893107 0.93164906 0.82021333 1.63638491 1.0283215  1.68313973
 0.33820155 2.04510367 0.97679823 3.5764303  0.63397124 0.44505755
 1.63616243 3.40826504 1.22066934 4.6085314  2.52293325 2.60403489
 0.31219298 4.57414713 2.37401606 2.48854794 2.06812359 1.87900196
 2.87425477 5.2389703  2.48804753 5.99361506 0.73175906 3.42622828]
 ||second
 ||