optimal function value: 34.11246652
optimal value: [1. 0. 0. 0. 0. 1. 0. 0. 0. 0. 1. 0. 0. 0. 0. 1.]
status: SUCCESS
 ||[1.13574956 3.018999   2.30990265 2.80708934 1.28648963 4.13248445
 0.81322522 3.98977901 1.0318435  1.89784759 1.05266769 0.8919164
 3.33550866 1.94844962 2.47949224 6.00798903 0.79638255 5.61427993
 2.53725631 4.19351483 0.0859917  2.87005946 2.96894961 1.8612885
 0.47019626 1.91454854 0.83549336 4.97430297 1.11680672 2.68279927
 2.04435838 5.9830863  0.94477445 0.30072666 3.08376998 5.25541554
 3.50712789 3.28845405]
 ||optimal function value: 34.11246652
optimal value: [1. 0. 0. 0. 0. 1. 0. 0. 0. 0. 1. 0. 0. 0. 0. 1.]
status: SUCCESS
 ||[1.13574956 3.018999   2.30990265 2.80708934 1.28648963 4.13248445
 0.81322522 3.98977901 1.0318435  1.89784759 1.05266769 0.8919164
 3.33550866 1.94844962 2.47949224 6.00798903 0.79638255 5.61427993
 2.53725631 4.19351483 0.0859917  2.87005946 2.96894961 1.8612885
 0.47019626 1.91454854 0.83549336 4.97430297 1.11680672 2.68279927
 2.04435838 5.9830863  0.94477445 0.30072666 3.08376998 5.25541554
 3.50712789 3.28845405]
 ||