optimal function value: 83.58928574000004
optimal value: [1. 0. 0. 0. 0. 0. 0. 0. 0. 0. 0. 1. 0. 0. 1. 0.]
status: SUCCESS
 ||[2.49090603 4.13105506 2.09362576 0.89601511 0.03413529 2.35464749
 0.86092916 5.09155869 2.16956878 3.77907482 1.75362436 4.15518198
 1.4564829  2.76496368 0.50974242 5.6924334  0.18478902 5.14482166
 0.23441171 4.31618242 1.05874936 2.54226643 2.64651728 0.11687403
 0.19092627 5.74931561 1.59883078 0.57163833 3.10118389 5.94837798
 0.35353304 2.65907934 0.42431685 1.96374772 1.95238293 1.02745354
 2.18917044 0.32266301 0.53790061 5.12519998]
 ||