optimal function value: 85.74198708
optimal value: [0. 1. 0. 0. 0. 0. 0. 1. 0. 0. 1. 0. 1. 0. 0. 0.]
status: SUCCESS
 ||[3.33140688 5.29153724 2.41091212 5.67086568 0.82082636 4.01397216
 2.86444262 5.43255421 1.79705459 1.06374708 1.31420201 6.25209828
 0.32496291 2.02458747 2.97980756 2.82541061 0.62831712 1.98757707
 2.84655417 2.08762443 1.35824612 3.9388097  2.5166556  3.07798571
 0.24981602 3.59318505 0.11857868 1.62308743 0.56408965 4.32706616
 0.85443643 4.31682052 0.48091255 0.70524044]
 ||second
 ||