optimal function value: 84.96747466000002
optimal value: [0. 0. 0. 1. 0. 1. 0. 0. 0. 0. 1. 0. 0. 0. 0. 0.]
status: SUCCESS
 ||[1.33558492 5.41441849 2.04843393 5.90841181 0.85173277 1.60715455
 2.30621275 4.13737547 0.95177539 4.29888323 1.24647527 4.88532424
 0.37198574 1.4027358  2.8321471  2.24975226 0.8179442  5.05351848
 1.98433568 0.9405569  1.73203314 4.17207936 0.51824406 4.09473381
 0.38653923 2.11789245 0.26141651 1.28440365 3.07249378 2.53635478
 3.11145322 2.75609663]
 ||optimal function value: 77.94725848000002
optimal value: [0. 0. 1. 0. 0. 0. 0. 0. 1. 0. 0. 0. 0. 0. 0. 1.]
status: SUCCESS
 ||[1.33556308 5.414438   2.04844761 5.90842726 0.85175278 1.60709692
 2.30614789 4.1373949  0.95182952 4.29890453 1.24648395 4.88531809
 0.37198306 1.4027191  2.83212882 2.24975004 0.81786504 5.05357284
 1.98439255 0.94058585 1.73202118 4.17201909 0.51818553 4.09475125
 0.38651983 2.11782796 0.26139756 1.2844384  3.07247919 2.5363319
 3.11148196 2.75606974]
 ||