optimal function value: 48.13067508999998
optimal value: [1. 0. 0. 0. 0. 0. 1. 0. 0. 0. 0. 1. 0. 1. 0. 0.]
status: SUCCESS
 ||[3.00540269 6.95065407 0.17958755 1.52818936 2.62323786 4.62771569
 3.09903558 1.92791237 1.8997085  3.81177307 2.82571329 0.98770892
 1.34560866 2.47536941 2.26971153 6.25484788 2.9768511  4.54572824
 1.48724787 1.91742533 0.11101226 0.17869834 1.45817394 2.0156514
 1.19231895 5.60146551 1.65098978 3.52021972 0.74011403 0.14673162
 1.01891746 0.85707493 1.60230598 6.27307418 2.11699198 1.14195556]
 ||first
 ||