optimal function value: 96.48870443999999
optimal value: [0. 0. 0. 0. 0. 1. 0. 0. 0. 0. 0. 1. 1. 0. 1. 0.]
status: SUCCESS
 ||[2.01729651 0.94781339 2.04494242 0.45511705 2.6835437  3.2977257
 0.1822257  3.18844575 0.11778967 2.7247051  0.21945637 1.56997141
 1.3335873  5.19540457 0.38891727 1.40261739 1.97116833 5.95461189
 1.81308631 2.49234837 3.06697927 0.2926788  2.79109688 1.73750718
 0.45320873 0.74013758 0.96914302 5.1278789  0.56772399 3.65430658
 2.00721453 2.3398323  1.72081233 0.39452064 0.1872453  1.29406557
 2.13753863 2.68663781]
 ||second
 ||