optimal function value: 23.895113699999996
optimal value: [1. 0. 0. 0. 0. 0. 1. 0. 0. 0. 0. 1. 0. 1. 0. 0.]
status: SUCCESS
 ||[ 4.0319522  -0.15367103  1.8639332   1.07647793  3.94276021  0.2023495
  3.50034262  4.54552161  2.73565832  6.14829403  0.66247614  2.27848686
  2.42881808  1.98286163  1.04827805  1.60462174  2.84593158  5.67980391
  2.70840294  1.50278092  3.06536102  3.43106575  0.88571938  2.97536845
  1.4741183   1.77216611  2.78449363  3.51147521  1.66778517  5.78192707
  1.97312042  2.45553801]
 ||second
 ||