optimal function value: 62.24957653000001
optimal value: [0. 1. 0. 0. 0. 0. 0. 0. 0. 0. 0. 1. 1. 0. 0. 0.]
status: SUCCESS
 ||[0.74147831 0.64814226 1.24412956 0.97352276 0.20891744 2.52325692
 2.88424299 5.02802664 2.40397691 1.39434435 1.68595025 1.73851542
 0.54256461 1.66727192 0.6734413  6.82742731 2.60407473 5.06829006
 2.51462868 1.21535023 0.97253415 3.93993886 2.29944768 5.36992105
 2.76546648 0.54454485 1.90330719 4.2203935  1.58955818 1.11703321
 1.48780291 0.56151495 2.93617564 5.43787938 1.72046369 1.88664562]
 ||optimal function value: 62.24957653000001
optimal value: [0. 1. 0. 0. 0. 0. 0. 0. 0. 0. 0. 1. 1. 0. 0. 0.]
status: SUCCESS
 ||[0.74147831 0.64814226 1.24412956 0.97352276 0.20891744 2.52325692
 2.88424299 5.02802664 2.40397691 1.39434435 1.68595025 1.73851542
 0.54256461 1.66727192 0.6734413  6.82742731 2.60407473 5.06829006
 2.51462868 1.21535023 0.97253415 3.93993886 2.29944768 5.36992105
 2.76546648 0.54454485 1.90330719 4.2203935  1.58955818 1.11703321
 1.48780291 0.56151495 2.93617564 5.43787938 1.72046369 1.88664562]
 ||