optimal function value: 91.83680317000002
optimal value: [0. 0. 0. 1. 1. 0. 0. 0. 0. 0. 0. 0. 0. 0. 1. 0.]
status: SUCCESS
 ||[2.12732679 4.93184189 1.63508449 4.21379729 1.23618901 6.2626754
 0.90881673 0.93206793 1.81993804 2.63638104 1.02848137 1.68300261
 0.33820116 2.04499681 0.97705536 3.57665611 0.63327913 0.44488692
 0.63630878 3.40806674 1.22065673 4.60859856 2.52269106 2.60403363
 0.31192703 4.57403408 2.3740512  2.4889993  2.06795866 1.87900435
 2.87422978 5.23898386 2.48803344 5.99346168]
 ||second
 ||