optimal function value: 65.63476764
optimal value: [0. 1. 0. 0. 0. 0. 0. 1. 1. 0. 1. 0. 0. 0. 0. 0.]
status: SUCCESS
 ||[ 1.74540668  2.67285392  1.7049371   1.13252214  2.43603668  5.12993128
  2.06598014  2.0338614   1.61710095  2.0560774   0.74754538  5.63715648
  2.85344615  0.0730206   3.70463266  3.54799716  1.39117772  1.59709771
  1.98627196  2.60502223  1.90840463  3.91542006  0.19609212  4.73510456
  2.83963576  5.83934521  2.12981592 -0.08428824 -0.17209485  0.74520108
  2.69290728  1.64335004  1.03400688  5.51871165  0.77824545  3.3525767 ]
 ||second
 ||