optimal function value: 32.55298180999998
optimal value: [0. 0. 0. 1. 0. 1. 0. 0. 0. 0. 1. 0. 1. 0. 0. 0.]
status: SUCCESS
 ||[1.95896811 4.69081807 2.42603035 5.90234136 2.26339863 5.80344297
 0.09845061 2.9207109  2.97161621 4.08935117 2.83487531 0.71799701
 1.47782383 1.55412994 1.71769292 3.60257109 0.04981929 1.38315312
 0.88456162 5.75383842 2.42150299 1.00467345 2.50968906 0.87918691
 1.94692341 1.80033258 0.06806932 5.47098248 0.64891163 1.36499858
 3.08189999 5.48547701 0.90533572 6.03407587 1.68623885 4.25661564]
 ||first
 ||