optimal function value: 61.949961970000004
optimal value: [0. 0. 1. 0. 0. 1. 0. 0. 0. 0. 0. 0. 0. 0. 0. 1.]
status: SUCCESS
 ||[ 2.12002826e+00  3.04521219e+00  1.25732004e+00  2.81582248e+00
  1.29891377e+00  4.13080989e+00  7.73399358e-01  3.97909715e+00
 -6.52356422e-03  1.87987738e+00  1.08807816e+00  8.81328060e-01
  2.31875387e+00  1.95771328e+00  3.50811375e+00  5.97169170e+00
  7.81359854e-01  6.60361131e+00  2.47852371e+00  4.12687310e+00
  1.61493438e-01  3.06000029e+00  1.95963427e+00  1.85272844e+00
  6.92781993e-01  1.93650666e+00  8.03239746e-01  4.94620118e+00
  1.08339309e+00  2.65294253e+00  2.01585252e+00  5.95290754e+00
  9.11842304e-01  2.68362251e-01  3.04906026e+00  5.22537129e+00
  2.47484743e+00  3.28081471e+00  7.33080452e-01  9.60043406e-01]
 ||