optimal function value: 44.89361761000001
optimal value: [0. 0. 0. 1. 0. 0. 1. 0. 1. 0. 0. 0. 0. 1. 0. 0.]
status: SUCCESS
 ||[2.95691891e+00 4.66071995e+00 3.49822039e+00 5.92155087e+00
 2.32448205e+00 5.79517522e+00 1.09095199e+00 2.92608478e+00
 2.96352231e+00 4.07793735e+00 2.83006637e+00 7.11114244e-01
 1.47394573e+00 1.54938228e+00 1.70828655e+00 3.60608306e+00
 4.15198292e-02 1.36193772e+00 8.77963708e-01 5.75725523e+00
 2.40527474e+00 2.00284347e+00 2.50431521e+00 8.71898401e-01
 1.93978731e+00 7.96070502e-01 5.54682745e-03 5.47517756e+00
 6.57991978e-01 1.35389809e+00 3.08636722e+00 5.48146888e+00
 9.08994536e-01 6.04120766e+00]
 ||second
 ||