optimal function value: 98.53325924000004
optimal value: [0. 1. 0. 0. 0. 1. 0. 0. 0. 0. 0. 1. 1. 0. 0. 0.]
status: SUCCESS
 ||[1.80054958 5.0561326  2.14838218 5.3352593  0.48999866 1.44558992
 0.46010635 1.39816913 2.30372974 0.8161087  1.66757103 1.34156643
 1.00861329 2.70925712 2.63075316 3.82156073 0.04387929 1.72889444
 0.45896752 5.47131865 2.54250638 5.06195229 2.59526406 4.67720555
 2.98079017 4.98619868 0.80511642 5.33898205 1.52654045 4.74280225
 1.77190937 2.69743364 1.14325588 2.69897045 0.98551739 0.73635103
 2.57421759 5.01105469]
 ||optimal function value: 98.53325924000004
optimal value: [0. 1. 0. 0. 0. 1. 0. 0. 0. 0. 0. 1. 1. 0. 0. 0.]
status: SUCCESS
 ||[1.80054958 5.0561326  2.14838218 5.3352593  0.48999866 1.44558992
 0.46010635 1.39816913 2.30372974 0.8161087  1.66757103 1.34156643
 1.00861329 2.70925712 2.63075316 3.82156073 0.04387929 1.72889444
 0.45896752 5.47131865 2.54250638 5.06195229 2.59526406 4.67720555
 2.98079017 4.98619868 0.80511642 5.33898205 1.52654045 4.74280225
 1.77190937 2.69743364 1.14325588 2.69897045 0.98551739 0.73635103
 2.57421759 5.01105469]
 ||