optimal function value: 85.50720347000001
optimal value: [1. 0. 0. 0. 0. 0. 1. 0. 0. 0. 0. 0. 0. 0. 0. 1.]
status: SUCCESS
 ||[0.81371883 4.3056194  3.14910455 5.33655475 0.58345708 1.44863991
 0.4623107  1.41476945 2.30602967 0.81814461 1.66914846 1.34400318
 0.9257005  2.7116695  2.63157441 3.82271361 0.04533113 1.73313369
 0.46087087 5.47443741 2.54384766 5.06451579 2.59613111 4.67940156
 2.98236769 4.9874021  0.80648589 5.34032293 1.5292743  5.7438198
 1.77231771 2.69913923]
 ||optimal function value: 85.50720347000001
optimal value: [1. 0. 0. 0. 0. 0. 1. 0. 0. 0. 0. 0. 0. 0. 0. 1.]
status: SUCCESS
 ||[0.81371883 4.3056194  3.14910455 5.33655475 0.58345708 1.44863991
 0.4623107  1.41476945 2.30602967 0.81814461 1.66914846 1.34400318
 0.9257005  2.7116695  2.63157441 3.82271361 0.04533113 1.73313369
 0.46087087 5.47443741 2.54384766 5.06451579 2.59613111 4.67940156
 2.98236769 4.9874021  0.80648589 5.34032293 1.5292743  5.7438198
 1.77231771 2.69913923]
 ||