optimal function value: 84.11755562999997
optimal value: [1. 0. 0. 0. 0. 1. 0. 0. 0. 0. 0. 1. 0. 0. 1. 0.]
status: SUCCESS
 ||[2.13577251 3.01896073 1.30991881 2.80709609 1.28652921 4.13248341
 0.81322622 3.98981219 0.03181482 2.89779676 1.05265051 0.89188214
 2.33553512 1.94846935 3.47945394 6.00801132 0.7964186  5.61427349
 2.53726039 4.19351905 0.08596533 2.87008318 1.96899603 1.86124755
 1.70476326 1.94648894 0.81127727 4.95002363 1.09257863 2.65856567
 2.02014687 5.95884763 0.92053248 0.27649217 3.05955627 5.23118303
 2.48288395 3.2884855 ]
 ||second
 ||