optimal function value: 64.29719343999997
optimal value: [0. 0. 1. 1. 1. 0. 0. 0. 0. 1. 0. 0. 0. 0. 0. 0.]
status: SUCCESS
 ||[2.12727552 4.93175711 1.63508617 3.21377908 1.34396646 6.19959367
 0.9090766  0.93154204 0.82018957 1.63639545 1.02843672 1.68328906
 0.3381622  2.04518223 0.9772423  3.57662452 0.63343842 0.44479387
 0.63631844 3.40825593 1.22069945 4.60854301 2.52289173 2.60400187
 0.31210079 4.57415513 2.37398609 2.48856983 2.0681035  1.8789346
 2.8742134  5.23898147 2.48797418 5.99362834]
 ||optimal function value: 64.29719343999997
optimal value: [0. 0. 1. 1. 1. 0. 0. 0. 0. 1. 0. 0. 0. 0. 0. 0.]
status: SUCCESS
 ||[2.12727552 4.93175711 1.63508617 3.21377908 1.34396646 6.19959367
 0.9090766  0.93154204 0.82018957 1.63639545 1.02843672 1.68328906
 0.3381622  2.04518223 0.9772423  3.57662452 0.63343842 0.44479387
 0.63631844 3.40825593 1.22069945 4.60854301 2.52289173 2.60400187
 0.31210079 4.57415513 2.37398609 2.48856983 2.0681035  1.8789346
 2.8742134  5.23898147 2.48797418 5.99362834]
 ||