optimal function value: 48.13067508999998
optimal value: [0. 1. 0. 0. 0. 0. 0. 1. 0. 0. 1. 0. 1. 0. 0. 0.]
status: SUCCESS
 ||[1.01741488 1.94761757 3.04457617 1.23306289 1.68338735 2.18135676
 0.18238982 4.18832238 0.11779343 2.7245692  0.21946887 0.56659036
 1.33716579 5.19521587 0.38895276 1.40261143 1.97114124 5.95034682
 1.81428396 2.49231855 3.06682475 0.29356307 2.69677313 1.81959897
 0.45291578 0.74011061 0.97310822 5.12766982 0.56771878 3.65411355
 3.00726729 2.3399695  1.72079411 0.39465699 0.1871242  1.29410667]
 ||first
 ||