optimal function value: 62.91817746000001
optimal value: [1. 0. 0. 0. 0. 0. 1. 0. 0. 0. 0. 0. 0. 0. 0. 1.]
status: SUCCESS
 ||[0.77619522 5.99332393 0.4212908  4.97347285 0.22615148 1.55681634
 4.14270361 1.24906725 1.99183215 2.84132197 1.41936952 3.09127026
 0.59810194 5.20667733 0.26385788 1.44940229 0.02282549 1.64839515
 1.28017132 5.66807111 1.16605143 0.75998404 0.79743002 6.22283307
 0.17843377 3.87701273 1.19023841 4.15487808 1.05220877 4.33906941
 1.62138015 4.14132982 2.80406567 3.64453498 0.43916326 0.37524539
 2.9558339  3.1136706 ]
 ||second
 ||