optimal function value: 68.07826849
optimal value: [0. 0. 1. 0. 1. 0. 0. 0. 0. 0. 0. 1. 1. 0. 0. 0.]
status: SUCCESS
 ||[0.56179856 4.61852997 2.18578559 6.04015864 1.04881337 1.75765019
 2.48432195 4.34959526 1.1235634  4.49324723 1.34826408 5.07401842
 0.537628   1.54851658 3.06689927 2.45828906 1.09485384 5.30892535
 2.08901821 1.09488554 2.99370332 5.21969089 0.37124255 3.95789067
 0.25068256 1.96951198 0.07870236 2.28494633 2.96968685 2.47960546
 2.96651684 2.48099319]
 ||optimal function value: 68.07826849
optimal value: [0. 0. 1. 0. 1. 0. 0. 0. 0. 0. 0. 1. 1. 0. 0. 0.]
status: SUCCESS
 ||[0.56179856 4.61852997 2.18578559 6.04015864 1.04881337 1.75765019
 2.48432195 4.34959526 1.1235634  4.49324723 1.34826408 5.07401842
 0.537628   1.54851658 3.06689927 2.45828906 1.09485384 5.30892535
 2.08901821 1.09488554 2.99370332 5.21969089 0.37124255 3.95789067
 0.25068256 1.96951198 0.07870236 2.28494633 2.96968685 2.47960546
 2.96651684 2.48099319]
 ||