optimal function value: 133.76991787999998
optimal value: [0. 0. 0. 0. 1. 0. 1. 0. 0. 0. 0. 1. 0. 1. 0. 0.]
status: SUCCESS
 ||[2.94825845 5.66356652 2.50670156 6.90204336 2.32466317 5.78764625
 0.01482904 2.88670857 2.96116449 4.08311727 2.83779634 0.96736926
 1.47923895 1.55842253 1.69983829 3.59532637 0.02685907 1.34873155
 0.87419574 5.75313069 2.42329056 1.00306557 2.50293417 0.87635827
 1.94337119 0.79504337 0.00900499 5.46547297 0.66217877 1.36077172
 3.09919228 5.47387342 0.91424755 6.02695099 1.68959839 4.26067934
 0.64405259 5.91466388 2.15650053 6.07068857]
 ||second
 ||