optimal function value: 74.31243116000002
optimal value: [1. 0. 0. 0. 0. 0. 0. 0. 0. 0. 0. 1. 0. 1. 0. 0.]
status: SUCCESS
 ||[2.42114457 3.51250197 2.90346506 2.92488531 1.55207406 3.72500621
 0.60898156 3.21641217 2.97876943 4.98251762 0.29576676 1.90636392
 0.28506295 5.08725274 2.17854877 0.26353064 3.08564722 6.06190783
 2.05435628 3.86808932 0.49465324 0.09448529 1.66004062 0.37428593
 0.5976227  1.52033206 0.0946162  2.91508969 1.38342035 5.29376719
 1.63105608 4.02313845 1.57024368 4.16243987 1.43673824 1.74784525]
 ||first
 ||