optimal function value: 61.570007299999986
optimal value: [1. 0. 0. 0. 0. 0. 1. 0. 0. 1. 0. 0. 0. 0. 0. 1.]
status: SUCCESS
 ||[ 4.12853156  1.13215541  2.27309542  1.05318135  3.03042504  0.02061026
  2.65647736  4.14997985  2.63871482  6.24156296  0.67352141  2.06042085
  2.10339856  1.6797072   0.75119038  1.38385304  2.57398172  5.37237765
  2.47450726  1.29744025  2.82918578  3.16545156  0.63149905  2.77899234
  1.22908948  0.48604206  1.73164732  2.11021367  1.76060188  5.90190298
  1.95374013  2.49336531  2.66399124  6.15977544  1.47331966  5.87588872
 -0.03177565  0.72919062]
 ||second
 ||