optimal function value: 84.11755562999997
optimal value: [0. 0. 1. 0. 0. 1. 0. 0. 0. 0. 0. 1. 1. 0. 0. 0.]
status: SUCCESS
 ||[1.61298693 1.65394379 1.72323922 0.96037264 0.20101469 2.51256172
 2.88380653 5.01718117 2.38769833 1.38911982 2.68778483 1.72557375
 0.52739731 0.64803076 0.66017415 5.82494877 2.59906545 5.05312471
 2.50472385 1.20024798 0.9701592  3.92900195 2.29506141 5.35414077
 2.76365586 1.54644523 1.89880838 4.21785639 1.5830613  1.10572735
 1.48015533 0.54618449 2.9189228  5.42427825 1.70892185 1.87394992]
 ||second
 ||