optimal function value: 34.534382419999986
optimal value: [0. 0. 1. 0. 0. 0. 0. 1. 0. 1. 0. 0. 1. 0. 0. 0.]
status: SUCCESS
 ||[2.49103565 5.13087145 3.09271699 0.89583175 1.03434422 2.3545049
 0.86079597 5.09111377 2.16941004 3.7788552  1.7536471  4.15568457
 0.45588987 2.7649608  0.50989064 5.69235647 0.18463652 5.14473337
 0.23422039 4.31666496 1.05915366 2.54182396 2.64645884 0.11683318
 0.19095867 5.74926456 1.59866767 0.57159902 3.10107994 5.94785492
 0.35328527 2.6589864  0.4242631  1.9632679  1.9524518  1.02716306
 2.18963889 0.32154275]
 ||optimal function value: 34.534382419999986
optimal value: [0. 0. 1. 0. 0. 0. 0. 1. 0. 1. 0. 0. 1. 0. 0. 0.]
status: SUCCESS
 ||[2.49103565 5.13087145 3.09271699 0.89583175 1.03434422 2.3545049
 0.86079597 5.09111377 2.16941004 3.7788552  1.7536471  4.15568457
 0.45588987 2.7649608  0.50989064 5.69235647 0.18463652 5.14473337
 0.23422039 4.31666496 1.05915366 2.54182396 2.64645884 0.11683318
 0.19095867 5.74926456 1.59866767 0.57159902 3.10107994 5.94785492
 0.35328527 2.6589864  0.4242631  1.9632679  1.9524518  1.02716306
 2.18963889 0.32154275]
 ||