optimal function value: 24.800655089999992
optimal value: [0. 1. 0. 0. 0. 0. 1. 0. 0. 0. 0. 1. 1. 0. 0. 0.]
status: SUCCESS
 ||[1.70908026 6.04399644 0.39036914 4.4106783  0.27226535 1.55718154
 3.13303372 1.29886859 2.01100515 2.8700573  2.41183448 3.09111985
 0.59562982 5.19736317 0.28110117 1.48725141 0.33503818 2.09208264
 1.25538666 5.66631171 2.19266103 0.71155982 0.80884721 6.22769777
 0.19497096 3.89353027 1.18073314 4.14963423 1.06376679 4.3425055
 1.55939901 4.07834127 2.83042965 3.650053   0.44503111 0.40149741]
 ||second
 ||