optimal function value: 84.66180500000002
optimal value: [0. 0. 0. 0. 1. 0. 0. 0. 0. 0. 1. 0. 0. 0. 0. 1.]
status: SUCCESS
 ||[ 1.70080736e+00  5.24185534e+00  2.23131710e+00  1.39302373e+00
  1.36242159e+00  2.71995788e+00  1.98083429e+00  4.94268040e+00
  1.60713203e-01 -2.53273996e-03  2.34400107e+00  2.44581553e+00
  2.25971342e+00 -3.94919985e-01  1.06301605e+00  4.49364002e+00
  2.92932378e-01  5.71467580e+00  2.79701676e+00  1.84862560e-01
  1.76378501e-02  3.34521172e+00  2.78640006e+00  2.25719796e+00]
 ||second
 ||