optimal function value: 116.92786546999997
optimal value: [0. 1. 0. 0. 0. 0. 1. 0. 0. 1. 0. 0. 0. 0. 0. 1.]
status: SUCCESS
 ||[ 2.13298617  0.59439729  1.81357911  0.36771529  1.60294179  2.25908629
 -0.06300445  3.11512237 -0.03237962  2.54172421  0.17279288  0.34427493
  1.14905444  4.9869899   0.19961115  1.29365881  1.75912425  5.80557568
  1.55903139  2.30696665  2.92393544  0.11071817  2.54558441  1.77271112
  0.33513267  0.59352473  0.86155731  4.95239424  0.3842076   3.49417012
  1.91994506  2.18558497  1.53678453  0.18110372]
 ||second
 ||