optimal function value: 34.534382419999986
optimal value: [0. 0. 0. 1. 0. 0. 1. 0. 1. 0. 0. 0. 0. 1. 0. 0.]
status: SUCCESS
 ||[ 2.46799630e+00  2.30339008e+00  4.15723556e-01  5.41850956e+00
 -1.07829302e-03  3.14045597e+00  2.80614141e+00  4.93217937e-01
  1.72588484e+00  3.85158652e+00  1.14200416e-01  2.36812913e+00
  2.19816536e+00  2.82299608e+00  2.25785242e+00  9.67040209e-01
  1.72092848e+00  7.04129590e-01  1.60245772e+00  5.81490939e+00
  1.86340215e+00  4.87092375e+00  1.22666816e+00  4.70435356e+00
  3.36246846e-01  1.83878571e+00  2.13176947e+00  4.63714493e+00]
 ||first
 ||