optimal function value: 111.93988779
optimal value: [0. 0. 1. 0. 0. 0. 0. 0. 0. 0. 0. 1. 0. 1. 0. 0.]
status: SUCCESS
 ||[0.71226403 6.04551411 1.39675856 4.4284654  1.27182381 1.5554958
 4.13887594 1.31519663 2.01640924 2.88471296 1.42350704 3.11003877
 0.60650392 5.21586827 0.28331523 1.46867545 0.06627326 1.67768437
 1.27984443 5.66763523 1.19127368 0.71434161 0.81186518 6.23035282
 0.19728358 3.89633492 1.18454317 4.15226243 1.06267861 4.3431823
 1.56308325 4.08262667 2.83166628 3.65412527 0.44681274 0.40440998
 2.97204784 3.06987857 0.60904888 5.94461971]
 ||second
 ||