optimal function value: 37.817205
optimal value: [1. 0. 0. 0. 0. 0. 1. 0. 0. 0. 0. 1. 0. 1. 0. 0.]
status: SUCCESS
 ||[2.01736097 0.94780194 2.04481753 0.45512    1.68355274 2.2976983
 0.18220662 3.18832459 0.11781749 2.72468279 0.21950659 0.5699711
 1.33372115 5.19516049 0.38894286 1.4026926  1.97119306 5.9546584
 1.8130695  2.49245393 4.06701114 0.29268899 2.69696882 1.81967978
 0.45319734 1.74014004 0.96914    5.12788667 0.56777051 3.65431347
 2.00718873 2.33987346 1.72079446 0.39453544 0.187246   1.29409564
 2.13736242 2.68671295 0.9869834  3.67914272]
 ||