optimal function value: 66.57253768999999
optimal value: [1. 0. 0. 0. 0. 0. 0. 0. 0. 1. 0. 0. 0. 0. 1. 1.]
status: SUCCESS
 ||[1.24022629e+00 6.36200567e+00 3.10453185e+00 1.87947516e+00
 1.61488642e+00 3.09960177e+00 1.92306521e+00 5.18704318e+00
 5.48338267e-01 4.36385904e-01 2.84256590e+00 2.93106230e+00
 2.66604946e+00 2.61592875e-01 1.59004357e+00 4.78257032e+00
 2.02759020e+00 5.83842792e+00 2.79804759e+00 1.28487877e-01
 4.79197740e-03 3.35733881e+00 2.88429453e+00 2.34525372e+00
 6.50513705e-01 2.60540957e+00 3.21671810e-02 2.41483819e+00
 1.30180098e+00 3.03731730e+00 6.11657289e-01 1.41762301e+00
 6.54570351e-01 2.84479827e+00 8.12943880e-01 3.65314806e-02
 2.56097836e+00 3.39315918e+00]
 ||second
 ||