optimal function value: 77.94725848000002
optimal value: [1. 0. 0. 0. 0. 0. 0. 0. 0. 0. 1. 0. 0. 0. 0. 1.]
status: SUCCESS
 ||[1.56912741 4.2663214  2.27482842 2.24585702 1.53889741 3.10404616
 1.50667449 2.88090028 0.83029012 1.59415439 2.172619   2.0374576
 2.12039498 4.94646039 2.72191341 5.93084579 0.73768654 1.49209769
 2.30833521 3.61598033 0.63391671 4.25758751 2.74313657 5.25115783
 0.6785286  1.87812861 0.02078305 6.1300082  0.69255184 4.56830696
 1.68986418 3.72860139 1.65483812 5.18712201 1.88486882 1.90487201
 0.36033201 2.99945436]
 ||optimal function value: 77.94725848000002
optimal value: [1. 0. 0. 0. 0. 0. 0. 0. 0. 0. 1. 0. 0. 0. 0. 1.]
status: SUCCESS
 ||[1.56912741 4.2663214  2.27482842 2.24585702 1.53889741 3.10404616
 1.50667449 2.88090028 0.83029012 1.59415439 2.172619   2.0374576
 2.12039498 4.94646039 2.72191341 5.93084579 0.73768654 1.49209769
 2.30833521 3.61598033 0.63391671 4.25758751 2.74313657 5.25115783
 0.6785286  1.87812861 0.02078305 6.1300082  0.69255184 4.56830696
 1.68986418 3.72860139 1.65483812 5.18712201 1.88486882 1.90487201
 0.36033201 2.99945436]
 ||