optimal function value: 30.655645410000005
optimal value: [0. 0. 1. 0. 0. 0. 0. 1. 1. 0. 0. 0. 0. 1. 0. 0.]
status: SUCCESS
 ||[ 2.49513610e+00  5.16796731e+00  1.52292231e+00  2.64501665e+00
 -1.35250357e-03  4.16449203e+00  1.47451764e+00  4.77501588e+00
  1.17632269e+00  4.83682483e+00  8.57710666e-01  5.03821544e+00
  2.28225144e+00  2.58267016e+00  1.70549402e+00  5.30298561e+00
  6.05926719e-01  3.47352550e+00  2.52927675e+00  1.66886189e+00
  2.52630324e+00  4.30763050e+00  2.64162069e+00  2.11968115e+00
  2.89997372e-01  5.03061473e+00  2.52873221e+00  2.79739188e+00
  2.94251960e-01  1.23930231e+00  1.99658591e+00  1.82836741e+00
  2.98524436e+00  3.70710929e+00  6.29858768e-01  4.11853973e+00]
 ||