optimal function value: 65.76070403
optimal value: [0. 0. 1. 0. 0. 1. 0. 0. 1. 0. 0. 0. 0. 0. 0. 1.]
status: SUCCESS
 ||[2.95537718e+00 4.66159636e+00 2.49836439e+00 5.92235309e+00
 3.32455868e+00 5.79476644e+00 9.13655743e-02 2.92888602e+00
 2.98193228e+00 4.07653065e+00 2.82763678e+00 7.26861058e-01
 1.46317501e+00 1.52961971e+00 1.72282562e+00 3.60379871e+00
 3.75366589e-02 1.33804570e+00 8.87723681e-01 5.75880953e+00
 3.40719768e+00 1.00289916e+00 2.50374267e+00 8.71572878e-01
 1.94039664e+00 7.95896144e-01 5.51598218e-03 5.47298015e+00
 6.57259887e-01 1.35272078e+00 3.08647078e+00 5.48172239e+00
 9.08793382e-01 6.04060972e+00 1.69339622e+00 4.25884691e+00
 6.43223707e-01 5.91295536e+00]
 ||