optimal function value: 32.53962615999998
optimal value: [0. 1. 0. 0. 0. 0. 1. 0. 1. 0. 0. 0. 0. 0. 0. 1.]
status: SUCCESS
 ||[2.93636570e+00 4.67004696e+00 2.50530170e+00 5.93925209e+00
 2.31949552e+00 5.79159726e+00 8.70534101e-02 2.92098369e+00
 2.95851978e+00 4.07229649e+00 2.82520586e+00 7.06447793e-01
 1.46916143e+00 1.54422163e+00 1.69818144e+00 3.60482420e+00
 1.04038807e+00 2.37723444e+00 8.78107144e-01 5.75610405e+00
 2.40760728e+00 1.00301860e+00 2.50437323e+00 8.72188642e-01
 1.94005089e+00 7.96380080e-01 5.73812194e-03 5.47544109e+00
 6.58455193e-01 1.35420463e+00 3.08675938e+00 5.48567989e+00
 9.02066837e-01 6.04152467e+00 1.69401014e+00 4.25954411e+00
 6.43591288e-01 5.91232809e+00]
 ||