optimal function value: 23.895113699999996
optimal value: [1. 0. 0. 0. 0. 0. 1. 0. 0. 1. 0. 0. 0. 0. 0. 1.]
status: SUCCESS
 ||[2.95273482e+00 5.62667711e+00 2.61642966e+00 5.91564013e+00
 3.31657519e+00 5.78449755e+00 8.30434733e-02 2.92812342e+00
 2.99243075e+00 4.06272139e+00 2.83936302e+00 6.99969212e-01
 1.45928347e+00 1.54414476e+00 1.76842793e+00 3.51299714e+00
 4.76380790e-02 1.35773429e+00 8.75467412e-01 5.75991654e+00
 2.40914152e+00 1.00013343e+00 2.51006107e+00 8.71262980e-01
 1.89174881e+00 7.53701633e-01 4.72971556e-03 5.47001975e+00
 6.59179449e-01 1.34947399e+00 3.08667791e+00 5.47680901e+00]
 ||