optimal function value: 44.55872038000001
optimal value: [1. 0. 0. 0. 0. 0. 0. 1. 0. 1. 0. 0. 0. 0. 1. 0.]
status: SUCCESS
 ||[3.51412887e+00 6.15755157e+00 2.53149809e+00 1.89288138e+00
 1.53162690e-03 4.16193332e+00 1.47771703e+00 4.77229823e+00
 1.16826843e+00 4.83917629e+00 8.54074576e-01 5.04580806e+00
 2.28564320e+00 2.60844130e+00 1.68608361e+00 4.27555710e+00
 5.99554476e-01 3.51491471e+00 2.56636187e+00 1.67070387e+00
 2.52221688e+00 4.30016348e+00 2.64797304e+00 2.10681779e+00
 2.86171289e-01 5.01879611e+00]
 ||