optimal function value: 30.655645410000005
optimal value: [0. 0. 1. 0. 0. 1. 0. 0. 1. 0. 0. 0. 0. 0. 0. 1.]
status: SUCCESS
 ||[0.74681366 3.41929275 1.16032442 3.79298281 2.96428706 0.41176025
 0.04675337 5.26561301 1.82768718 2.47267962 3.12821944 2.95372935
 2.62910869 2.99355975 2.00928522 0.94759783 1.98894096 6.44276763
 1.6440557  4.65201914 2.10955948 0.40282458 2.37975092 3.71683508
 0.94402263 0.19438808 2.71939571 2.97011826 2.25778639 5.52419006
 2.2432156  5.78691616 1.24090033 5.0341532  1.39626565 5.87515805
 2.75498512 0.61208213 0.4265353  1.36220242]
 ||