optimal function value: 30.655645410000005
optimal value: [0. 0. 1. 0. 0. 1. 0. 0. 1. 0. 0. 0. 0. 0. 0. 1.]
status: SUCCESS
 ||[1.81066306 5.27448647 3.1094834  5.35276945 0.59287506 2.55556202
 0.46051076 1.41432721 2.30513295 0.8235111  1.67153831 1.34840066
 0.93826624 2.71705687 2.6307739  3.83816011 0.04311779 1.73872306
 0.4710007  5.48626898 2.54312586 5.06801067 2.59713317 4.68719186
 2.99657365 4.97918885 0.81284663 5.35027257 2.53860326 4.74320852
 1.76869678 2.6984206  1.13848945 2.69712513 0.98128664 0.73981717
 2.57214525 5.01500466]
 ||