optimal function value: 23.895113699999996
optimal value: [1. 0. 0. 0. 0. 0. 1. 0. 0. 0. 0. 1. 0. 1. 0. 0.]
status: SUCCESS
 ||[0.84522035 3.63434086 1.16150408 3.77738878 1.94242078 0.39106616
 0.02041332 5.45270475 0.66446117 1.44360021 3.09508088 2.9216883
 2.60122309 2.96189773 1.97738096 0.94660609 1.96279502 5.42254039
 2.61180775 4.66338985 2.10829748 0.40268846 2.38188297 3.7136101
 0.94575847 0.19366269 2.72002725 2.96874521 2.25983765 5.52029926
 2.24357107 5.78907714 1.23723626 5.03436243 1.3934338  5.88406846
 2.76043858 0.61165087]
 ||