optimal function value: 32.53962615999998
optimal value: [0. 1. 0. 0. 0. 0. 1. 0. 1. 0. 0. 0. 0. 0. 0. 1.]
status: SUCCESS
 ||[0.74397248 3.43223414 1.16356308 3.79206204 1.95881536 0.40403427
 0.27452887 5.5754151  0.63330365 1.47133665 2.94776274 3.77330256
 2.62780896 2.99175633 2.24321779 0.944074   1.91085184 5.45273044
 2.64126011 4.65666102 2.10880268 0.40240257 2.38206765 3.71431573
 0.9463775  0.19563528 2.71972318 2.97148317 2.25859255 5.52209144
 2.24447111 5.78678834 2.24118187 5.0316081  1.39760187 5.87888475
 2.76038354 0.61143845 0.42995496 2.36270218]
 ||