optimal function value: 23.895113699999996
optimal value: [0. 0. 0. 1. 0. 1. 0. 0. 1. 0. 0. 0. 0. 0. 1. 0.]
status: SUCCESS
 ||[2.12963198 3.0180039  1.31841606 2.80454033 1.28305365 5.13037075
 1.81150466 3.98140451 0.04715907 1.89793777 2.05098026 0.89563128
 2.32856389 1.95040015 2.47814032 6.00714578 1.79589265 5.61460398
 2.53751235 4.19508739 0.08666322 2.87077551 1.97025106 2.86079671
 0.706452   1.94725643 0.81149146 5.94702271 1.09217    2.65932506
 2.02020099 5.95681753 0.92088913 0.27614832 4.06296059 5.23069937
 2.4831853  3.29152658 1.73760465 0.97232926]
 ||