optimal function value: 48.13067508999998
optimal value: [1. 0. 0. 0. 0. 0. 1. 0. 0. 0. 0. 1. 0. 1. 0. 0.]
status: SUCCESS
 ||[0.82230887 5.82202532 0.39617818 4.42868879 1.2682157  1.55268283
 3.14026792 1.31559983 2.01673271 2.88227836 1.42360928 3.10997094
 0.60399905 5.21841686 0.28211132 1.47251912 1.06312406 1.67622469
 1.281295   5.6676371  1.19070184 0.71449234 0.81181339 6.23046947
 0.19816141 3.89659321 1.18509436 4.15226604 1.06332197 4.34389442
 1.56297286 4.08217226 2.83180615 3.65317849 0.44652619 0.40444842
 2.97194077 3.07040935 0.60908668 5.94383296]
 ||