optimal function value: 23.895113699999996
optimal value: [0. 0. 0. 1. 0. 1. 0. 0. 1. 0. 0. 0. 0. 0. 1. 0.]
status: SUCCESS
 ||[2.96045966e+00 4.66636626e+00 2.49333136e+00 5.92263339e+00
 2.33090420e+00 5.69375992e+00 9.02959899e-02 2.99409207e+00
 2.97402996e+00 4.07018828e+00 2.83230021e+00 7.17973080e-01
 2.46735029e+00 1.55848909e+00 1.71170506e+00 3.59824728e+00
 4.36446598e-02 2.35953621e+00 8.72759033e-01 5.90098148e+00
 2.19849222e+00 2.00974870e+00 2.50019332e+00 9.67227232e-01
 1.92857374e+00 1.02677607e+00 2.33513216e-05 5.47194073e+00
 6.55206864e-01 1.35460749e+00 3.08492024e+00 5.47722161e+00
 9.00541698e-01 6.03992029e+00 1.68794028e+00 4.26470902e+00]
 ||