optimal function value: 30.655645410000005
optimal value: [0. 0. 1. 0. 0. 1. 0. 0. 1. 0. 0. 0. 0. 0. 0. 1.]
status: SUCCESS
 ||[ 2.9340528   4.65959181  2.52641979  5.9106843   2.33409084  6.81172989
  1.0780487   2.90855899  2.96525974  3.78965707  2.81887568  0.64460656
  1.49047272  1.6874051   1.92127518  3.78781167 -0.0276624   1.38245208
  0.88023262  5.7607064   2.42020798  2.01502185  2.49583473  0.86696058
  1.94664374  0.79569735  0.01154305  5.47084838  0.66601945  1.34584745
  3.09162784  5.4761845   0.91300365  6.0364012   1.70082745  4.25532287
  0.61207604  5.8993768 ]
 ||