optimal function value: 48.13067508999998
optimal value: [0. 0. 1. 0. 1. 0. 0. 0. 0. 1. 0. 0. 0. 0. 0. 1.]
status: SUCCESS
 ||[3.84608182 4.31006306 2.40846788 5.68411832 1.81795922 3.99358405
 2.84316776 5.48014814 1.79876958 1.06524973 1.2938877  6.24467844
 0.32332573 2.00505092 2.98540203 2.8242874  0.65656588 1.98898032
 2.85513263 2.1092312  1.34291376 3.94509405 2.53048074 3.09264945
 0.25664563 3.60185469 0.11149906 1.59450606 0.59697553 4.35730963
 0.89007543 4.33619953 0.51327213 0.73924578 0.07386589 4.4348736
 2.69979364 1.38171037]
 ||