optimal function value: 23.895113699999996
optimal value: [0. 1. 0. 0. 0. 0. 0. 1. 1. 0. 0. 0. 0. 0. 1. 0.]
status: SUCCESS
 ||[3.05348929 0.05792128 3.31474281 0.97905315 4.11225839 0.0866945
 2.84252673 4.7730107  2.68420422 6.28274177 0.75098593 2.11982008
 2.21914178 1.75980365 0.82857635 1.43579351 2.69553308 6.48881854
 2.49959466 1.40148125 2.90631833 3.20862024 0.72420728 2.85673483
 1.31147734 0.49460123 1.76958969 2.25670528 1.78620156 5.84320834
 2.02195544 2.5397933  2.70572429 6.24811987 1.5350144  5.93054576
 0.05690748 0.8750909  0.53642985 5.88785338]
 ||