optimal function value: 23.895113699999996
optimal value: [1. 0. 0. 0. 0. 0. 1. 0. 0. 0. 0. 1. 0. 1. 0. 0.]
status: SUCCESS
 ||[2.42054624 4.51855207 3.92355811 2.8739053  1.60227036 3.69801498
 0.58094668 3.21761723 1.99096343 4.99257184 0.30889936 1.91658874
 1.29624473 5.08797956 2.18187151 0.26422373 3.16527357 5.96205987
 2.05493465 3.8689954  0.49528264 0.09558385 1.66016684 0.37446922
 0.59754774 1.52058556 0.0944792  2.91537355 1.38406996 5.29334009
 1.63115896 4.02372543 1.57054254 4.16250205 1.43778186 1.74717966
 3.13417585 6.25679411]
 ||