optimal function value: 65.76070403
optimal value: [0. 0. 1. 0. 0. 1. 0. 0. 1. 0. 0. 0. 0. 0. 0. 1.]
status: SUCCESS
 ||[1.01997349 0.9494079  3.04133586 0.42616812 2.69089332 2.29427028
 0.17111979 3.19214107 1.13381896 3.7445412  0.21497213 0.54170142
 1.33313781 5.17405184 0.3779051  1.37511338 1.95796529 5.93108631
 1.79866669 2.47584333 3.05522474 0.28711178 2.67950272 1.79857294
 1.45257185 0.73228134 0.97157567 5.20768064 0.52143403 3.87297911
 2.00540028 2.33436653 1.71884168 0.39054354 0.18335052 1.29275641
 2.13562771 2.68326783]
 ||