optimal function value: 23.895113699999996
optimal value: [1. 0. 0. 0. 0. 0. 1. 0. 0. 0. 0. 1. 0. 1. 0. 0.]
status: SUCCESS
 ||[2.79593125e+00 2.69531073e+00 2.81563433e+00 2.29529489e+00
 3.54955971e+00 5.17911913e+00 2.01848410e+00 1.03032377e+00
 1.63416985e+00 2.03472763e+00 8.24695906e-01 6.21488228e+00
 3.04803640e+00 2.72998875e-01 2.70015664e+00 3.78554287e+00
 1.19177127e+00 1.78282239e+00 2.11367678e+00 2.86237423e+00
 2.14784631e+00 4.15067214e+00 4.08679493e-01 4.81740616e+00
 3.07876047e+00 6.08387305e+00 1.91997483e+00 2.70230893e-01
 4.80072284e-03 8.29132028e-01 2.95020908e+00 1.89727255e+00
 1.14371093e+00 6.63888754e+00 1.98717106e+00 3.45025576e+00]
 ||