optimal function value: 65.76070403
optimal value: [0. 0. 1. 0. 0. 1. 0. 0. 1. 0. 0. 0. 0. 0. 0. 1.]
status: SUCCESS
 ||[2.63957679 5.06768372 4.01763042 2.82037172 3.41451832 4.4251276
 3.07835047 0.69091353 0.09245572 2.41717192 3.33638382 1.58624196
 1.58087686 1.99151605 2.65563252 5.93182132 2.26269521 6.27445264
 0.19514338 5.10465352 2.74954055 0.94822336 2.21611012 3.51077417
 3.00075682 1.31975559 1.69538616 5.54445899 2.00636372 1.94105622
 0.25794109 5.90339267 1.49122025 6.26098407 0.44414559 5.10193857
 3.55328244 5.78019486]
 ||