optimal function value: 65.76070403
optimal value: [1. 0. 0. 0. 0. 0. 0. 1. 0. 0. 1. 0. 0. 1. 0. 0.]
status: SUCCESS
 ||[4.03026041 5.93881538 0.17871994 0.53249542 2.62500832 4.67752596
 2.1027331  2.93647445 1.90329245 3.81377551 1.82600692 0.99496942
 1.35239663 2.47265316 2.27057117 6.24869005 2.98266898 3.41826779
 1.39828911 1.68602023 0.1132013  0.1724552  1.46003433 3.00145235
 1.19323925 5.6029546  1.65134617 3.52233779 1.74199632 0.14880966
 1.02057846 0.85795926 1.60133803 6.27447639 2.11788064 1.1416863
 2.80656737 5.00583579 2.30789454 5.69557375]
 ||