optimal function value: 23.895113699999996
optimal value: [0. 0. 0. 1. 0. 1. 0. 0. 1. 0. 0. 0. 0. 0. 1. 0.]
status: SUCCESS
 ||[0.68276321 5.38539155 0.97579235 1.21539659 2.58943856 3.08213056
 1.46015164 2.71281479 0.39737042 1.62016491 2.20387228 2.06130805
 2.1449725  4.96691359 2.71248097 5.96978327 0.77408896 1.5259443
 2.3291222  3.65549725 0.66185611 4.27360674 2.77567381 5.27466834
 0.705185   1.90814485 0.04820652 6.15934281 0.72585467 4.60284914
 1.72489825 3.74931725 1.6813371  5.21227472 2.92409929 1.88694064
 0.34730412 2.99213515]
 ||