optimal function value: 44.55872038000001
optimal value: [0. 1. 0. 0. 1. 0. 0. 0. 0. 0. 1. 0. 0. 0. 0. 1.]
status: SUCCESS
 ||[1.34994693 5.41389224 2.04556728 5.90697702 0.85523235 1.60588353
 2.30596496 4.1387506  1.19646532 4.24960747 2.25044604 4.88315835
 0.3724331  2.64750884 2.84801864 2.24420942 0.82152002 5.26421702
 1.84880914 0.94068089 1.73146939 5.17012425 0.52773847 4.09457833
 0.3856517  2.11859056 0.26195483 1.28301802 3.07326617 2.53867359
 3.10861574 2.75669377 1.90719777 5.47318123 2.15816979 0.69553269
 1.85050239 3.98121281]
 ||