optimal function value: 48.13067508999998
optimal value: [1. 0. 0. 0. 0. 0. 1. 0. 0. 0. 0. 1. 0. 1. 0. 0.]
status: SUCCESS
 ||[1.95510338e+00 4.65934072e+00 2.50000168e+00 5.91609059e+00
 2.32334389e+00 5.79367989e+00 8.62267542e-02 2.92637578e+00
 2.96459431e+00 4.08014453e+00 3.07288862e+00 6.55332887e-01
 1.47341962e+00 1.53207682e+00 1.69034394e+00 3.58790103e+00
 2.37343307e-02 1.34179307e+00 8.63150608e-01 5.73870661e+00
 2.38818004e+00 9.82949423e-01 3.49010315e+00 8.69611209e-01
 1.93795166e+00 7.93722440e-01 3.39277540e-03 5.47211772e+00
 6.57085729e-01 1.35137273e+00 4.08442209e+00 5.48214049e+00
 8.16825609e-01 6.12467499e+00 1.69495640e+00 4.25807518e+00]
 ||