optimal function value: 65.76070403
optimal value: [0. 0. 1. 0. 0. 0. 0. 1. 1. 0. 0. 0. 0. 1. 0. 0.]
status: SUCCESS
 ||[2.95945208e+00 5.66048842e+00 3.50110008e+00 5.92087970e+00
 2.32422795e+00 5.79538423e+00 9.03501633e-02 2.92586641e+00
 2.96325907e+00 4.07714578e+00 2.92504859e+00 6.30649230e-01
 1.47271358e+00 1.55106577e+00 1.70699530e+00 3.60584003e+00
 4.01130586e-02 1.36144202e+00 8.75823544e-01 5.75735614e+00
 2.40533441e+00 1.00286802e+00 2.50385220e+00 8.71302279e-01
 1.94043148e+00 7.93570524e-01 5.86722815e-03 5.47501432e+00
 6.56067294e-01 1.35467684e+00 3.08704794e+00 5.48157873e+00
 9.09063603e-01 6.04120299e+00 1.69517621e+00 4.25882702e+00]
 ||