optimal function value: 23.895113699999996
optimal value: [1. 0. 0. 0. 0. 0. 1. 0. 0. 0. 0. 1. 0. 1. 0. 0.]
status: SUCCESS
 ||[1.45755223 2.31993341 0.43303462 6.4342329  0.01749268 3.16820862
 2.82461553 1.50803925 1.73973817 3.86826272 0.11712407 2.38353336
 2.218118   2.84216173 2.25997215 0.98551244 0.75290882 0.70092358
 1.59777541 5.80791866 1.86034374 4.86182074 1.20955642 4.68890188
 0.31969126 1.82984138 2.11292285 4.56503293 1.32799746 0.54914729
 0.83661319 1.31290621 0.89016875 6.07916257 0.62509356 5.57104562
 2.76577579 0.34449946 1.17381818 3.11005147]
 ||