optimal function value: 65.76070403
optimal value: [1. 0. 0. 0. 0. 0. 0. 1. 0. 0. 1. 0. 0. 1. 0. 0.]
status: SUCCESS
 ||[7.55746740e-01 4.47640059e+00 1.14265136e+00 3.77268229e+00
 1.90993192e+00 4.25050029e-01 3.89266663e-03 5.24062756e+00
 6.84139032e-01 1.06208934e+00 3.23459858e+00 3.05271325e+00
 2.56056364e+00 2.97418624e+00 2.02800641e+00 9.53738669e-01
 1.97227818e+00 5.46300658e+00 1.66786900e+00 4.66565351e+00
 2.16978482e+00 4.24802861e-01 2.79940843e+00 3.63343182e+00
 9.66590019e-01 2.09987332e-01 2.73803276e+00 2.98037851e+00
 3.28404180e+00 5.50798898e+00 2.23993741e+00 5.78566122e+00
 1.21928035e+00 5.00318255e+00 1.37004577e+00 5.87777062e+00]
 ||