optimal function value: 48.13067508999998
optimal value: [1. 0. 0. 0. 0. 0. 1. 0. 0. 0. 0. 1. 0. 1. 0. 0.]
status: SUCCESS
 ||[2.95374951e+00 4.66132894e+00 2.49918585e+00 5.92443449e+00
 2.32801999e+00 5.79412057e+00 9.28050462e-02 2.93715746e+00
 2.96508340e+00 4.12069764e+00 2.82153625e+00 9.20060597e-01
 2.48613258e+00 1.54189687e+00 1.70843251e+00 3.60608266e+00
 4.09928495e-02 1.36186026e+00 8.78236491e-01 5.75771295e+00
 2.40557203e+00 1.00284929e+00 2.50421382e+00 8.71673285e-01
 1.93987761e+00 7.96129368e-01 5.46158672e-03 5.47532558e+00
 6.58018041e-01 1.35380480e+00 3.08457408e+00 5.48180745e+00
 9.08763773e-01 6.04120200e+00 1.69421907e+00 4.25837574e+00]
 ||