optimal function value: 48.13067508999998
optimal value: [1. 0. 0. 0. 0. 0. 1. 0. 0. 0. 0. 1. 0. 1. 0. 0.]
status: SUCCESS
 ||[2.95681910e+00 5.65359997e+00 2.49821230e+00 5.92069893e+00
 3.32433703e+00 6.79474931e+00 9.13502251e-02 3.92456515e+00
 3.96376307e+00 4.07797189e+00 2.83052391e+00 7.18726668e-01
 1.47558398e+00 1.54799776e+00 1.70898917e+00 3.60670361e+00
 4.14091646e-02 1.36097229e+00 8.77673396e-01 5.75677704e+00
 2.40649705e+00 1.00314728e+00 2.50282562e+00 8.73799318e-01
 1.93930270e+00 7.96181776e-01 3.43708951e-03 5.47351634e+00
 6.58428358e-01 2.35363681e+00 3.08621592e+00 5.48230058e+00
 9.09205821e-01 6.04025143e+00 1.69542062e+00 4.26130590e+00
 6.41835009e-01 5.91279095e+00]
 ||