optimal function value: 65.76070403
optimal value: [1. 0. 0. 0. 0. 0. 0. 1. 0. 0. 1. 0. 0. 1. 0. 0.]
status: SUCCESS
 ||[1.42218649 5.32451989 2.39822151 1.60260467 1.55888039 2.99992459
 1.86961721 5.95599756 0.29489315 0.17602477 2.62561621 2.71945709
 2.39424368 0.01322963 1.40037407 4.53457378 0.71857637 5.93935446
 2.81738878 0.20161621 0.0794667  3.40340517 2.94991739 2.39574178
 0.68080292 2.65256381 0.08986465 1.39325601 1.37637144 3.1155578
 0.73153004 1.45027726 0.68738792 2.8883884  0.91010035 0.13565447
 2.6311239  3.49630449 2.01769183 1.16774795]
 ||