optimal function value: 23.895113699999996
optimal value: [0. 0. 0. 1. 0. 1. 0. 0. 1. 0. 0. 0. 0. 0. 1. 0.]
status: SUCCESS
 ||[1.4222268  5.32616173 3.3990868  1.46805398 1.38938605 2.87372764
 2.09608651 5.00478827 0.34586699 0.22893899 3.67708251 2.71962096
 2.39820848 0.01433231 1.39880786 4.53407825 0.71847613 5.93959374
 2.83195685 0.191377   0.07996525 3.40206645 2.94957794 2.3963924
 0.67914593 2.65228878 0.09076611 1.39242179 1.37567812 3.11545521
 0.73217572 1.44986412 0.6865807  2.88502109 0.91093056 0.13478162
 2.63506259 3.49627237 2.01791939 1.17096306]
 ||