optimal function value: 23.895113699999996
optimal value: [1. 0. 0. 0. 0. 0. 1. 0. 0. 0. 0. 1. 0. 1. 0. 0.]
status: SUCCESS
 ||[1.96618868e+00 4.66966303e+00 2.49712526e+00 5.91067008e+00
 2.32244128e+00 5.79731116e+00 9.55164088e-02 2.93356863e+00
 2.93922143e+00 4.06653817e+00 2.84700641e+00 7.10057527e-01
 1.47397546e+00 1.53918167e+00 2.70856921e+00 3.60502298e+00
 4.04801866e-02 1.36081550e+00 8.76161359e-01 5.75770180e+00
 2.40552438e+00 1.00358467e+00 2.50482215e+00 8.71919781e-01
 1.93922783e+00 7.95189187e-01 3.69019791e-03 5.47547193e+00
 6.58095993e-01 1.35419450e+00 3.08637477e+00 5.48148346e+00]
 ||