optimal function value: 48.13067508999998
optimal value: [1. 0. 0. 0. 0. 0. 1. 0. 0. 0. 0. 1. 0. 1. 0. 0.]
status: SUCCESS
 ||[1.95688148e+00 4.66075885e+00 2.51283862e+00 5.91480794e+00
 2.30563756e+00 5.81416438e+00 9.11261895e-02 2.92561590e+00
 2.96361523e+00 4.07764541e+00 2.83026090e+00 7.11267988e-01
 2.47359703e+00 1.54925455e+00 1.70818603e+00 3.60617893e+00
 4.12092212e-02 1.36175509e+00 8.78037539e-01 5.75756182e+00
 2.40559165e+00 1.00277906e+00 2.50428649e+00 8.71851209e-01
 1.93988852e+00 7.96127679e-01 5.58988084e-03 5.47517153e+00
 6.58083120e-01 1.35392614e+00]
 ||