optimal function value: 30.655645410000005
optimal value: [1. 0. 0. 0. 0. 0. 0. 1. 0. 0. 1. 0. 0. 1. 0. 0.]
status: SUCCESS
 ||[2.95766499e+00 4.66008542e+00 2.49751904e+00 5.92398436e+00
 2.32379744e+00 5.79390066e+00 8.85425115e-02 2.92563700e+00
 2.96216759e+00 4.07799317e+00 2.82798673e+00 7.07716297e-01
 1.47017685e+00 1.54612504e+00 1.70702420e+00 3.61192107e+00
 4.16746861e-02 1.36324912e+00 8.77106919e-01 5.75866197e+00
 2.40829158e+00 1.00274324e+00 2.50062668e+00 8.72768974e-01
 1.94146672e+00 7.95520386e-01 6.04141293e-03 6.47504826e+00
 6.58337720e-01 1.35148735e+00 3.08686160e+00 5.47354262e+00
 1.91154289e+00 5.91750835e+00]
 ||