optimal function value: 23.895113699999996
optimal value: [1. 0. 0. 0. 0. 0. 1. 0. 0. 0. 0. 1. 0. 1. 0. 0.]
status: SUCCESS
 ||[1.81411429 4.30688096 2.15223142 5.33674949 0.58317726 1.44848909
 0.46116509 1.41507987 2.3058233  0.81868146 1.66728069 1.34283267
 0.92005767 2.70785226 2.63078009 3.82593407 0.04502541 1.73175682
 0.45661526 5.47844272 2.54351275 5.06406092 2.59682645 4.67899344
 2.98169797 4.9856144  0.80675074 5.34050982 1.52955998 4.74369347
 1.77123657 2.69845306 1.14459445 2.70070726 0.98639467 0.73756283
 2.57417004 6.01657774]
 ||