optimal function value: 44.55872038000001
optimal value: [0. 1. 0. 0. 0. 0. 1. 0. 1. 0. 0. 0. 0. 0. 0. 1.]
status: SUCCESS
 ||[1.89347383 2.62651802 1.84342797 1.30560445 2.5395252  5.19187961
 2.06782378 1.00748652 1.7684184  2.01929236 0.766661   5.98784528
 3.13372482 0.26569914 2.67949295 3.76550108 1.22413412 1.78243582
 2.120828   2.87048861 2.15446988 4.15843729 0.41842105 4.82319759
 3.08674526 6.0901996  1.92689931 0.2773529  0.01314637 0.84040528
 2.95710793 1.90199137 1.15155023 5.64215933 0.98815935 3.44800735
 1.36975296 0.40678887]
 ||