optimal function value: 65.76070403
optimal value: [1. 0. 0. 0. 0. 1. 0. 0. 0. 0. 1. 0. 0. 0. 0. 1.]
status: SUCCESS
 ||[3.4916572  5.16464367 1.52445057 1.64351283 1.00082776 4.16480112
 1.47694488 4.77303863 1.17214128 4.83873683 0.85621659 5.05636735
 2.30982643 2.60136263 1.69165658 4.27464701 0.6170211  3.46366384
 2.51549032 1.668008   2.52864589 4.30734288 2.65264612 2.10871986
 0.29203785 5.02815312 2.5271391  2.79901178 0.29431468 1.23856632
 1.9949692  1.82963761 2.98865455 3.69767154 0.63095237 4.11772734
 1.13247886 5.86062651 2.85690084 3.23357697]
 ||