optimal function value: 32.53962615999998
optimal value: [0. 1. 0. 0. 0. 0. 1. 0. 1. 0. 0. 0. 0. 0. 0. 1.]
status: SUCCESS
 ||[2.13605962 2.47710317 1.31068487 2.96075889 2.28826748 5.13218741
 0.81349558 4.98875292 1.03195363 1.89721288 1.05261811 0.89088347
 2.33682815 1.94906642 2.47856503 6.00759113 0.7965613  5.61435159
 2.53810612 4.19231796 0.0858471  2.87053305 1.9688037  1.86080308
 0.7050652  2.94569774 0.81253193 4.9495223  1.09312689 2.65843481
 2.02023702 5.95885491 0.92057109 1.27675045 3.05943878 5.23014786
 3.48391851 3.28794385]
 ||