optimal function value: 65.76070403
optimal value: [0. 0. 1. 0. 0. 0. 0. 1. 1. 0. 0. 0. 0. 1. 0. 0.]
status: SUCCESS
 ||[1.01978133 0.94750309 2.04518143 0.45195364 1.68997748 3.2960108
 0.17921128 3.24499669 0.11191147 3.72219941 0.21177461 0.56962197
 1.33586029 5.1864713  0.44556443 1.28436775 1.9709543  5.9543752
 1.8172742  2.49218051 3.06721195 0.29231574 2.69712347 1.8198255
 0.45252726 0.73923307 0.97050389 5.12780037 0.56741911 3.65346103
 2.00732478 2.34016116 1.72012125 0.39417345 0.18754635 1.29396132
 2.13780942 2.68658989]
 ||