optimal function value: 23.895113699999996
optimal value: [0. 0. 0. 1. 0. 1. 0. 0. 1. 0. 0. 0. 0. 0. 1. 0.]
status: SUCCESS
 ||[1.74223883 1.63141011 1.23791463 0.97099921 1.20844656 2.52346206
 2.88526257 5.02624943 2.40269476 1.3940586  1.68489512 1.74007035
 0.54278241 0.66969841 0.67450869 6.82530601 2.59670293 5.19022074
 2.70651129 1.18119486 0.93853798 3.90398912 2.26661907 5.3372779
 2.73068792 0.51154293 1.86866699 5.19150826 1.58466532 1.11222392
 1.4821237  0.55446766 2.92950404 5.43222506 1.7135839  1.88273251
 2.84955863 4.58768435 2.7818509  5.32911925]
 ||