optimal function value: 32.53962615999998
optimal value: [0. 1. 0. 0. 1. 0. 0. 0. 0. 0. 1. 0. 0. 0. 0. 1.]
status: SUCCESS
 ||[ 2.48665474  5.16694323  1.54795015  2.6431489  -0.05387455  4.16662804
  1.474987    4.7621792   2.17134234  4.83044158  0.8581876   5.04070658
  3.34330036  2.57263472  1.70504684  4.30060387  0.61855067  3.49883436
  2.53692392  2.6832133   2.52570797  4.30793179  3.65094071  2.10752175
  0.29168164  5.02908999  2.52704165  2.79815822  0.29353147  1.23967503
  1.99169788  1.82944909  2.98699446  3.69838424  0.63012312  4.11814849
  1.12997002  5.86114675  2.85498724  3.23628943]
 ||