optimal function value: 44.55872038000001
optimal value: [0. 1. 0. 0. 0. 0. 1. 0. 1. 0. 0. 0. 0. 0. 0. 1.]
status: SUCCESS
 ||[1.49029552 5.13189037 2.09370224 0.89668164 0.03507426 2.35468596
 0.85952165 5.09139931 2.18532928 4.77198764 1.75279351 4.15466991
 0.45613876 2.76699579 0.50822528 5.68863111 0.18569179 5.14408738
 0.23190495 4.31578043 1.05937196 2.54087806 3.64586025 0.11615783
 1.19150946 5.74976469 1.59857297 0.57122853 3.10166702 5.94762713
 0.35403418 2.66009156 0.42423305 1.96444502 1.95205183 1.02753104
 2.18937843 0.32134054 0.53748694 5.12709107]
 ||