optimal function value: 23.895113699999996
optimal value: [1. 0. 0. 0. 0. 0. 1. 0. 0. 0. 0. 1. 0. 1. 0. 0.]
status: SUCCESS
 ||[2.69204476 6.11543145 2.95766252 1.83197299 2.32454876 4.40429316
 1.98791702 0.6324391  0.01268392 2.3410681  2.26402625 1.53551531
 1.13693479 2.10341986 2.68834802 6.01433574 1.36261587 6.30302621
 0.30675349 6.18124761 2.74463546 0.96261487 2.69045926 3.45454656
 2.92483411 1.17901578 1.55595762 5.52033959 2.86667752 1.93756463
 0.25685866 5.90398011 1.69134078 6.24489312 0.44128841 5.07844985
 2.55257537 5.77489931 0.05210975 2.35401775]
 ||