optimal function value: 48.13067508999998
optimal value: [0. 0. 1. 0. 1. 0. 0. 0. 0. 1. 0. 0. 0. 0. 0. 1.]
status: SUCCESS
 ||[1.42299557 3.51771135 2.91551087 2.92206668 1.60061215 3.68589029
 0.60522517 3.20720002 1.97959892 5.02142096 0.16701964 1.93666893
 0.24915856 5.16355779 2.13316483 0.26133362 3.08484198 6.05627054
 2.05406766 3.86947267 0.49477581 0.09373208 1.65934407 0.37462684
 0.59798939 1.52008967 0.09453855 2.91564567 1.38467863 5.29331431
 1.63109291 4.02230166 1.57004135 4.16167599 1.4361579  1.74748591
 3.13388393 6.25603785 2.63979855 4.44711234]
 ||