optimal function value: 30.655645410000005
optimal value: [0. 0. 1. 0. 0. 1. 0. 0. 1. 0. 0. 0. 0. 0. 0. 1.]
status: SUCCESS
 ||[0.74563363 3.42720086 2.40715001 3.81711756 1.94513352 0.40821872
 0.04867872 6.26292744 0.81397361 1.47196415 3.12826484 2.95488423
 2.62302047 3.00578118 2.01063723 0.94563434 1.99402308 5.45434244
 1.64328661 4.66213555 2.11021908 0.40129309 2.38194161 3.71440416
 0.94491873 0.19393394 2.71877048 2.97040443 2.25832965 5.52079988
 2.24282808 5.78726819 1.24097469 5.02955343 1.39629846 5.87834558
 2.76155657 0.6136094 ]
 ||