optimal function value: 30.655645410000005
optimal value: [1. 0. 0. 0. 0. 1. 0. 0. 0. 0. 1. 0. 0. 0. 0. 1.]
status: SUCCESS
 ||[1.01599676 0.94664866 2.04553471 1.70131398 1.70096713 2.30210837
 0.18155006 3.19120639 0.11849028 2.73461691 0.19076391 0.57195069
 1.33614593 5.19793237 0.39243547 2.40214177 1.97074941 5.95360298
 1.81275477 2.49217789 3.06824462 0.29377824 2.69601931 1.81843797
 0.45335046 0.74019845 0.96977705 5.12753958 0.56738328 3.65441991
 2.0075456  2.3386496  1.72236622 0.39481116 0.18690072 1.29420382
 2.13696921 2.68599169]
 ||