optimal function value: 65.76070403
optimal value: [1. 0. 0. 0. 0. 0. 0. 1. 0. 0. 1. 0. 0. 1. 0. 0.]
status: SUCCESS
 ||[0.4256587  5.32240297 3.39404434 1.60638315 1.55741764 2.8244096
 2.04376021 4.95997904 0.29902794 0.18037337 3.63230438 2.71516645
 3.39425082 0.00747678 1.40258206 4.53956862 0.71240194 5.93467116
 2.83326868 0.19167378 0.07721269 3.39136927 2.94398074 2.38529984
 0.68137587 2.77110822 0.30991164 1.39115199 1.37419566 3.11370276
 0.73205006 1.44791167 0.68447872 2.88547882 0.90890099 0.13306039
 2.63093606 3.49592401]
 ||