optimal function value: 48.13067508999998
optimal value: [0. 1. 0. 0. 0. 0. 0. 1. 1. 0. 0. 0. 0. 0. 1. 0.]
status: SUCCESS
 ||[2.93872092e+00 4.64027205e+00 3.50018390e+00 5.90696110e+00
 2.31879892e+00 5.87486112e+00 8.27009193e-02 2.92079674e+00
 2.94721805e+00 4.07421195e+00 2.73417101e+00 7.18682023e-01
 1.46813379e+00 1.54277172e+00 1.70594107e+00 3.61187144e+00
 3.25757544e-02 1.35799145e+00 8.78036327e-01 5.75448993e+00
 2.40505493e+00 9.99098208e-01 2.50293664e+00 8.52292630e-01
 1.93650760e+00 7.90176965e-01 3.85891128e-03 5.46780937e+00
 6.54426731e-01 1.34768386e+00 3.07558229e+00 5.72727397e+00
 8.97386157e-01 6.03028618e+00 1.68901606e+00 4.25245310e+00]
 ||