optimal function value: 48.13067508999998
optimal value: [1. 0. 0. 0. 0. 0. 1. 0. 0. 0. 0. 1. 0. 1. 0. 0.]
status: SUCCESS
 ||[0.78421175 3.40009323 1.19219868 3.78190819 1.94323749 0.4468208
 0.41162065 4.94333015 0.80957373 1.44031689 3.11532211 2.93494472
 2.61166266 2.97888318 1.99402948 0.93769086 1.98465559 5.45154078
 1.65720502 5.65621495 2.10935016 0.39066859 2.3693148  3.71171842
 0.92662235 0.17959895 2.71706355 2.96768935 2.23436602 5.51662537
 2.24163549 5.78364975 1.23450866 5.03010814 1.38145764 5.86855626
 2.7400535  0.60999691 0.4120917  1.35343066]
 ||