optimal function value: 23.895113699999996
optimal value: [0. 0. 0. 1. 0. 1. 0. 0. 1. 0. 0. 0. 0. 0. 1. 0.]
status: SUCCESS
 ||[0.66180054 6.04123321 0.38696229 4.91940426 0.26956097 2.54767237
 3.13313239 1.31272803 2.03108104 2.87120976 1.41954901 3.07136725
 0.62156264 5.21317908 0.28383853 1.45524473 0.06766553 1.66041409
 1.28904825 5.66972035 1.21106009 0.71066847 0.82573218 6.24890679
 0.22510347 3.90727289 1.18882719 4.16692809 1.05866196 4.33829115
 1.56297486 5.10356717 2.81549561 3.62683739 0.42923985 0.41199262
 2.92602458 3.05558978 0.57723558 5.93235331]
 ||