optimal function value: 44.55872038000001
optimal value: [0. 1. 0. 0. 0. 0. 1. 0. 1. 0. 0. 0. 0. 0. 0. 1.]
status: SUCCESS
 ||[ 2.71193249e+00  3.51943923e+00  3.00522540e+00  2.78786944e+00
  1.56738619e+00  3.52008666e+00  6.35459201e-02  3.00404169e+00
  1.51013165e+00  4.68951175e+00 -9.74788418e-03  1.61172067e+00
  4.89934170e-03  5.02382102e+00  2.05414933e+00  6.52267485e-01
  3.38077812e+00  5.97890599e+00  1.88032840e+00  3.80510857e+00
  3.20334814e-01  3.14719211e-01  1.40998309e+00 -1.42915597e-02
  5.60736461e-01  1.72567526e+00]
 ||