optimal function value: 65.76070403
optimal value: [0. 0. 1. 0. 0. 0. 0. 1. 1. 0. 0. 0. 0. 1. 0. 0.]
status: SUCCESS
 ||[3.49298385e+00 6.16544760e+00 2.52309495e+00 1.64516900e+00
 2.04386137e-03 4.16596422e+00 1.47802605e+00 4.77387265e+00
 1.17241658e+00 4.83945374e+00 8.56772885e-01 5.04104658e+00
 2.29104695e+00 2.60388244e+00 1.68960912e+00 4.28334986e+00
 6.08124410e-01 3.47706692e+00 2.53255021e+00 1.66831755e+00
 2.52405455e+00 4.30868808e+00 2.65406206e+00 2.10905521e+00
 2.92970468e-01 5.02852208e+00 2.52943307e+00 2.79915924e+00
 2.95406878e-01 1.23919582e+00 1.99464926e+00 1.83007881e+00
 2.98923133e+00 3.69841403e+00 6.31550471e-01 4.11800506e+00
 1.13213998e+00 5.86110259e+00]
 ||