optimal function value: 65.76070403
optimal value: [0. 0. 1. 0. 0. 1. 0. 0. 1. 0. 0. 0. 0. 0. 0. 1.]
status: SUCCESS
 ||[1.81353891 4.30444391 2.14978732 5.3361706  0.58290724 1.44842796
 1.46300214 1.41307529 3.42450087 0.85659276 1.66924088 1.34402561
 0.93084355 2.70590372 2.63171869 3.82212037 0.03730122 1.74419379
 0.45901994 5.47415505 2.54386923 5.06512695 2.59634063 4.6794054
 2.98210564 4.98735105 0.80661959 5.33974754 1.52966939 4.7441783
 1.77262626 2.69921021 1.14360171 2.70012345 0.98597244 0.73743673
 2.57480334 5.01619235 3.09515178 4.34087857]
 ||