optimal function value: 44.55872038000001
optimal value: [0. 1. 0. 0. 0. 0. 1. 0. 1. 0. 0. 0. 0. 0. 0. 1.]
status: SUCCESS
 ||[ 1.01753066  1.95058777  3.04761868  0.44912969  2.68312537  3.29877569
  0.18578221  3.19074322 -0.02570169  2.7802602   0.22396982  0.56496787
  1.34149111  5.19544117  0.47657852  1.3063053   1.97119102  5.95622529
  1.81137205  2.4600554   3.06692428  0.29309203  2.69681923  1.8201194
  0.4528728   0.74017066  0.97098006  5.12536456  0.56705298  3.65425355
  2.0071581   2.34026065  1.72048716  0.3954236   0.18749221  1.29412839
  2.13761768  2.68618107]
 ||