optimal function value: 23.895113699999996
optimal value: [1. 0. 0. 0. 0. 0. 1. 0. 0. 0. 0. 1. 0. 1. 0. 0.]
status: SUCCESS
 ||[0.46238082 4.3644643  2.015929   6.92116348 0.79685304 1.61214089
 2.32442289 4.10132161 1.28390988 4.69228131 1.22642505 4.87602734
 0.37202881 1.38166921 3.84466254 2.23585429 0.80334782 5.03246806
 1.95918401 0.93284841 1.73396793 4.15451587 0.51339661 4.07035956
 0.37695826 2.09428462 0.24060285 1.26908337 3.05256838 2.51182734
 3.10720342 2.72717842 1.88652184 5.46222366 2.13880844 0.68418209
 1.81906954 3.88913825 0.55692725 0.57088406]
 ||