optimal function value: 32.53962615999998
optimal value: [0. 1. 0. 0. 0. 0. 1. 0. 1. 0. 0. 0. 0. 0. 0. 1.]
status: SUCCESS
 ||[1.74642163 3.41778501 1.15978496 3.79503878 2.96806533 1.4189387
 0.04127252 5.24208982 0.87599104 1.44430686 3.13294861 2.97727238
 3.62685831 2.9967664  2.00697115 0.94554221 1.9980505  5.45653538
 2.63973202 4.65895491 2.10928055 1.40331686 2.38334411 3.71435689
 0.94680852 0.19480681 2.71939553 2.96989117 2.25776056 5.52105057
 2.24352847 5.78777978 1.24070397 5.03130084 1.39713181 5.87843225
 2.76084096 0.61213639 0.4299084  2.36081721]
 ||