optimal function value: 30.655645410000005
optimal value: [0. 0. 1. 0. 0. 1. 0. 0. 1. 0. 0. 0. 0. 0. 0. 1.]
status: SUCCESS
 ||[2.13200857 3.01498153 1.31169697 2.80710641 1.2825203  4.13467867
 0.8137017  4.98928387 0.03193655 1.89533163 1.05343851 0.8920446
 2.33537263 1.94851819 2.47958774 6.00807959 0.79619272 5.61486021
 2.53735059 4.19381962 0.08626257 2.87042371 1.96921003 1.862019
 0.70480253 1.94646579 0.81174563 4.95026479 1.09399161 2.65766903
 2.020154   5.95884538 0.9202419  0.27606696 3.05957619 5.23115113
 2.48333154 3.28829533 0.73855492 1.97085164]
 ||