optimal function value: 23.895113699999996
optimal value: [1. 0. 0. 0. 0. 0. 1. 0. 0. 0. 0. 1. 0. 1. 0. 0.]
status: SUCCESS
 ||[ 1.13529464  3.01896019  1.30897207  2.80553254  2.28569963  4.35746154
  0.7040466   4.18571818 -0.15884394  1.9329913   1.01077996  0.88028841
  2.34753543  2.15016015  2.3538687   6.00706768  0.79513924  5.61294077
  3.53668735  4.1940593   0.0855612   2.86963617  1.96878935  1.86221295
  0.70413744  1.94655292  0.81138891  4.94970154  1.09252863  2.65786097
  2.01920279  5.95989181  0.92184328  0.27764331  3.05887877  5.23198723
  2.48308272  3.28735844]
 ||