optimal function value: 32.53962615999998
optimal value: [0. 1. 0. 0. 0. 0. 1. 0. 1. 0. 0. 0. 0. 0. 0. 1.]
status: SUCCESS
 ||[1.81275905 5.30451783 2.19478563 5.29403453 0.58520004 1.44716726
 1.46214724 1.41673268 2.30853913 0.8193487  1.66975532 1.34546473
 0.92477878 2.71315635 2.6302103  3.82200453 1.04836323 1.73321154
 0.46120591 5.47442162 2.5421866  5.06444625 2.59345756 4.67811038
 2.98064939 4.98753355 0.80500134 5.34135682 1.52765936 4.74375624
 1.7706011  2.69945326 2.14182624 2.69897958 0.9867235  0.73806587
 2.57488685 5.0148537 ]
 ||