optimal function value: 30.655645410000005
optimal value: [0. 0. 1. 0. 0. 0. 0. 1. 1. 0. 0. 0. 0. 1. 0. 0.]
status: SUCCESS
 ||[0.73942695 1.51450944 2.14793581 0.88461903 0.21460633 2.5434731
 2.84665504 4.92332241 2.29792532 1.49548839 2.86635729 1.69450666
 1.63428142 0.50983514 0.62959834 5.65782452 2.55876504 4.94312616
 2.44294687 1.43325547 1.01346712 3.92475925 3.42378822 5.33845108
 2.71986364 0.52530116 1.88804379 4.2047852  1.57266911 1.15597321
 1.45347591 0.54916735 2.92454067 5.39661146 1.59812385 1.85155956
 2.84683438 3.58730786]
 ||