optimal function value: 23.895113699999996
optimal value: [0. 1. 0. 0. 0. 0. 0. 1. 1. 0. 0. 0. 0. 0. 1. 0.]
status: SUCCESS
 ||[3.81112239 4.29951357 2.39544817 5.70832574 1.83961908 3.9879194
 2.87113451 5.44675493 1.94357709 2.10180288 1.28942714 6.39857849
 0.40738511 2.99505662 3.01272963 2.62221631 0.59536363 2.00043838
 2.87111445 2.11788009 1.36098148 3.95696939 2.54851588 3.11388049
 0.27102539 3.58914323 0.12697913 1.61637341 0.5945719  4.35641703
 0.87666716 4.32759403 0.50525007 0.71864311 0.05366814 4.41601272
 2.69308967 1.3591794  0.74498802 0.07358297]
 ||