optimal function value: 48.13067508999998
optimal value: [1. 0. 0. 0. 0. 0. 1. 0. 0. 0. 0. 1. 0. 1. 0. 0.]
status: SUCCESS
 ||[1.42213516 5.32368111 2.39961937 2.60366867 1.55625532 2.81981519
 2.04906889 4.95608416 0.28876386 0.17857597 2.626426   2.72141619
 2.39508104 0.01419914 1.4019875  4.53460894 0.71977017 6.93927987
 3.83170312 0.19268018 0.07976556 3.40182828 2.95028798 2.39504999
 0.68058973 2.65208788 0.09116846 1.39305255 1.3756582  3.11547672
 0.73201804 1.45126484 0.6860075  2.88763503 0.90987586 0.13536317
 2.63162383 3.49657615 2.01686852 2.16880318]
 ||