optimal function value: 65.76070403
optimal value: [1. 0. 0. 0. 0. 0. 0. 1. 0. 0. 1. 0. 0. 1. 0. 0.]
status: SUCCESS
 ||[ 4.00345732  5.95520754 -0.058503    0.53960351  2.64574265  4.65448315
  2.1557589   1.97446081  1.92679738  3.83572871  1.84569114  2.01852685
  2.34350517  2.47316292  2.27158707  6.26421982  2.97667794  3.42810952
  2.39774251  1.68540326  0.11278554  0.17244981  1.46035927  2.00063359
  1.19435011  5.60289578  1.65176613  3.52156541  0.74197869  0.14910867
  1.02160264  0.85896765  1.60295026  6.27544336  2.11916677  1.1426489
  2.80703444  5.00638412]
 ||