optimal function value: 48.13067508999998
optimal value: [1. 0. 0. 0. 0. 0. 1. 0. 0. 1. 0. 0. 0. 0. 0. 1.]
status: SUCCESS
 ||[2.45397443 2.34638933 0.31361375 5.45002947 0.0226117  3.15046212
 3.81848189 0.51164613 2.7440038  3.8789176  0.13203295 2.38113502
 3.20396447 3.83233803 3.26652638 0.99808126 0.75149962 0.70085473
 1.59759183 5.55774022 1.85405267 4.86448014 2.20681014 4.68690807
 0.31911649 1.82951061 2.11786177 4.56049252 1.32435292 0.55049396
 0.83744726 1.31910171 0.8827451  5.08584271 0.62683407 5.57063295
 2.76188906 0.34480969 1.19005793 3.08868786]
 ||