optimal function value: 23.895113699999996
optimal value: [1. 0. 0. 0. 0. 0. 1. 0. 0. 0. 0. 1. 0. 1. 0. 0.]
status: SUCCESS
 ||[1.78563733 2.58081165 1.8196821  1.30779983 2.55512316 5.1749048
 2.05313438 1.00661184 1.63579786 2.05963648 0.78539908 5.98486077
 3.13223566 0.25224782 2.7011533  3.80452093 1.20827473 1.78575093
 2.1208157  2.87035366 2.12883753 4.15842705 0.41776621 4.82446819
 3.08640415 6.09083277 1.9267266  0.27819286 0.01282955 0.84165105
 2.95634052 1.90302003 1.15030375 5.64345218 0.98763166 3.44951942
 1.36999258 0.40832325]
 ||