optimal function value: 23.895113699999996
optimal value: [1. 0. 0. 0. 0. 0. 1. 0. 0. 0. 0. 1. 0. 1. 0. 0.]
status: SUCCESS
 ||[2.47891050e+00 5.06590396e+00 1.57072775e+00 2.71709905e+00
 4.85847488e-03 3.65346093e+00 1.52404783e+00 4.84784933e+00
 2.17375756e+00 4.83843228e+00 1.85657415e+00 5.04065871e+00
 2.29124400e+00 2.60156818e+00 1.69193846e+00 4.28553696e+00
 6.07851249e-01 3.47876607e+00 2.52897774e+00 1.70574634e+00
 2.48141705e+00 4.30978580e+00 2.65528309e+00 2.11077041e+00
 2.93231238e-01 5.02684563e+00 3.52895667e+00 2.79526632e+00
 1.29464169e+00 1.23783919e+00 1.99479043e+00 1.83019055e+00
 2.98876598e+00 3.69909230e+00]
 ||