optimal function value: 30.655645410000005
optimal value: [1. 0. 0. 0. 0. 0. 0. 1. 0. 0. 1. 0. 0. 1. 0. 0.]
status: SUCCESS
 ||[2.79507977 3.69488243 1.81609025 1.29500715 2.55514885 5.17478142
 3.05310488 1.00679718 1.63576118 2.0596798  1.78536518 5.98661008
 3.13077459 0.16674347 2.70197616 3.84299438 1.19876201 1.78201947
 2.12065917 2.87031318 2.1547295  4.15848106 0.41777876 4.82439373
 3.08630315 6.09089503 1.92691214 0.27813011 0.01273542 0.84187378
 2.95631792 1.90279726 1.15031537 5.64354786 1.05638098 3.3449545
 1.36978648 0.40827461 1.83647516 5.30347263]
 ||