optimal function value: 44.55872038000001
optimal value: [0. 1. 0. 0. 1. 0. 0. 0. 0. 0. 1. 0. 0. 0. 0. 1.]
status: SUCCESS
 ||[2.96020382e+00 4.67740200e+00 2.50021151e+00 5.92231228e+00
 2.32395246e+00 6.79621974e+00 9.40537269e-02 2.92626918e+00
 2.96264624e+00 4.07910246e+00 2.82688488e+00 7.11190447e-01
 1.45809182e+00 1.57067491e+00 1.70840698e+00 3.60615021e+00
 4.19581921e-02 1.35931434e+00 8.76196220e-01 5.75746561e+00
 2.40229452e+00 1.00291298e+00 2.50421502e+00 1.87383296e+00
 1.93950841e+00 7.96198643e-01 4.30838885e-03 5.47667369e+00
 1.65800012e+00 1.35353379e+00]
 ||