optimal function value: 32.53962615999998
optimal value: [0. 1. 0. 0. 0. 0. 1. 0. 1. 0. 0. 0. 0. 0. 0. 1.]
status: SUCCESS
 ||[2.64084236 5.06612421 3.01872894 1.82076844 2.41324575 4.2435859
 2.07941865 0.8673712  1.08717444 2.41339343 2.34459281 1.58612569
 1.5757839  1.99439934 2.65871939 5.9396175  1.2618621  6.2736851
 0.19561568 5.10686096 2.74974029 0.94679256 2.21566812 3.51189393
 3.00186216 2.32050201 1.69600934 5.54423453 2.0068195  1.94291173
 0.25759481 5.90446861 1.49027454 6.26085711 0.4450478  5.10314976
 2.59267999 5.56810169 0.1428241  3.42567079]
 ||