optimal function value: 23.895113699999996
optimal value: [1. 0. 0. 0. 0. 0. 1. 0. 0. 0. 0. 1. 0. 1. 0. 0.]
status: SUCCESS
 ||[1.43261097 3.51977054 3.90435458 2.92274485 2.59777959 3.69730029
 0.56380886 3.18896125 1.97956658 4.98307845 0.29765961 1.50850219
 0.43966401 6.33955717 3.17790535 0.26466496 4.08571718 6.06283776
 2.04211235 3.86770725 0.49394192 0.09447016 2.65933251 0.3731928
 0.59978405 1.52031797 0.09443729 2.91507002 1.3838711  6.29266909
 1.63001685 4.02339686 1.57001283 4.1630067  1.43728224 1.74816047
 3.13389033 6.25615269]
 ||