optimal function value: 32.53962615999998
optimal value: [0. 1. 0. 0. 0. 0. 1. 0. 1. 0. 0. 0. 0. 0. 0. 1.]
status: SUCCESS
 ||[2.00988384 1.64940793 1.25266963 0.97377696 0.21080532 2.52514368
 2.88378672 5.0291222  2.40354426 1.39553597 1.68536467 1.74019793
 0.54168137 0.66664586 0.67298263 5.71935495 2.54786226 5.07287219
 2.51822421 1.21998387 0.97800641 3.94482259 2.30585397 5.37447838
 2.76965333 0.54903038 1.90726474 4.22470894 1.59561734 1.12064747
 1.4918099  0.56562614 2.9408203  5.44164922 1.72432516 1.89061467
 2.85949627 3.60080091]
 ||