optimal function value: 44.55872038000001
optimal value: [0. 1. 0. 0. 0. 0. 1. 0. 1. 0. 0. 0. 0. 0. 0. 1.]
status: SUCCESS
 ||[1.45252037 3.32873271 0.43402963 5.44350016 0.02964752 3.16609242
 2.80075508 0.50907793 1.7433571  3.88023263 0.12172169 2.36171105
 2.19477263 2.84148388 2.29861944 1.01092729 0.7450782  0.66286439
 1.59357132 5.82356956 2.83627711 4.87090759 1.23808913 4.66799739
 0.28363532 1.81859403 1.94870777 4.07764874 1.389116   0.61334039
 0.90349964 1.38857734 0.95003647 5.15523636 0.69338131 5.63539573
 2.83261057 1.41343852]
 ||