optimal function value: 23.895113699999996
optimal value: [0. 0. 0. 1. 0. 1. 0. 0. 1. 0. 0. 0. 0. 0. 1. 0.]
status: SUCCESS
 ||[ 2.48866581e+00  6.16464729e+00  1.52633890e+00  1.77308991e+00
 -5.15487540e-03  3.95170760e+00  1.57980044e+00  4.54923531e+00
  1.34910888e+00  5.66046197e+00  8.37783645e-01  5.02686702e+00
  2.28224628e+00  2.63071752e+00  1.67919029e+00  4.27187774e+00
  5.94430907e-01  3.46462287e+00  2.51758786e+00  1.65347620e+00
  2.51068655e+00  4.29302805e+00  2.63994966e+00  2.09601275e+00
  2.78158267e-01  6.01592542e+00  2.52668026e+00  2.79811769e+00
  2.94260142e-01  1.23949787e+00]
 ||