optimal function value: 44.55872038000001
optimal value: [0. 1. 0. 0. 0. 0. 1. 0. 1. 0. 0. 0. 0. 0. 0. 1.]
status: SUCCESS
 ||[1.74547686 0.64799926 1.11548918 0.97447489 0.22901727 2.52500039
 2.89099099 4.99475026 2.40796068 1.38722878 1.68533636 1.79628925
 0.57019906 0.73730291 0.57556565 5.82806509 2.60297272 5.06691942
 2.51764002 1.21545805 0.96754951 3.94010147 2.30062197 5.36912448
 2.76478501 0.54494955 1.90296236 4.22075852 1.59102732 1.11764304
 1.48660164 0.56387379 2.93661756 5.43712629 1.72068521 1.88755974
 2.85470117 3.59578602 2.77207714 5.32870373]
 ||