optimal function value: 23.895113699999996
optimal value: [0. 0. 0. 1. 0. 1. 0. 0. 1. 0. 0. 0. 0. 0. 1. 0.]
status: SUCCESS
 ||[3.00345577 5.93337753 0.17678488 1.78218395 2.62537679 4.62113028
 2.13127829 1.93846164 2.90206979 3.81520539 1.82476324 0.99459676
 1.36688612 2.49366562 2.26644462 6.24450821 2.97984161 3.4125741
 1.41014581 1.67809065 0.10060445 0.16479515 1.46327367 2.00217101
 1.09119201 5.43564942 1.74156379 3.61229622 1.83187795 0.15174822
 1.02148443 1.85821972 1.60281924 6.27412234 2.11640845 1.14169863
 2.80758027 5.00501937 2.30678847 5.69703433]
 ||