optimal function value: 48.13067508999998
optimal value: [0. 0. 1. 0. 1. 0. 0. 0. 0. 1. 0. 0. 0. 0. 0. 1.]
status: SUCCESS
 ||[1.24055257 5.13233702 2.09140626 0.89682091 0.03274537 2.35220997
 0.86133845 5.09029798 2.16892731 3.77909854 1.75429525 4.15546432
 0.45685183 2.76869741 0.51049241 5.69211294 0.18626175 5.14497848
 0.23499339 4.31575903 1.05843081 2.54217958 2.64770198 0.11752012
 0.19154647 5.74879065 1.59551051 0.5727198  3.10152927 5.94916003
 0.35470275 2.65898211 0.42423561 1.96301779 1.95260102 1.02852156
 2.19049662 0.32454551 0.53802983 5.12527595]
 ||