optimal function value: 32.53962615999998
optimal value: [0. 1. 0. 0. 0. 0. 1. 0. 1. 0. 0. 0. 0. 0. 0. 1.]
status: SUCCESS
 ||[3.49110769 6.1670215  1.5215338  1.64356713 1.00157184 4.16287937
 1.47612247 4.77240731 1.16961361 4.83917435 0.85406291 5.03776971
 2.29247122 2.61783831 1.69349588 5.41006686 0.60710558 3.57473819
 2.45151277 1.66755758 2.5257703  4.30821187 2.65224442 2.10819428
 0.29311808 5.02779121 2.52881047 2.79780534 0.29387146 1.23941885
 2.10389056 1.76767556 2.98935086 3.69754383 0.63105721 4.11864036
 1.13180616 5.85965336]
 ||