optimal function value: 65.76070403
optimal value: [1. 0. 0. 0. 0. 0. 0. 1. 0. 0. 1. 0. 0. 1. 0. 0.]
status: SUCCESS
 ||[ 1.95742970e+00  4.67050644e+00  2.49741123e+00  5.68838352e+00
  2.34128188e+00  5.83514985e+00  1.33294891e-01  2.96513627e+00
  2.96665739e+00  4.11553331e+00  3.87166939e+00  5.87809103e-01
  1.45656357e+00  1.57915035e+00  1.70905612e+00  3.60756895e+00
  4.53471814e-02  1.36395332e+00  8.92775779e-01  5.75380769e+00
  2.40514271e+00  1.00454959e+00  2.50467653e+00  8.73083829e-01
  1.94073987e+00  7.97378376e-01 -3.78924063e-03  5.48788871e+00
  6.58819885e-01  1.35493030e+00  3.08655194e+00  5.48381148e+00
  9.09530682e-01  6.04180349e+00  1.69472742e+00  4.25999247e+00
  6.45783051e-01  5.91218362e+00  2.17113284e+00  6.07411012e+00]
 ||