optimal function value: 23.895113699999996
optimal value: [1. 0. 0. 0. 0. 0. 1. 0. 0. 0. 0. 1. 0. 1. 0. 0.]
status: SUCCESS
 ||[1.49152143 4.13539197 3.10816169 0.89724413 0.03572789 3.35466304
 0.86167158 5.09178451 2.16951164 4.77971004 1.76451366 4.15620369
 0.4587205  3.76372735 0.51060994 5.69427155 0.1857117  5.14751173
 0.23449847 4.314908   1.05883434 2.54431421 2.64853625 0.11881201
 0.19270163 5.75098844 1.60042018 0.57194771 3.10354417 5.95043358
 0.35464275 2.65927627 0.42565742 1.96616094 1.95494006 1.02805431
 3.18766692 1.44546285]
 ||