optimal function value: 44.55872038000001
optimal value: [0. 1. 0. 0. 1. 0. 0. 0. 0. 0. 1. 0. 0. 0. 0. 1.]
status: SUCCESS
 ||[2.45459226 2.34653002 1.43502068 5.45003052 0.0223505  4.4085645
 2.82191836 0.50779351 1.74090519 3.87424859 1.12773105 2.37956088
 2.20889078 2.84036159 2.27951215 1.98795687 0.74822956 0.69635378
 1.58997722 5.80496491 1.85352174 4.8646384  2.20349285 4.68780145
 0.31829503 1.82950505 2.11856503 4.55977629 1.32524193 0.55147654
 0.83808065 1.31875671 0.88349799 5.08632289 0.62690132 5.56939391
 2.76257289 0.34394816 1.19032473 3.08944461]
 ||