optimal function value: 65.76070403
optimal value: [0. 0. 1. 0. 0. 0. 0. 1. 1. 0. 0. 0. 0. 1. 0. 0.]
status: SUCCESS
 ||[1.71009572 5.53632785 1.38912947 5.43636363 0.93555725 2.25172771
 3.35415298 1.39633493 2.00212385 2.89861929 1.41729052 3.10806332
 0.57506171 6.21144769 0.2699072  1.46680734 0.05974077 1.6723463
 1.28637766 5.6756021  1.19088956 0.71778877 0.81114328 6.22642486
 0.19746368 3.89823657 1.18532547 4.1540914  1.05544797 4.33864778
 1.55615613 4.07654119 2.82150982 3.64512727 0.44217232 0.40505903
 2.97115019 3.06992872]
 ||