optimal function value: 23.895113699999996
optimal value: [1. 0. 0. 0. 0. 0. 1. 0. 0. 0. 0. 1. 0. 1. 0. 0.]
status: SUCCESS
 ||[1.1881905  4.52053817 2.30978202 6.10850033 0.95256654 1.70566593
 2.47688059 4.22779008 1.09324267 4.38696318 1.34214396 5.10901747
 0.51477169 1.718871   2.78084802 2.47352298 1.00482971 5.21929539
 1.94719343 1.18713421 1.95136921 4.41125872 0.81351497 4.12072994
 0.53056071 2.30243211 1.51367436 1.13080578 3.01231533 2.37920795
 2.80368806 2.67819374 1.77487176 5.30397692 2.07252264 0.5792343
 1.77744149 3.92245432]
 ||