optimal function value: 23.895113699999996
optimal value: [0. 1. 0. 0. 0. 0. 0. 1. 1. 0. 0. 0. 0. 0. 1. 0.]
status: SUCCESS
 ||[1.64200378 6.26209236 3.15397648 1.79719726 2.46158506 4.42373218
 2.07425283 0.68573437 0.0811149  2.41871481 2.3624682  1.59656596
 1.58999951 2.01125962 2.66423947 5.93362175 1.25389218 6.27604184
 0.20551118 5.10643229 2.74700146 0.91903816 2.22161561 4.5574569
 2.9889091  1.32076032 1.70761958 5.52707347 1.99217319 1.95494301
 0.25313714 5.91476232 1.58204582 6.17485774 0.46659149 5.10504802
 2.55959087 5.76208749 0.0390494  2.33936418]
 ||