optimal function value: 65.76070403
optimal value: [0. 0. 1. 0. 0. 1. 0. 0. 1. 0. 0. 0. 0. 0. 0. 1.]
status: SUCCESS
 ||[1.13440575 3.0147951  1.31160141 3.83014785 1.27951947 4.12892353
 0.83974995 3.99331316 0.04880592 1.84748808 1.08350883 0.80137651
 2.35224545 1.75929758 2.54837802 6.10887976 1.89776721 6.61567732
 2.537457   4.19275802 0.08602502 2.8707253  1.97247598 1.86041627
 0.70542444 1.94584364 0.81197866 4.95132954 1.09174341 2.65909905
 2.02081995 5.95887831 0.92123713 1.27690428 3.06125227 5.23046442
 2.48316756 3.28899703 0.73682407 0.97219623]
 ||