optimal function value: 65.76070403
optimal value: [1. 0. 0. 0. 0. 1. 0. 0. 0. 0. 1. 0. 0. 0. 0. 1.]
status: SUCCESS
 ||[2.43399333 4.53349965 2.88996873 2.90439566 1.58901001 4.69467418
 0.56556059 3.20671331 2.46312816 4.95594741 0.26430367 3.12524212
 0.05073289 5.06057388 2.14808393 0.25037252 3.06932448 6.19930845
 2.02490673 3.86793675 0.48556    0.0282398  1.67484638 0.45053432
 0.58694534 1.50323098 0.08554518 2.88167207 1.36643605 5.27196024
 1.60198336 4.01384108 1.56993801 4.26961319 1.35901357 1.72366355
 3.10958723 6.23548985]
 ||