optimal function value: 65.76070403
optimal value: [0. 0. 1. 0. 0. 1. 0. 0. 1. 0. 0. 0. 0. 0. 0. 1.]
status: SUCCESS
 ||[1.14276453 4.04503292 2.30267265 2.79027337 1.28540926 4.13543405
 0.81543733 3.96864464 0.08490511 1.88471913 1.05637695 0.88385388
 2.34919946 1.91511257 2.47286968 6.00822515 0.80866211 5.59154576
 2.51547119 4.19427435 0.07311207 2.853644   1.93842324 1.85228632
 0.67253837 1.96178279 0.7975208  4.94250791 1.06991614 2.66010193
 1.98097841 5.91962973 0.90668171 0.25923139 3.18580219 5.42591845
 2.4794849  3.28406968]
 ||