optimal function value: 48.13067508999998
optimal value: [0. 0. 0. 1. 0. 1. 0. 0. 1. 0. 0. 0. 0. 0. 1. 0.]
status: SUCCESS
 ||[1.02562114 0.94997646 2.04218412 0.4578094  1.68578552 2.29325004
 0.17429598 3.18729769 0.11672144 2.72353894 1.219711   0.57070599
 1.33636137 5.19388326 0.38926329 1.39891547 1.97102542 5.95525167
 1.81217351 2.49207847 3.06740288 0.29454252 2.69578165 1.81777096
 0.45487815 0.74144432 0.96915959 5.12826384 0.56673499 3.65134606
 2.00711098 2.34083949 1.72301163 0.38502451 1.19818709 1.29649617
 2.13813757 2.68744792 0.98798301 3.68000982]
 ||