optimal function value: 23.895113699999996
optimal value: [1. 0. 0. 0. 0. 0. 1. 0. 0. 0. 0. 1. 0. 1. 0. 0.]
status: SUCCESS
 ||[1.95472029e+00 5.65641434e+00 2.49636248e+00 5.91901104e+00
 2.32729014e+00 6.79258387e+00 9.65279022e-02 2.92448708e+00
 2.96166474e+00 4.07612652e+00 2.82876534e+00 1.71028520e+00
 1.47433433e+00 1.55060874e+00 1.70798385e+00 3.60606799e+00
 4.09090048e-02 1.36178157e+00 8.77945199e-01 5.75734581e+00
 2.40578168e+00 1.00253544e+00 2.50419021e+00 8.71359859e-01
 1.94001550e+00 7.95447380e-01 5.41628816e-03 5.47535852e+00]
 ||