optimal function value: 23.895113699999996
optimal value: [1. 0. 0. 0. 0. 0. 1. 0. 0. 0. 0. 1. 0. 1. 0. 0.]
status: SUCCESS
 ||[1.42222149 5.32498026 3.39905832 1.60305839 1.55639013 2.82449543
 2.04735136 4.95588671 0.29527255 0.17837859 2.62587475 2.71932536
 2.39487352 0.01325059 1.39965172 4.53388815 0.71901037 5.93968909
 2.83228992 0.19247192 0.08036762 4.40203974 2.95028024 2.39518007
 0.68042754 2.65221295 0.09125764 1.3929837  1.37557726 3.11529628
 0.73230925 1.45068254 0.68711387 2.88780799 0.91044129 0.13498638
 2.63124295 3.4964446  3.018016   1.04309398]
 ||