optimal function value: 48.13067508999998
optimal value: [1. 0. 0. 0. 0. 0. 1. 0. 0. 0. 0. 1. 0. 1. 0. 0.]
status: SUCCESS
 ||[1.01692129 1.94070647 2.04707889 0.45595574 1.68126146 2.29844104
 1.18057623 3.19002261 0.12069976 2.72552051 1.22093995 0.56909236
 1.34491682 5.20900953 0.37764562 1.37879095 1.97132169 5.9560395
 1.81434861 2.49002755 3.06769666 0.2925364  2.69584103 1.81939137
 0.45195583 0.74037134 0.9689123  5.12943436 0.56821993 3.65459871
 2.00695201 2.34039058 1.72098299 0.39503769 1.18809233 1.29484597
 2.13711432 2.68707062 0.98710611 3.67879101]
 ||