optimal function value: 23.895113699999996
optimal value: [1. 0. 0. 0. 0. 0. 1. 0. 0. 0. 0. 1. 0. 1. 0. 0.]
status: SUCCESS
 ||[1.95829796e+00 4.66031092e+00 2.56002502e+00 5.92308268e+00
 2.32426630e+00 6.79435430e+00 8.98210624e-02 3.92619855e+00
 2.96806507e+00 4.07838072e+00 2.83051551e+00 7.13728327e-01
 1.46248329e+00 1.54868837e+00 2.70930659e+00 3.60492894e+00
 3.96286693e-02 2.35809860e+00 8.78416926e-01 5.75730000e+00
 3.40545606e+00 1.00094820e+00 2.50379841e+00 8.72447719e-01
 1.93910245e+00 7.96315594e-01 2.73715394e-03 5.47309409e+00
 6.58436737e-01 1.35171532e+00 3.08796293e+00 5.48194498e+00
 9.09305909e-01 6.03950989e+00 1.69336381e+00 4.25830268e+00]
 ||