optimal function value: 48.13067508999998
optimal value: [0. 0. 1. 0. 1. 0. 0. 0. 0. 1. 0. 0. 0. 0. 0. 1.]
status: SUCCESS
 ||[3.03341353 1.08693532 3.3115418  1.99088443 3.10403522 0.10817965
 2.73865154 4.27891079 2.71252854 7.2831602  0.75665083 2.11953086
 2.22913112 1.73793007 0.84534506 1.43662648 2.69503134 5.50597656
 2.49922934 1.39262723 2.90423849 3.21479208 0.72401893 2.86319337
 1.31884359 0.49661796 1.77397544 2.26113187 1.78907644 5.84631207
 2.0293309  2.54666193 2.71389822 6.25278922 1.54017856 5.93750329
 0.0587128  0.88022422]
 ||