optimal function value: 24.800655089999992
optimal value: [1. 0. 0. 0. 0. 0. 0. 1. 0. 0. 1. 0. 0. 1. 0. 0.]
status: SUCCESS
 ||[1.13800999 3.02519603 1.24598998 3.80552325 2.291175   5.16692209
 0.80906994 3.98203207 0.03452378 1.89849031 1.05601166 0.88707935
 2.32268836 1.96675555 2.48600504 6.25997376 0.84732948 5.6183816
 2.53709506 4.19390286 0.08493994 2.85326108 1.96355458 1.85028639
 0.70151463 1.95759263 0.7993399  4.9443872  1.08085359 2.72214524
 2.01726891 5.96028602 0.90758646 0.26997996 3.03609336 5.22434805
 2.48509459 3.27783543 0.6363743  0.96469201]
 ||