optimal function value: 30.655645410000005
optimal value: [0. 0. 1. 0. 0. 1. 0. 0. 1. 0. 0. 0. 0. 0. 0. 1.]
status: SUCCESS
 ||[ 2.49210799  5.16431141  1.52341822  2.44319779 -0.14745005  4.16633852
  1.47796637  4.77399367  1.16696375  4.83384278  0.85194289  5.03397059
  2.28874395  2.59777102  1.68627006  4.28062909  0.60166527  3.47303547
  2.52468354  2.6642117   2.52387169  4.30773325  2.65244299  2.10893289
  0.29258828  5.02814057  2.52840868  2.7974273   0.2943078   1.23859066
  1.99476844  1.82984577  2.98894259  3.6979134   0.63117223  4.11752259
  1.13251547  5.86064052  2.85731682  3.23377821]
 ||