optimal function value: 48.13067508999998
optimal value: [0. 0. 0. 1. 0. 1. 0. 0. 1. 0. 0. 0. 0. 0. 1. 0.]
status: SUCCESS
 ||[1.71454236e+00 5.32394133e+00 2.47657698e+00 2.60057297e+00
 1.55233919e+00 2.82240660e+00 2.04206502e+00 4.96005042e+00
 2.97060770e-01 1.19362276e+00 2.62423323e+00 2.71379494e+00
 2.38268921e+00 3.24519798e-03 1.40086324e+00 4.53812639e+00
 7.14725441e-01 5.92983174e+00 2.89772847e+00 8.26858960e-02
 7.41008236e-02 3.40473785e+00 2.92024953e+00 2.35806611e+00
 6.69741703e-01 2.63741795e+00 3.39171176e-01 1.41504098e+00]
 ||