optimal function value: 65.76070403
optimal value: [1. 0. 0. 0. 0. 0. 0. 1. 0. 0. 1. 0. 0. 1. 0. 0.]
status: SUCCESS
 ||[ 9.52622507e-01  3.32873255e+00  1.46552294e+00  5.41958648e+00
 -6.53745475e-03  3.20974657e+00  3.82136744e+00  4.66114977e-01
  1.74645321e+00  4.84572637e+00  9.92419154e-02  2.35676032e+00
  2.21225788e+00  2.82899916e+00  2.27628339e+00  9.28794017e-01
  7.65228910e-01  6.97274451e-01  1.61815585e+00  6.77731927e+00
  1.85216394e+00  4.84010890e+00  1.18456059e+00  4.72681495e+00
  2.91987884e-01  1.83008905e+00  2.12486197e+00  4.65146088e+00
  1.29163992e+00  6.01746369e-01  9.19081675e-01  1.29890308e+00
  8.84386378e-01  5.07523562e+00]
 ||