optimal function value: 32.53962615999998
optimal value: [0. 1. 0. 0. 0. 0. 1. 0. 1. 0. 0. 0. 0. 0. 0. 1.]
status: SUCCESS
 ||[ 2.96485939e+00  4.66877833e+00  3.48065918e+00  5.90871306e+00
  2.27705101e+00  6.83096944e+00  6.63244103e-02  2.89848388e+00
  3.92705043e+00  4.08890370e+00  2.84936393e+00  9.55505998e-01
  1.41247689e+00  1.50763847e+00  2.02148845e+00  3.93555955e+00
  2.04468182e-03  1.31943037e+00  8.28644385e-01  5.72303661e+00
  2.37636196e+00  9.60298223e-01  2.46326332e+00  8.36433688e-01
  1.90546353e+00  7.55787928e-01 -2.70681251e-02  5.43755647e+00
  6.11682973e-01  1.31793835e+00  3.05207915e+00  5.44242226e+00
  8.65647277e-01  6.00852655e+00  1.66008110e+00  4.21799509e+00
  6.09137886e-01  5.87898121e+00  3.13895088e+00  6.06999327e+00]
 ||