optimal function value: 30.655645410000005
optimal value: [1. 0. 0. 0. 0. 0. 0. 1. 0. 0. 1. 0. 0. 1. 0. 0.]
status: SUCCESS
 ||[2.79816305e+00 2.69377207e+00 2.81681952e+00 1.29067504e+00
 3.55779597e+00 6.17566621e+00 2.05196421e+00 1.01031466e+00
 1.62925045e+00 2.05822349e+00 7.88282146e-01 5.98682244e+00
 3.13048066e+00 2.74066921e-01 3.70766054e+00 3.79167593e+00
 1.19763158e+00 1.77530672e+00 2.11741792e+00 2.86454287e+00
 2.15659498e+00 4.15267014e+00 4.10293070e-01 5.82347999e+00
 3.08442108e+00 6.08795060e+00 1.93096412e+00 1.27868356e+00
 3.39809563e-03 8.26183715e-01 2.94695398e+00 1.89768095e+00
 1.14408300e+00 5.67667006e+00 1.01491723e+00 3.47952331e+00
 1.38722228e+00 4.06062442e-01]
 ||