optimal function value: 23.895113699999996
optimal value: [0. 0. 0. 1. 0. 1. 0. 0. 1. 0. 0. 0. 0. 0. 1. 0.]
status: SUCCESS
 ||[1.49109897 4.13645824 3.08560204 0.89553235 0.03381758 2.35327816
 1.86446173 5.09387183 3.16971707 3.77943514 1.75258636 5.15422075
 0.4504024  3.76524074 0.50682223 5.68891537 0.18969851 5.14861782
 0.32515121 4.22971503 1.05910615 2.54234357 2.64618204 0.1167927
 0.19050796 5.74881533 1.59885577 0.57101992 3.10095864 5.94790016
 0.35350879 2.65841445 0.42453859 1.96390544 1.9524137  1.02753161
 2.19008071 0.32171936 0.53743632 5.12590456]
 ||