optimal function value: 32.53962615999998
optimal value: [0. 1. 0. 0. 0. 0. 1. 0. 1. 0. 0. 0. 0. 0. 0. 1.]
status: SUCCESS
 ||[ 3.49784853  5.07473797  1.32426615  1.25756899 -0.20131464  4.12149728
  1.29661394  4.61225576  1.04444692  4.49387951  0.87137696  4.71802858
  2.00511925  2.3614036   1.64624404  4.03906454  0.46157057  3.30192884
  2.37028922  1.66825065  2.4110632   4.1896499   2.52683364  1.97843795
  0.13965394  4.86177143  2.36389427  2.67303791  0.1372787   1.1029622
  1.93921969  1.62225632  2.89708593  3.87531204  0.30025167  3.92986929
  1.03432456  5.85266403]
 ||