optimal function value: 30.655645410000005
optimal value: [1. 0. 0. 0. 0. 0. 0. 1. 0. 0. 1. 0. 0. 1. 0. 0.]
status: SUCCESS
 ||[ 1.32424787  4.27073877  2.21749714  4.83927149  1.85530095  0.29858531
  1.05439148  5.18353442  1.91936996  1.3884753   2.92443494  2.7632356
  2.51549291  2.75404984  1.73651445  0.83804627  1.85245756  5.29215717
  1.62904482  4.58380686  2.10929286  0.39893944  2.2110235   3.49895869
  0.70974526 -0.01483519  2.5351713   2.86191279  1.95850385  5.38578826
  2.0874702   5.62791288  1.07592014  4.91180775  1.29578065  5.75665662
  2.70576701  0.52267415  0.41139236  1.31638816]
 ||