optimal function value: 30.655645410000005
optimal value: [0. 0. 1. 0. 0. 0. 0. 1. 1. 0. 0. 0. 0. 1. 0. 0.]
status: SUCCESS
 ||[1.71173553 6.04786362 0.39735085 4.42813442 0.26907547 2.55494578
 3.13874698 1.31501056 2.01757552 2.88584196 1.42329883 3.11033408
 0.60368798 5.21670923 0.28118625 1.25870202 0.0956685  1.76591232
 2.37054564 5.66756741 1.1897823  1.71393076 0.81209493 6.22884426
 1.19789432 3.89714321 1.18669994 4.15231266 1.06354666 4.34412042
 1.56297913 4.08093624 2.83212964 3.65568617 0.44488209 0.4152209
 2.96110149 3.07037369]
 ||