optimal function value: 48.13067508999998
optimal value: [0. 0. 0. 1. 0. 1. 0. 0. 1. 0. 0. 0. 0. 0. 1. 0.]
status: SUCCESS
 ||[ 1.95160071e+00  5.58982668e+00  3.44808568e+00  6.82953230e+00
  2.01696822e+00  5.80270063e+00  1.85481422e-01  3.89754159e+00
  2.81052592e+00  5.15267615e+00  4.03615626e+00  5.46734313e-01
  1.42595845e+00  1.49819173e+00  1.69365009e+00  3.60936318e+00
 -4.11255857e-02  1.30513284e+00  8.11909685e-01  5.68339037e+00
  2.36099865e+00  8.98394338e-01  2.45372646e+00  8.55828100e-01
  1.92556670e+00  7.44253718e-01 -6.65275021e-03  5.47055841e+00
  6.15915454e-01  1.32261557e+00]
 ||