optimal function value: 44.55872038000001
optimal value: [0. 1. 0. 0. 0. 0. 1. 0. 1. 0. 0. 0. 0. 0. 0. 1.]
status: SUCCESS
 ||[0.73142146 1.67718431 2.26994646 0.87678145 0.15158486 2.40505849
 2.72012922 6.02765681 3.47686111 1.14382237 2.73876033 1.56587255
 0.22500796 0.38988544 0.64368512 5.77528084 2.60652381 4.97432318
 2.36879159 1.16549748 0.95867967 3.75144645 2.13511747 5.19662748
 2.35444687 0.16676558 1.65057465 4.06397293 2.63252764 0.903117
 1.18743955 0.56075197]
 ||optimal function value: 44.55872038000001
optimal value: [0. 1. 0. 0. 0. 0. 1. 0. 1. 0. 0. 0. 0. 0. 0. 1.]
status: SUCCESS
 ||[0.73142146 1.67718431 2.26994646 0.87678145 0.15158486 2.40505849
 2.72012922 6.02765681 3.47686111 1.14382237 2.73876033 1.56587255
 0.22500796 0.38988544 0.64368512 5.77528084 2.60652381 4.97432318
 2.36879159 1.16549748 0.95867967 3.75144645 2.13511747 5.19662748
 2.35444687 0.16676558 1.65057465 4.06397293 2.63252764 0.903117
 1.18743955 0.56075197]
 ||