optimal function value: 32.53962615999998
optimal value: [0. 1. 0. 0. 0. 0. 1. 0. 1. 0. 0. 0. 0. 0. 0. 1.]
status: SUCCESS
 ||[4.03327712 0.05917375 2.30716004 0.99698068 3.09672367 0.09628171
 2.75328691 4.28763215 2.69238946 6.28068197 0.73912362 2.12890204
 2.23083637 1.76788415 0.83037968 1.43980997 3.70605393 5.52631501
 3.63049892 1.41904264 2.90663552 3.21294241 0.72511295 2.86037852
 1.31895081 0.4960154  1.77355655 2.26395076 1.78867572 5.84320644
 2.02647978 2.54614582 2.7113137  6.25176055 1.54181059 5.93723267
 0.05888818 0.88371167 0.53928182 5.89240381]
 ||