optimal function value: 51.381437919999996
optimal value: [0. 0. 1. 0. 0. 1. 0. 0. 1. 0. 0. 0. 0. 0. 0. 1.]
status: SUCCESS
 ||[0.97482677 0.94451069 2.00851649 0.47971166 1.92108566 2.28094637
 0.16548711 3.15762483 0.12220113 2.70172641 0.24675399 0.53699384
 1.31802503 5.18052002 0.38505619 1.39094542 1.95228104 5.92277258
 1.80176466 2.49176214 3.08109858 0.26885866 2.6778067  1.83217392
 0.4379418  0.72452128 0.97807832 5.09354192 0.53904293 3.63796079
 2.01175945 2.33104525 1.70637954 0.38299371 0.16472537 1.27216861
 2.13500582 2.67887126]
 ||