optimal function value: 23.895113699999996
optimal value: [1. 0. 0. 0. 0. 0. 1. 0. 0. 0. 0. 1. 0. 1. 0. 0.]
status: SUCCESS
 ||[ 2.78493807  3.72255955  1.7071707   1.25202502  2.47981573  5.03335328
  1.8950731   0.93614564  1.57245284  1.98365208  0.64055984  5.87396737
  3.0578555   0.25086325  2.57698322  3.74990344  1.17484396  1.6364687
  2.05258588  2.8138857   2.1476009   4.09887681  0.35657417  5.0703969
  3.36870598  6.07862131  1.90825797  0.21963835 -0.08567761  0.77424726
  2.79175988  1.82851383  1.02807643  5.49183056  0.80574177  3.31993136
  1.20196559  0.27985783  1.77596893  5.29304809]
 ||