optimal function value: 30.655645410000005
optimal value: [1. 0. 0. 0. 0. 0. 0. 1. 0. 0. 1. 0. 0. 1. 0. 0.]
status: SUCCESS
 ||[ 1.95617076  5.67218304  2.4946597   5.92139267  2.31174121  5.80438283
 -0.05217248  2.91143035  2.79852813  4.10366946  2.85551652  0.73873912
  1.49831878  1.57624656  1.73782179  3.63836328  0.04144933  1.38763543
  0.9050847   5.78585504  2.43210387  2.02908875  3.49905445  0.86919889
  1.9379705   0.81220052  1.00426086  5.46961049  0.65940773  1.35384098
  3.09402953  5.48419772  0.90955703  6.06868987  1.74289477  4.25148596
  0.63738271  5.9105525   2.17188629  6.09650258]
 ||