optimal function value: 23.895113699999996
optimal value: [1. 0. 0. 0. 0. 0. 1. 0. 0. 0. 0. 1. 0. 1. 0. 0.]
status: SUCCESS
 ||[2.93370273 5.66931103 2.53183048 5.91239298 2.2775087  5.78541016
 0.07957187 2.91941507 3.96003619 4.06740508 2.83276913 0.71744099
 1.46573855 1.54964438 1.71150594 3.60392072 0.04074781 1.35978302
 0.87795841 5.75264346 2.40579218 1.00376493 2.50299237 0.87291578
 1.9366277  0.79865055 0.00754737 5.47417149 0.65576676 1.35493267
 3.08413643 5.48308942 0.906034   6.04132593 1.69049003 4.26059076
 0.64205323 5.91032339]
 ||