optimal function value: 23.895113699999996
optimal value: [0. 0. 0. 1. 0. 1. 0. 0. 1. 0. 0. 0. 0. 0. 1. 0.]
status: SUCCESS
 ||[3.13574112 4.93806635 1.6114793  3.20994814 2.22427074 6.25405487
 0.88038372 0.92073462 0.82360365 1.6153218  2.03148294 1.672921
 0.30706637 2.00571727 0.97821785 3.553593   0.63217811 0.49367524
 0.50253249 3.37861345 1.22002788 4.66038967 2.47376916 2.7402816
 0.48635575 4.57099755 2.37007243 2.48303793 2.06558863 1.87725239
 2.87217514 5.23767796 2.48092516 5.98944982 0.72723807 3.41500669
 2.29518992 5.03228026 1.22448424 0.8705505 ]
 ||