optimal function value: 48.13067508999998
optimal value: [1. 0. 0. 0. 0. 0. 1. 0. 0. 0. 0. 1. 0. 1. 0. 0.]
status: SUCCESS
 ||[2.96259059e+00 5.64536653e+00 2.49171156e+00 6.87771500e+00
 2.56724246e+00 5.79222821e+00 1.08639101e+00 2.93209991e+00
 3.95420464e+00 4.07333648e+00 2.81733446e+00 7.07172607e-01
 1.48445983e+00 1.55119675e+00 1.69951139e+00 3.61324898e+00
 1.05667231e+00 1.35939615e+00 8.80823726e-01 6.68779601e+00
 2.40516196e+00 1.00221102e+00 2.50365270e+00 8.70128379e-01
 1.93904639e+00 7.94910430e-01 4.17479618e-03 5.47514118e+00
 6.56998020e-01 1.35535909e+00 3.08619689e+00 5.47882484e+00
 9.09220171e-01 6.04044199e+00 1.69232265e+00 4.25467883e+00
 6.41192030e-01 5.90937946e+00 2.16682602e+00 6.07620793e+00]
 ||