optimal function value: 30.655645410000005
optimal value: [0. 0. 1. 0. 0. 1. 0. 0. 1. 0. 0. 0. 0. 0. 0. 1.]
status: SUCCESS
 ||[4.0379754  0.06926256 2.31157846 0.99104703 3.09671367 0.10246679
 2.7663811  4.27300907 2.69396074 6.10653948 1.9286761  2.12474746
 2.23112295 1.76520888 0.82761165 1.43363429 2.69799785 5.49562101
 2.50044423 1.40410419 2.90295808 3.21453936 0.72591582 2.86237052
 1.3166196  0.49665387 1.7745349  2.26164998 1.78965818 5.84487465
 2.02707267 2.54541979 2.71209939 6.25342413 1.54218608 5.93743628
 0.05815977 0.88134992]
 ||