optimal function value: 44.55872038000001
optimal value: [0. 1. 0. 0. 0. 0. 1. 0. 1. 0. 0. 0. 0. 0. 0. 1.]
status: SUCCESS
 ||[1.74112818 4.66098529 2.49752711 6.95300005 2.3250226  5.79311058
 0.0878009  2.9210342  2.96238454 4.07949455 2.83981075 0.71332005
 1.49810086 1.52887593 1.71040722 3.63493877 0.02058526 1.36241875
 0.88271936 5.76101541 2.41061757 0.99986778 2.49707328 0.86526317
 1.93941228 0.79733272 0.01541567 5.47665517 0.65111069 1.35735666
 3.09328707 5.47431487 1.07672807 6.05414381 1.65708411 4.25386458
 0.6417377  5.90457227 2.17025646 6.06305895]
 ||