optimal function value: 23.895113699999996
optimal value: [1. 0. 0. 0. 0. 0. 1. 0. 0. 0. 0. 1. 0. 1. 0. 0.]
status: SUCCESS
 ||[ 3.49253996  5.16355743  2.51859895  2.65246867 -0.00966261  4.16333934
  1.47765983  4.77691345  1.17138836  4.83992216  0.90758498  5.02344988
  2.3193795   2.56608565  1.68175871  4.2776773   1.59672831  3.4736443
  3.50256131  1.68270439  2.53881879  4.30912281  2.65136452  2.1096047
  0.29183237  5.02912583  2.52726568  2.79846441  0.29396167  1.23911906
  1.99430743  1.83046005  2.98785201  3.69936494  0.63066377  4.11905742
  1.13139948  5.8609636   2.85699662  3.23413253]
 ||