optimal function value: 30.655645410000005
optimal value: [1. 0. 0. 0. 0. 1. 0. 0. 0. 0. 1. 0. 0. 0. 0. 1.]
status: SUCCESS
 ||[1.45492704 3.34814448 1.43517566 5.4595095  0.01804085 3.1544962
 2.81993285 0.5067061  1.73445183 3.87299991 0.12650977 2.38505059
 3.18917204 2.97967856 2.2174983  0.99412173 0.74791509 0.57175455
 1.59649243 5.78027075 1.85562126 4.86062629 1.20176468 4.68976779
 0.32484285 1.83396188 2.14466306 4.5579676  1.32293949 0.54848477
 0.83614932 1.31987159 0.88600051 5.08793406 0.62378582 5.56463437
 2.76315799 0.34476535]
 ||