optimal function value: 23.895113699999996
optimal value: [1. 0. 0. 0. 0. 0. 1. 0. 0. 0. 0. 1. 0. 1. 0. 0.]
status: SUCCESS
 ||[1.13558097 3.01891496 1.30954817 2.80698938 1.28673628 4.13281064
 0.81191705 3.99000848 0.03240296 1.8970135  1.05310061 0.89185225
 3.335965   1.94686734 2.4796985  6.00774191 0.79553599 5.61401144
 2.5374692  4.19365399 0.08617021 2.86993024 1.97005793 1.86126486
 0.70502138 1.94630365 0.81078314 4.95030366 2.09284299 2.65889287
 2.01942593 5.95982481 0.91992394 0.27672787 3.0595739  5.23040608
 2.48318781 3.28871382 0.73791443 0.97073078]
 ||