optimal function value: 48.13067508999998
optimal value: [1. 0. 0. 0. 0. 0. 1. 0. 0. 0. 0. 1. 0. 1. 0. 0.]
status: SUCCESS
 ||[0.42473281 5.33841059 2.14858007 1.60475448 1.59246955 2.81048869
 2.09272215 4.94165278 1.29332749 0.17838783 2.62965948 2.71512773
 2.36634088 0.03061838 1.39658151 4.5324979  0.7160756  5.94785285
 2.83442537 0.19276908 0.08306608 3.40096349 2.94974504 2.39671868
 0.67588812 2.65557893 1.09422135 1.39240824 1.37820948 3.11606086
 0.73067992 1.44961034 0.68435192 2.88869886 0.91049798 0.13674114
 2.63087326 3.49354461]
 ||