optimal function value: 65.76070403
optimal value: [0. 0. 1. 0. 0. 1. 0. 0. 1. 0. 0. 0. 0. 0. 0. 1.]
status: SUCCESS
 ||[3.12646695 4.93158127 1.63295907 3.2102752  1.23580707 6.26305509
 0.90768391 0.93122372 0.8247798  1.63446388 1.02785925 1.6825061
 0.40790525 2.01699623 0.92345696 3.52503026 1.69893954 0.44500338
 0.63761919 3.41049751 1.22103267 5.60781898 3.5231667  2.60358709
 1.3124241  4.57300473 2.3740627  2.48894765 2.06786431 1.87824018
 2.8744244  5.23861912 2.48763046 5.99351956 0.73090613 3.42483187
 2.29713685 5.0347226  1.22571218 1.87186592]
 ||