optimal function value: 48.13067508999998
optimal value: [0. 0. 0. 1. 0. 1. 0. 0. 1. 0. 0. 0. 0. 0. 1. 0.]
status: SUCCESS
 ||[ 2.95194865e+00  4.65408361e+00  2.50097879e+00  5.91959402e+00
  2.32548422e+00  5.80361078e+00  1.07997179e+00  2.92187021e+00
  2.96078946e+00  5.61227110e+00  2.82029372e+00  7.05437737e-01
  1.78212080e+00  1.58105132e+00  1.73592729e+00  3.63657438e+00
  3.92331798e-02  1.39777209e+00  9.15956462e-01  5.80273130e+00
  3.44026882e+00  9.99894631e-01  2.50232903e+00  8.62866785e-01
  1.96005428e+00  1.79563754e+00 -3.18049003e-04  5.47313397e+00
  6.56130951e-01  1.35309988e+00  3.08391624e+00  5.47873099e+00
  9.06404627e-01  6.03860041e+00  1.69302931e+00  4.08305227e+00
  8.11745098e-01  5.90643873e+00]
 ||