optimal function value: 51.381437919999996
optimal value: [0. 0. 1. 0. 0. 1. 0. 0. 1. 0. 0. 0. 0. 0. 0. 1.]
status: SUCCESS
 ||[3.49245082e+00 6.16573951e+00 2.52400365e+00 2.64423480e+00
 1.32355639e-03 4.16396548e+00 1.47785648e+00 4.77574397e+00
 1.17941812e+00 4.83396975e+00 8.55377520e-01 5.03717945e+00
 2.29259089e+00 2.60147110e+00 1.69052110e+00 4.28482197e+00
 6.04060857e-01 3.47849832e+00 2.52873676e+00 1.66854199e+00
 2.52243038e+00 4.30681385e+00 2.65484209e+00 2.10846882e+00
 2.91902730e-01 5.02834523e+00 2.52648737e+00 2.79943409e+00
 2.95218248e-01 1.23842155e+00 1.99512126e+00 1.82902198e+00
 2.98818638e+00 3.69716490e+00 6.31398078e-01 4.11617423e+00
 1.13246049e+00 6.86147154e+00]
 ||