optimal function value: 32.53962615999998
optimal value: [0. 1. 0. 0. 0. 0. 1. 0. 1. 0. 0. 0. 0. 0. 0. 1.]
status: SUCCESS
 ||[ 0.40822341  6.3206587   2.39921877  1.60232941  1.66632691  2.82513171
  2.93623207  4.89197022  0.29483848  0.12123126  2.62570192  2.71354309
  2.39697317  0.01931829  1.40169736  4.53315101  0.76474378  5.82390955
  2.83131072  0.19345138  0.0787249   3.40190954  2.95026625  2.39630188
  0.68142991  2.65292596 -0.01924799  1.45034825  1.37464959  3.11481738
  0.73124177  1.44990533  0.686834    2.88849642  0.91120565  0.13505351
  2.63222435  3.4959956 ]
 ||