optimal function value: 23.895113699999996
optimal value: [1. 0. 0. 0. 0. 0. 1. 0. 0. 0. 0. 1. 0. 1. 0. 0.]
status: SUCCESS
 ||[ 0.40078581  5.31809416  2.38532137  1.59778464  1.52980698  2.85660591
  2.0300682   4.95112163  0.28537206  0.16995014  2.61466754  2.70488606
  2.44431448 -0.01607854  1.37743936  4.51013678  0.69126715  5.95603643
  3.81299756  0.19639607  0.0870513   3.40645359  2.95479057  2.40580458
  0.68006987  2.65871109  0.09476477  1.40030743  1.37701426  3.12200311
  0.73534582  1.46044728  0.68949169  2.8928775   0.91179301  0.14268478
  2.6365088   3.4997419   2.02034978  1.16289956]
 ||