optimal function value: 23.895113699999996
optimal value: [1. 0. 0. 0. 0. 0. 1. 0. 0. 0. 0. 1. 0. 1. 0. 0.]
status: SUCCESS
 ||[3.49828272e+00 5.13153124e+00 1.57274367e+00 2.63935371e+00
 9.37257975e-04 5.16392252e+00 1.47689613e+00 4.77319267e+00
 2.17215712e+00 4.84068489e+00 8.56574435e-01 5.01857205e+00
 2.29196123e+00 3.60312496e+00 1.69187537e+00 4.28466923e+00
 6.05822334e-01 3.47954796e+00 2.52934688e+00 1.66800991e+00
 2.52386743e+00 4.30809136e+00 2.65239131e+00 2.10835122e+00
 2.92414974e-01 5.02800675e+00 2.52832552e+00 2.79831755e+00
 2.95013649e-01 1.23859213e+00]
 ||