optimal function value: 32.53962615999998
optimal value: [0. 1. 0. 0. 0. 0. 1. 0. 1. 0. 0. 0. 0. 0. 0. 1.]
status: SUCCESS
 ||[3.97416876 5.9242559  1.14724944 0.52706288 2.642234   4.64873346
 2.15964652 1.91526924 1.89721009 3.73764407 1.76564058 1.00677682
 1.23508433 2.02775355 2.30307042 6.27364121 3.02356679 3.44523467
 1.39743622 1.71540026 0.15937206 0.19741309 1.4901236  2.02501572
 1.22436454 5.6269918  1.67859642 3.54877005 0.76863593 0.1731354
 1.05343686 0.88581256 1.62792881 6.30247874 2.14518189 2.16504343
 2.80213058 4.99065152 2.2989076  5.69155631]
 ||