optimal function value: 65.76070403
optimal value: [0. 0. 1. 0. 0. 0. 0. 1. 1. 0. 0. 0. 0. 1. 0. 0.]
status: SUCCESS
 ||[1.95613045e+00 4.66065991e+00 3.49806714e+00 5.92139104e+00
 2.32332122e+00 5.79450075e+00 8.90774100e-02 2.92605581e+00
 2.96900297e+00 4.07765536e+00 2.83192665e+00 7.12231170e-01
 1.47133338e+00 1.54918872e+00 1.70982413e+00 3.60704646e+00
 4.11193168e-02 1.36201561e+00 8.77970583e-01 5.75816152e+00
 2.40607069e+00 1.00277883e+00 2.50419681e+00 8.71602298e-01
 1.93638323e+00 8.00137799e-01 5.75020160e-03 5.47528880e+00
 6.57590288e-01 1.35391714e+00 3.08526951e+00 5.48123115e+00
 1.90813248e+00 6.05902313e+00]
 ||