optimal function value: 30.655645410000005
optimal value: [1. 0. 0. 0. 0. 0. 0. 1. 0. 0. 1. 0. 0. 1. 0. 0.]
status: SUCCESS
 ||[2.99988008 5.95329121 0.17739689 0.53487003 2.62636774 4.61980993
 2.10318651 1.93414049 1.90032582 3.81332878 1.82863281 1.99729
 1.23696738 2.37065828 2.34431287 6.25101417 3.03406081 3.41928295
 1.3670834  1.68596232 0.11282673 0.17220329 1.46062945 2.00126113
 1.19381034 5.60293819 1.65163577 3.52198415 0.7419973  0.15054205
 1.02141517 0.85910856 1.6027917  6.274732   2.11884391 1.14258053
 2.80752058 5.00618757]
 ||