optimal function value: 44.55872038000001
optimal value: [0. 1. 0. 0. 1. 0. 0. 0. 0. 0. 1. 0. 0. 0. 0. 1.]
status: SUCCESS
 ||[1.79461943 3.69652322 1.81776422 2.29574841 2.55486614 5.17449549
 3.05280903 1.00721839 1.63510526 2.06016611 0.78699464 5.98522708
 3.13230168 1.27954245 2.70339777 3.79041039 1.26162488 1.67434885
 2.11862235 2.86659481 2.15429825 4.16024068 0.41767912 4.8230607
 3.08694405 6.09072666 1.92695771 0.27964083 0.0126023  0.84305385
 2.95675116 1.90319318 1.15041266 5.64430401 0.98797102 3.44909124
 1.36970475 0.40862601 1.83635002 5.30079175]
 ||