optimal function value: 48.13067508999998
optimal value: [0. 0. 1. 0. 1. 0. 0. 0. 0. 1. 0. 0. 0. 0. 0. 1.]
status: SUCCESS
 ||[1.6310877  5.07212104 3.01156784 2.82811287 2.40785439 4.40640991
 2.08494175 0.70296688 0.0696361  3.41537063 2.35005865 1.58555593
 1.57612988 1.99775759 2.66592243 5.94276123 1.25808712 6.2763479
 0.19387406 5.10559155 2.74952426 0.94964973 2.21535214 3.51168859
 3.00265626 1.32093731 1.69565848 5.54645722 2.00654978 1.94207676
 0.25478152 5.90653838 1.4896227  6.26115288 0.45179722 5.09527227
 2.55487741 6.78023008]
 ||