optimal function value: 44.55872038000001
optimal value: [0. 1. 0. 0. 0. 0. 1. 0. 1. 0. 0. 0. 0. 0. 0. 1.]
status: SUCCESS
 ||[3.77345967 5.85011574 0.1758458  0.53516294 2.62476145 4.621131
 2.10277763 1.94223751 2.91700938 3.81234654 1.83045749 0.98972126
 1.34928711 2.4608801  2.27722286 6.25502288 2.97822573 3.42626688
 1.40005139 1.68498076 0.10648982 0.16998272 1.45940843 1.96052364
 1.19135186 5.60141304 1.64496344 3.51772066 0.73548039 0.14760041
 1.02437479 0.85202464 1.59262497 6.27777769 2.1515566  1.18934693
 2.83651416 4.97139645]
 ||