optimal function value: 30.655645410000005
optimal value: [0. 0. 1. 0. 0. 0. 0. 1. 1. 0. 0. 0. 0. 1. 0. 0.]
status: SUCCESS
 ||[ 2.96021336e+00  5.66140466e+00  2.49944496e+00  5.92015148e+00
  3.32364209e+00  5.79875493e+00  1.08990392e+00  2.92585404e+00
  2.96694744e+00  4.08470725e+00  2.82748891e+00  1.70911383e+00
  2.53123328e+00  1.77712959e+00  1.66021551e+00  3.56039762e+00
 -2.76921978e-03  2.31434494e+00  8.76838353e-01  5.75610070e+00
  2.40739602e+00  1.00414436e+00  2.50136050e+00  8.76013424e-01
  1.93932383e+00  7.95487161e-01  7.36558055e-03  5.47548068e+00
  6.54838734e-01  1.35355871e+00  3.08731463e+00  5.47936567e+00
  9.11095392e-01  6.04015785e+00  1.69683122e+00  4.25920286e+00]
 ||