optimal function value: 44.55872038000001
optimal value: [0. 1. 0. 0. 0. 0. 1. 0. 1. 0. 0. 0. 0. 0. 0. 1.]
status: SUCCESS
 ||[ 1.21355333  1.069227    2.09475256  1.54692615  1.54204657  2.11693934
 -0.13212778  2.88784361 -0.07670642  2.45893712 -0.34522116  0.38519961
  1.0469156   5.04271215  0.14462672  1.27702394  2.82880252  6.05430893
  1.61226618  2.67319642  3.3648665   0.29086905  2.7976975   1.69324426
  0.53286447  0.70128062  1.18832184  5.32467642  0.63439773  3.8007813
  2.09192633  2.53265947  1.71735644  0.33311875  1.35629273  0.69630156
  1.46642615  2.34458026  0.66496292  3.75383327]
 ||