optimal function value: 48.13067508999998
optimal value: [1. 0. 0. 0. 0. 0. 1. 0. 0. 0. 0. 1. 0. 1. 0. 0.]
status: SUCCESS
 ||[1.45456608 2.38613957 0.39062108 5.42465811 0.03220292 4.15921973
 2.82211625 0.50842025 1.73991643 3.87462855 0.1285214  2.38138298
 2.20892447 2.84198098 3.28400651 0.99115768 0.7486236  0.69702799
 2.59002174 5.80410148 1.85386738 4.86500006 1.20446168 4.68773979
 0.31884068 1.8279849  2.11902358 4.56019256 1.32456338 0.55091789
 0.83852285 1.31850284 0.88407135 5.08655808 0.62663886 5.56957052
 3.7628707  0.34456588]
 ||