optimal function value: 65.76070403
optimal value: [0. 0. 1. 0. 0. 1. 0. 0. 1. 0. 0. 0. 0. 0. 0. 1.]
status: SUCCESS
 ||[2.84455417 4.31210012 2.41012057 5.68249957 0.81378055 3.99291646
 2.84295008 5.4823475  1.79729395 1.05625227 1.29162102 6.24787862
 0.32243623 2.00114782 2.98302978 2.82411033 0.65394832 1.99075476
 2.85563795 2.10820945 1.34517447 3.94414985 2.54311182 3.09253011
 0.25875112 3.60783397 0.13113888 0.57668147 0.58090079 4.39816849
 0.88916057 4.33144892 0.51822643 0.70606497 0.07281696 4.43367961
 2.69895832 2.38020248]
 ||