optimal function value: 30.655645410000005
optimal value: [1. 0. 0. 0. 0. 0. 0. 1. 0. 0. 1. 0. 0. 1. 0. 0.]
status: SUCCESS
 ||[2.80858071e+00 2.67448748e+00 2.82017825e+00 1.28213773e+00
 2.53496678e+00 5.15703446e+00 3.05799816e+00 9.79309941e-01
 1.61128817e+00 2.04880705e+00 7.66748445e-01 5.96780263e+00
 3.12053305e+00 2.72005346e-01 2.69452623e+00 4.27598574e+00
 1.20213645e+00 2.78533278e+00 2.12031475e+00 2.85502041e+00
 2.12621063e+00 4.14028864e+00 3.86030308e-01 4.79639207e+00
 3.07223495e+00 6.07676943e+00 1.89828318e+00 2.56048396e-01
 4.20803039e-04 8.14731575e-01 2.91825987e+00 1.86778824e+00
 1.12327445e+00 5.62922871e+00 9.77774547e-01 3.43985321e+00]
 ||