optimal function value: 23.895113699999996
optimal value: [0. 0. 0. 1. 0. 1. 0. 0. 1. 0. 0. 0. 0. 0. 1. 0.]
status: SUCCESS
 ||[ 1.97055027e+00  4.64701234e+00  3.51723095e+00  6.05113596e+00
  2.11841873e+00  5.77775412e+00  1.10894600e+00  2.93943377e+00
  2.95930965e+00  4.08573889e+00  2.80249460e+00  7.32267707e-01
  1.45750863e+00  1.94932384e+00  1.58186565e+00  4.32552634e+00
  3.71699878e-02  1.35500066e+00  8.74280186e-01  6.75943981e+00
  2.40525460e+00  9.96894949e-01  2.49951051e+00  8.70308809e-01
  1.93575912e+00  7.90881243e-01 -2.26021047e-03  5.46746636e+00
  6.47196891e-01  1.34785956e+00  3.07874039e+00  5.47858970e+00
  9.05441623e-01  6.03694682e+00  1.68956355e+00  4.25405748e+00
  6.40225397e-01  5.90836069e+00  2.16737675e+00  6.06832785e+00]
 ||