optimal function value: 23.895113699999996
optimal value: [0. 0. 0. 1. 0. 1. 0. 0. 1. 0. 0. 0. 0. 0. 1. 0.]
status: SUCCESS
 ||[0.56905619 5.15597331 1.04997621 1.24335335 1.53797157 3.10429875
 1.50687693 2.87975337 0.82962125 1.59541552 2.17466079 2.03920367
 2.11923241 4.94568838 3.72060607 5.93032217 0.736765   1.49311424
 2.30725738 3.61618251 0.63397195 4.25857014 2.74390667 5.2516219
 0.67907842 1.87855516 0.02106077 6.12992142 0.69251244 4.56881115
 1.69052472 3.72861237 1.65473621 5.18662158 1.8845931  1.90414127
 0.36047003 2.99973397 2.89983593 0.91224006]
 ||