optimal function value: 65.76070403
optimal value: [0. 0. 1. 0. 0. 0. 0. 1. 1. 0. 0. 0. 0. 1. 0. 0.]
status: SUCCESS
 ||[0.42116033 5.32344757 2.39614811 1.608045   2.55628976 3.82413962
 2.04711871 4.95476683 0.29491612 1.17740687 2.62607723 2.7192852
 2.39407897 0.00812652 1.39533506 5.53335782 0.71839226 5.9386834
 2.83243356 0.19260716 0.08002782 3.40351638 2.95060852 2.3946549
 0.68074727 2.65295684 0.0911215  1.39308219 1.37557119 3.1144396
 0.73217297 1.45143533 0.68693081 2.88557903 0.90897783 0.13746853
 2.63277848 3.49602746 2.01763762 1.16831919]
 ||