optimal function value: 30.655645410000005
optimal value: [1. 0. 0. 0. 0. 0. 0. 1. 0. 0. 1. 0. 0. 1. 0. 0.]
status: SUCCESS
 ||[ 0.43922217  5.32044396  2.42055272  1.60124043  2.8125754   3.70854651
  1.96455011  4.98593277  0.31503277  0.18352638  2.6032887   2.64502585
  2.34689789 -0.01954012  2.42686917  4.5926893   0.83313838  5.85705992
  2.87056134  0.30777883  0.06676874  3.379624    2.9653541   2.50687874
  0.56367041  3.01837055  0.04405415  1.34787312  1.32097356  3.06816885
  0.68064537  1.39062211  0.6380718   2.83323948  0.85996142  0.09411105
  2.59249216  4.45638632]
 ||