optimal function value: 32.53962615999998
optimal value: [0. 1. 0. 0. 0. 0. 1. 0. 1. 0. 0. 0. 0. 0. 0. 1.]
status: SUCCESS
 ||[3.49336799e+00 6.16488672e+00 1.52445855e+00 1.64424681e+00
 1.84828192e-03 5.16099062e+00 1.47948289e+00 4.77344144e+00
 1.17080878e+00 4.83881447e+00 1.85656887e+00 5.03874801e+00
 3.29319197e+00 2.60113268e+00 1.69134726e+00 4.28547576e+00
 6.06381689e-01 3.47853531e+00 2.52935738e+00 1.66804585e+00
 2.52391342e+00 4.31112608e+00 2.64975791e+00 2.10630983e+00
 2.91177593e-01 5.02759540e+00 2.52836389e+00 2.79798166e+00
 2.95853989e-01 1.23790396e+00 1.99483667e+00 1.82990119e+00
 2.98857220e+00 3.69786415e+00 6.31448210e-01 4.11850123e+00
 1.13192592e+00 5.86157073e+00 2.85686994e+00 3.23453717e+00]
 ||