optimal function value: 65.76070403
optimal value: [1. 0. 0. 0. 0. 1. 0. 0. 0. 0. 1. 0. 0. 0. 0. 1.]
status: SUCCESS
 ||[2.00365055 0.94902481 3.04959162 0.41229432 1.66064525 2.33392504
 0.18321541 3.21536046 0.09493069 3.70174045 0.19940854 0.57071393
 1.29864597 5.19473841 0.29828416 1.28566631 2.01033071 5.93297002
 1.747593   2.52026829 3.09249335 0.37843121 2.73087662 1.87306411
 0.44621947 0.78383688 0.92629905 5.08792748 0.50993789 3.68240236
 1.92789845 2.79412052 1.66640159 0.34933812 0.1468102  1.24030709
 3.09909322 2.68171847]
 ||