optimal function value: 44.55872038000001
optimal value: [0. 1. 0. 0. 0. 0. 1. 0. 1. 0. 0. 0. 0. 0. 0. 1.]
status: SUCCESS
 ||[2.42104246 3.51923218 3.90293569 2.92567053 1.5954321  3.68890858
 0.5809065  3.21566741 2.97907102 4.98239623 0.29582833 2.90625356
 0.2857093  5.0877905  2.17917363 0.26313932 3.08573415 6.06187452
 2.0546416  3.86705667 0.49510899 0.09467869 1.66081633 0.37417304
 0.59759734 1.52086265 0.09330739 2.91452254 1.38337787 5.29426852
 1.62969278 4.02230647 1.57023296 4.16104831 1.43665286 1.74877342
 3.13388615 6.25802256]
 ||