optimal function value: 30.655645410000005
optimal value: [1. 0. 0. 0. 0. 0. 0. 1. 0. 0. 1. 0. 0. 1. 0. 0.]
status: SUCCESS
 ||[ 2.48762276e+00  5.16894501e+00  1.49849753e+00  1.63801365e+00
 -2.97951008e-04  4.15719187e+00  2.46407523e+00  4.76324189e+00
  1.17849494e+00  4.86230289e+00  8.44772356e-01  5.05103877e+00
  2.28794809e+00  2.61813787e+00  1.69560633e+00  4.28327349e+00
  5.86516112e-01  3.47994875e+00  2.51016899e+00  1.69414538e+00
  2.51883417e+00  4.30384731e+00  2.66263620e+00  2.11741838e+00
  2.88847064e-01  5.05092426e+00  2.50639306e+00  2.80041710e+00
  3.02504191e-01  1.23335836e+00  2.06636516e+00  1.81964880e+00
  3.91814481e+00  3.70770723e+00  6.15301957e-01  4.12084709e+00
  1.21811038e+00  5.77728396e+00]
 ||