optimal function value: 48.13067508999998
optimal value: [1. 0. 0. 0. 0. 0. 1. 0. 0. 0. 0. 1. 0. 1. 0. 0.]
status: SUCCESS
 ||[2.9576085  4.66114763 2.49885227 5.92220092 3.29967976 5.79372973
 0.07222712 2.90462549 2.98696563 4.07352239 2.83474258 0.7395284
 1.42020377 1.55936555 1.69868431 3.60097552 0.04458503 1.37284005
 0.75530148 5.7560506  2.40554236 1.00262292 2.50407704 0.87278333
 1.94062624 0.79447249 0.00673268 5.47492252 0.65833974 1.3532658
 3.08631748 5.48212994 0.90980552 6.03993029 1.69351106 4.25879861
 0.6436733  5.91278658 2.17004236 6.07310256]
 ||