optimal function value: 65.76070403
optimal value: [0. 0. 1. 0. 0. 0. 0. 1. 1. 0. 0. 0. 0. 1. 0. 0.]
status: SUCCESS
 ||[3.96059523 6.82224568 0.17592073 1.5388156  3.62875718 4.62021436
 3.11041846 2.94142263 2.88616851 3.81224759 1.80266265 0.98959125
 2.35982311 2.44302618 2.23006813 6.22982102 2.95815618 3.40869076
 1.37084866 1.68567915 0.10525991 0.15627119 1.44751776 1.99571172
 1.1572389  5.57235694 1.62081749 3.51191144 0.70841644 0.1337936
 1.00351896 0.82824875 1.58520838 6.25967157 2.10898415 1.13453217
 2.77701477 5.00730312]
 ||