optimal function value: 23.895113699999996
optimal value: [1. 0. 0. 0. 0. 0. 1. 0. 0. 0. 0. 1. 0. 1. 0. 0.]
status: SUCCESS
 ||[3.0312943  0.07452591 2.3126157  0.992787   3.10083485 0.10511627
 2.76258811 5.2528799  2.69353716 6.2830487  0.74584209 2.13423613
 2.21561519 1.74609588 0.82907695 1.43761987 2.68907893 5.49519516
 2.50680268 1.40360163 2.90543054 3.21312745 0.72582963 2.86256926
 1.31909677 0.49508689 1.774778   2.26169867 1.79008646 5.85561884
 2.01758578 2.54539669 2.7136428  6.25690627 1.53907175 5.93774416
 0.05917175 0.88284665 0.54096607 5.89439594]
 ||