optimal function value: 44.55872038000001
optimal value: [0. 1. 0. 0. 0. 0. 1. 0. 1. 0. 0. 0. 0. 0. 0. 1.]
status: SUCCESS
 ||[4.00398578 5.95582394 1.17809565 1.5332146  2.62608014 4.62397546
 2.10479175 1.93362022 2.90176739 3.81317643 1.82584311 1.00138506
 1.35269847 2.47044602 2.26999804 6.24972703 2.98017418 3.41430372
 1.39634605 1.68561596 0.11262847 0.17305544 1.46106173 2.00171553
 1.19340461 5.60343073 1.65235782 3.52212033 0.74274036 0.14924236
 1.02229236 0.85782051 1.60423361 6.27455002 2.11585796 2.14540121
 2.80748798 5.00614431]
 ||