optimal function value: 30.655645410000005
optimal value: [0. 0. 1. 0. 0. 1. 0. 0. 1. 0. 0. 0. 0. 0. 0. 1.]
status: SUCCESS
 ||[2.92201826e+00 4.71364874e+00 2.50108285e+00 5.92409035e+00
 2.32178566e+00 5.80338551e+00 9.46100825e-02 2.92898710e+00
 2.96369153e+00 4.07999687e+00 2.83402044e+00 6.79988302e-01
 2.47386481e+00 1.55000564e+00 1.70967863e+00 3.60678261e+00
 4.15440904e-02 1.36327973e+00 8.79042282e-01 5.75848095e+00
 2.40503186e+00 1.00178556e+00 2.50452946e+00 8.71769975e-01
 1.94032385e+00 7.95809075e-01 4.10022856e-03 5.46992115e+00
 6.54349073e-01 1.35266096e+00]
 ||