optimal function value: 23.895113699999996
optimal value: [0. 1. 0. 0. 0. 0. 0. 1. 1. 0. 0. 0. 0. 0. 1. 0.]
status: SUCCESS
 ||[ 7.41608400e-01  4.41510108e+00  1.16448768e+00  3.78183976e+00
  2.97530255e+00  4.17584276e-01 -4.89175117e-03  5.29036914e+00
  1.82240890e+00  1.47054298e+00  3.13021442e+00  2.93152297e+00
  2.65504434e+00  3.04299291e+00  2.00054744e+00  7.26810649e-01
  3.13424397e+00  5.45074695e+00  1.64882311e+00  4.66306658e+00
  2.10245981e+00  4.04338757e-01  2.37745840e+00  3.70802144e+00
  9.46523333e-01  1.85633727e-01  2.71644388e+00  2.91067799e+00
  2.01892072e+00  5.52584470e+00]
 ||