optimal function value: 30.655645410000005
optimal value: [0. 0. 1. 0. 0. 1. 0. 0. 1. 0. 0. 0. 0. 0. 0. 1.]
status: SUCCESS
 ||[2.8469289  4.3106577  2.41145411 6.67892008 0.81621153 4.99980775
 2.84152964 5.48190617 1.80181319 1.06517026 1.29378832 6.24537286
 0.32837497 2.00393379 2.98344514 2.82031741 1.65378741 1.9866922
 2.85124894 2.1048146  1.3411271  3.94558251 2.64872694 3.05406322
 0.25487478 3.60277081 0.13625218 0.64019708 0.598558   4.36105604
 0.89235063 4.34026979 0.51595547 0.74218347 0.08489893 4.43705502
 2.72533547 1.38324026 0.74745159 0.08468073]
 ||