optimal function value: 44.55872038000001
optimal value: [0. 1. 0. 0. 0. 0. 1. 0. 1. 0. 0. 0. 0. 0. 0. 1.]
status: SUCCESS
 ||[1.49062901 4.12920638 2.09191814 0.89327772 0.03378536 2.35465248
 0.86094224 5.09119193 2.16752383 3.71853723 1.75701619 4.15857764
 0.4435081  2.76981269 0.51096918 5.69659042 0.18837828 5.14831629
 0.23535854 4.31412625 1.0621374  2.54426768 2.65044333 0.12093361
 0.1919467  5.75067214 1.60189762 0.57334067 3.1031711  5.95014256
 0.35719609 2.66557974 0.42814205 1.97022698 1.95347895 2.0322723
 2.19059486 0.32387834]
 ||