optimal function value: 32.55298180999998
optimal value: [0. 0. 1. 0. 1. 0. 0. 0. 0. 1. 0. 0. 0. 0. 0. 1.]
status: SUCCESS
 ||[2.12395151 5.93263442 2.63288016 3.2111866  1.2890421  6.26301234
 0.90919628 0.90830585 0.80492561 1.63202838 1.02701525 2.68108138
 0.33908281 2.04219019 0.9755028  3.57882877 0.63440072 0.44718988
 0.63226458 3.41071438 1.21841837 4.6112095  2.52395624 2.60450801
 0.31487846 4.57529586 2.37622835 3.49256777 2.06965794 1.87880792
 2.87463936 5.2367563  2.48924887 5.9935612  0.73044566 3.42685944
 2.29508245 5.0348884 ]
 ||