optimal function value: 44.55872038000001
optimal value: [0. 1. 0. 0. 0. 0. 1. 0. 1. 0. 0. 0. 0. 0. 0. 1.]
status: SUCCESS
 ||[0.41953077 5.30919547 2.39482557 2.61158017 1.55896724 2.84210439
 2.04827727 4.94483715 0.33412228 0.17556628 2.63725613 2.70539576
 2.3996553  0.07502227 1.28779466 4.55270973 0.59463534 5.94057154
 2.83358059 0.19112306 0.07967785 3.40157739 2.95099053 2.39618923
 0.68087056 2.65035963 0.09155603 1.39350982 1.37596551 3.11634813
 0.731015   1.45130618 0.68919042 2.90356935 0.93056457 0.13752944
 2.63314202 3.49851995 2.01598928 1.16753911]
 ||