optimal function value: 32.53962615999998
optimal value: [0. 1. 0. 0. 0. 0. 1. 0. 1. 0. 0. 0. 0. 0. 0. 1.]
status: SUCCESS
 ||[0.74708752 3.41937014 2.14763735 3.78862165 1.95587336 0.42390804
 0.03961826 5.26371672 0.81583125 1.47200191 3.14273929 2.94152249
 2.62918547 2.991157   2.00692209 0.94626569 1.99512678 5.45438769
 1.64364562 4.65630088 2.10946706 0.40239679 2.38216467 3.71402896
 0.94610978 0.19488266 2.71895807 2.97027006 2.25836586 5.52139673
 2.24366073 5.78816678 1.24030228 5.03225186 1.39714924 5.87862606
 2.76108479 0.6125781 ]
 ||