optimal function value: 23.895113699999996
optimal value: [0. 0. 0. 1. 0. 1. 0. 0. 1. 0. 0. 0. 0. 0. 1. 0.]
status: SUCCESS
 ||[1.42123771 3.51653602 2.90307477 3.92556205 1.55906634 3.72132538
 0.56092338 3.25267921 2.00183894 4.99404829 0.28982449 1.90020201
 0.30168911 5.09302705 2.15929075 0.25252376 3.07077537 7.04704669
 2.05391689 3.86766388 1.49479785 0.09396754 1.65948649 0.37344189
 0.59735164 1.51995564 0.09453996 2.91475744 1.38379287 5.29285843
 1.63081435 4.02260901 1.56989458 4.16210712 1.43659682 1.74752564
 3.13409834 6.25586979]
 ||