optimal function value: 48.13067508999998
optimal value: [0. 0. 0. 1. 0. 1. 0. 0. 1. 0. 0. 0. 0. 0. 1. 0.]
status: SUCCESS
 ||[1.95645374e+00 5.66298787e+00 2.50356643e+00 5.92664653e+00
 2.32272646e+00 5.79579324e+00 9.11042912e-02 2.92745432e+00
 2.96410251e+00 4.07371165e+00 2.82823472e+00 7.10282286e-01
 1.47129603e+00 1.55005865e+00 1.70719155e+00 3.60652896e+00
 4.29020502e-02 2.36142749e+00 8.76744666e-01 5.75692374e+00
 3.40476342e+00 1.00207467e+00 2.50536213e+00 8.70495484e-01
 1.93955834e+00 7.97166587e-01 5.26622782e-03 5.47562675e+00
 1.65810577e+00 1.35189220e+00 3.15345004e+00 5.37882254e+00]
 ||