optimal function value: 32.53962615999998
optimal value: [0. 1. 0. 0. 1. 0. 0. 0. 0. 0. 1. 0. 0. 0. 0. 1.]
status: SUCCESS
 ||[0.76172265 1.70628012 1.27928515 0.90935958 0.09381413 2.4720959
 3.05854659 4.81328121 2.56198752 1.19297766 1.54619428 1.70408707
 0.44628645 0.53396141 1.52125262 5.78248179 2.66262897 4.93868969
 2.40709847 1.37369071 0.97369233 3.81414768 2.1284272  6.3590015
 2.63790648 0.65428385 2.18869173 4.19529906 1.57331562 1.10062449
 1.47067632 0.5357993  2.92530853 5.41267309 2.03340486 1.86894265
 3.14138781 3.57161901 2.76748625 5.31213896]
 ||