optimal function value: 65.76070403
optimal value: [0. 0. 1. 0. 0. 1. 0. 0. 1. 0. 0. 0. 0. 0. 0. 1.]
status: SUCCESS
 ||[0.56338048 4.14934279 2.05344596 1.24831359 1.52907674 3.10443145
 1.4997832  2.88378258 0.83340848 1.58368741 2.15454352 2.05330819
 2.11711029 4.93987891 2.7372235  6.94784706 0.73710351 1.49064524
 2.31088173 3.61772943 0.6359327  4.25786663 2.74327312 5.25170917
 0.68156981 1.87729585 0.0236839  6.13010359 0.69516814 4.56956669
 1.68971493 3.73102115 1.65587939 5.18663014 1.88547124 1.90721916
 0.36295841 3.99771993 2.89918531 0.91557488]
 ||