optimal function value: 44.55872038000001
optimal value: [0. 1. 0. 0. 0. 0. 1. 0. 1. 0. 0. 0. 0. 0. 0. 1.]
status: SUCCESS
 ||[4.00551974 6.95363773 0.17647672 0.535501   2.62543274 4.62664068
 2.10664571 1.92865323 1.87337166 3.8130514  1.8240604  0.99380863
 1.35225687 2.47375861 2.27421981 6.24878752 2.99361229 3.36912634
 1.40084952 2.69054139 0.11389602 0.17292492 2.46044144 2.99883894
 1.19461038 5.60289706 1.65161418 3.52136282 0.74130332 0.15064788
 1.02108228 0.86130133 1.60289797 6.27680231 2.12032141 1.14145893
 2.80733064 5.00777295 3.30739774 5.69721501]
 ||