optimal function value: 30.655645410000005
optimal value: [0. 0. 1. 0. 0. 1. 0. 0. 1. 0. 0. 0. 0. 0. 0. 1.]
status: SUCCESS
 ||[1.42216707e+00 5.29003224e+00 2.54572542e+00 1.39458034e+00
 2.86585422e+00 3.20726024e+00 2.05141594e+00 4.95163209e+00
 2.75866530e-01 1.60011719e-01 2.62328957e+00 2.72378754e+00
 2.40140357e+00 5.05904471e-03 1.40616648e+00 4.53679537e+00
 7.18216362e-01 5.95428398e+00 2.81300800e+00 1.71457141e-01
 5.42586776e-02 3.37034811e+00 3.96182332e+00 2.37610765e+00
 6.59653133e-01 2.64559375e+00 7.05375948e-02 1.37462462e+00
 1.36748799e+00 3.08178648e+00 7.30089715e-01 1.44912483e+00
 6.73865181e-01 2.87413040e+00]
 ||