optimal function value: 44.55872038000001
optimal value: [0. 1. 0. 0. 0. 0. 1. 0. 1. 0. 0. 0. 0. 0. 0. 1.]
status: SUCCESS
 ||[2.49103245e+00 5.16631924e+00 2.51304813e+00 1.63892279e+00
 4.53760472e-03 4.17519436e+00 1.48619581e+00 4.78341413e+00
 2.18006232e+00 4.83827730e+00 8.49981184e-01 5.04186817e+00
 2.27772243e+00 2.60163440e+00 1.68387939e+00 4.27542734e+00
 1.60454207e+00 3.48464581e+00 2.53262539e+00 1.66848806e+00
 2.57237051e+00 4.31852151e+00 3.65527308e+00 2.10991902e+00
 2.88357407e-01 5.02317519e+00 2.51689558e+00 2.84587368e+00
 2.87064774e-01 1.23529180e+00 1.98243951e+00 1.82427072e+00
 2.98059640e+00 3.69948806e+00 1.63323641e+00 4.11973124e+00]
 ||