optimal function value: 30.655645410000005
optimal value: [0. 0. 1. 0. 0. 1. 0. 0. 1. 0. 0. 0. 0. 0. 0. 1.]
status: SUCCESS
 ||[2.12477913 4.93115886 1.63456984 3.20593268 2.23808079 6.26262527
 1.90954549 0.93014623 0.82369651 1.62708449 1.02918374 1.68277662
 0.3413958  2.04485631 0.97611962 3.58221406 0.63598906 0.44775856
 0.63633471 3.40582457 1.22097547 4.60592418 2.52138351 2.60367719
 0.3126203  4.57358405 2.3731012  2.48914399 2.06680458 1.8782881
 2.87460096 5.23942077 3.48853262 5.99401217 0.73139196 3.42638398
 2.29857165 5.03460836 1.225679   0.87126089]
 ||