optimal function value: 32.53962615999998
optimal value: [0. 1. 0. 0. 0. 0. 1. 0. 1. 0. 0. 0. 0. 0. 0. 1.]
status: SUCCESS
 ||[ 1.383189    5.88147264  2.540533    1.55467151  1.50351263  2.80769535
  1.99976654  4.90741608  0.243393    0.10771402  2.57370814  2.68108347
  2.36281556 -0.03307633  1.33736906  4.48591152  1.67888754  5.93203262
  2.82913869  0.18427095  0.08007487  3.39706493  2.94619866  2.38376124
  0.6714812   2.64306704  0.08180653  1.38350646  1.36689733  3.11232381
  0.72512707  1.44188975  0.67219753  2.8815156   0.90461462  0.12923212
  2.62718329  3.48956248  2.01193892  1.16525371]
 ||