optimal function value: 65.76070403
optimal value: [0. 0. 1. 0. 0. 0. 0. 1. 1. 0. 0. 0. 0. 1. 0. 0.]
status: SUCCESS
 ||[ 1.45602469e+00  2.34143910e+00  4.34523004e-01  5.44530148e+00
 -3.15596012e-03  3.19935197e+00  3.65149998e+00  2.70102586e-01
  1.74110957e+00  3.99783281e+00 -8.93322595e-02  3.38105820e+00
  2.21030345e+00  2.84012830e+00  2.27631289e+00  9.87563570e-01
  7.47858427e-01  6.96800402e-01  1.59063514e+00  5.80484614e+00
  1.85445674e+00  4.86435530e+00  1.20500635e+00  4.68697747e+00
  3.20336906e-01  1.82952875e+00]
 ||