optimal function value: 23.895113699999996
optimal value: [0. 1. 0. 0. 0. 0. 0. 1. 1. 0. 0. 0. 0. 0. 1. 0.]
status: SUCCESS
 ||[ 4.24526171e+00  5.75235799e+00 -3.46963850e-03  4.12092233e-01
  2.35284659e+00  4.37856028e+00  3.11436330e+00  1.81817693e+00
  1.64845404e+00  3.76031578e+00  1.65586100e+00  9.21951455e-01
  1.28424358e+00  2.47260871e+00  2.06503480e+00  6.09500768e+00
  2.83309814e+00  3.39901358e+00  1.15425951e+00  1.46571875e+00
 -1.59133488e-01  5.36666867e-02  1.23785711e+00  1.83817140e+00
  7.35574761e-01  5.43912109e+00]
 ||