optimal function value: 30.655645410000005
optimal value: [1. 0. 0. 0. 0. 0. 0. 1. 0. 0. 1. 0. 0. 1. 0. 0.]
status: SUCCESS
 ||[ 1.51358909e+00  2.31268574e+00  8.03096055e-01  5.77228720e+00
 -7.16952816e-04  3.16656701e+00  2.83324101e+00  5.46684513e-01
  1.72519323e+00  3.84064845e+00  1.13489920e-01  2.38023254e+00
  2.20659129e+00  3.84138425e+00  2.26682731e+00  9.31475750e-01
  7.35656116e-01  6.94836100e-01  2.59838741e+00  5.79761451e+00
  1.83472427e+00  4.86218580e+00  1.20033447e+00  4.68620852e+00
  3.17815973e-01  1.81483257e+00  2.10340093e+00  4.54441510e+00
  1.31593841e+00  5.40435517e-01  8.25622964e-01  1.29742395e+00
  8.68183619e-01  5.07531253e+00]
 ||