optimal function value: 44.55872038000001
optimal value: [0. 1. 0. 0. 0. 0. 1. 0. 1. 0. 0. 0. 0. 0. 0. 1.]
status: SUCCESS
 ||[3.99231057 5.95420859 0.17663051 1.53584474 2.50992853 4.46914505
 2.10402195 1.93787924 1.90367098 3.81491767 1.87390545 1.01456073
 1.41541682 2.36416548 2.27215838 6.25138877 3.08297108 3.34466605
 1.39759962 1.6853576  0.11277755 0.17242011 1.46058047 2.00088391
 1.19373308 5.6033675  1.65157601 3.52174806 0.74170683 0.14991203
 1.0212887  0.85885978 1.60283956 6.27490678 2.11881523 1.1424897
 2.89563893 4.91788457 2.30716633 5.69623089]
 ||