optimal function value: 32.53962615999998
optimal value: [0. 1. 0. 0. 0. 0. 1. 0. 1. 0. 0. 0. 0. 0. 0. 1.]
status: SUCCESS
 ||[0.33558862 5.41453899 2.04821327 5.90768743 1.85318077 1.60701575
 2.30668909 4.13701571 0.95162014 4.29854817 1.24594099 4.88522391
 0.37183599 1.40277354 2.83200013 2.24961548 0.8181983  5.05401925
 1.98451261 0.9405343  1.73235764 4.17160781 0.51813233 4.0947019
 0.38706937 2.11741177 0.2614503  1.2846128  4.07251854 2.53614208
 4.11190937 2.75647382 1.90910983 5.48419193 2.15728765 0.70004513
 1.85048912 3.98191769]
 ||