optimal function value: 30.655645410000005
optimal value: [1. 0. 0. 0. 0. 1. 0. 0. 0. 0. 1. 0. 0. 0. 0. 1.]
status: SUCCESS
 ||[1.51672943 5.07629654 3.0175885  1.82091894 3.53264891 4.47240297
 2.07122604 0.69782602 0.08939213 2.40733957 2.35216802 1.57441776
 1.57896581 1.88247553 2.68933462 5.93908255 1.26207112 6.34829126
 0.09536896 5.10635954 2.74704294 0.94833597 2.21605351 3.5121987
 3.00080408 1.31948947 1.69638926 5.5446469  2.00693302 1.94273356
 0.25676443 5.90527057 1.48878763 6.26133395 0.44457143 5.10357805
 2.55544973 5.77993475 0.05616844 2.33912599]
 ||