optimal function value: 32.53962615999998
optimal value: [0. 1. 0. 0. 0. 0. 1. 0. 1. 0. 0. 0. 0. 0. 0. 1.]
status: SUCCESS
 ||[2.45844964 3.35399414 0.43328976 5.43929056 0.01944704 3.15551352
 3.78228904 0.46348843 1.74352234 3.88428876 0.12413094 2.37745548
 2.2068927  2.82838975 2.27369433 0.99170998 0.75024066 0.70350818
 1.58835801 5.80862328 1.85172451 4.85622671 1.25140025 4.66406658
 0.31718066 1.82544475 2.09810146 4.58102215 1.30899013 1.53738439
 0.8428327  1.30783729 0.88883682 5.08582062 0.63044695 5.6033723
 2.77738988 1.32319231 1.17657584 3.07348944]
 ||