optimal function value: 44.55872038000001
optimal value: [0. 1. 0. 0. 0. 0. 1. 0. 1. 0. 0. 0. 0. 0. 0. 1.]
status: SUCCESS
 ||[0.81183379 5.30194659 2.15281335 5.33923903 0.57757902 1.43897995
 0.46190708 1.41146497 2.31423999 0.82641285 1.67193853 1.34093829
 0.90841789 2.73842827 3.63079665 3.82283309 1.0446598  1.73584669
 0.46126917 5.47654166 2.53993805 5.06449503 2.59543621 4.68098122
 2.97877414 4.98908432 0.80240758 6.34108002 1.5294344  4.74409833
 1.77144673 2.69996998 1.14417278 2.70062226 0.98601845 0.73896383
 2.57563604 5.01353299 3.09105144 4.34245648]
 ||