optimal function value: 65.76070403
optimal value: [1. 0. 0. 0. 0. 0. 0. 1. 0. 0. 1. 0. 0. 1. 0. 0.]
status: SUCCESS
 ||[ 1.24652265e+00  2.34734017e+00  1.38729435e+00  5.43548753e+00
 -1.07398478e-01  3.20694996e+00  2.49546054e+00  3.59628707e-01
  1.80679304e+00  5.02498333e+00 -1.63204698e-01  2.09560103e+00
  1.91276604e+00  2.42680351e+00  2.06669862e+00  7.41343868e-01
  6.82885195e-01  1.69776942e+00  1.51785287e+00  5.80441069e+00
  1.77919020e+00  4.75830045e+00  1.08288459e+00  4.60831323e+00
  2.88335274e-03  1.83562095e+00  2.06163334e+00  4.27940607e+00
  1.25460724e+00  2.54744719e-01  6.66140015e-01  1.20487513e+00
  6.10638500e-01  4.92942233e+00  4.54827890e-01  5.46550967e+00
  2.73805367e+00  3.39060329e-01]
 ||