optimal function value: 48.13067508999998
optimal value: [1. 0. 0. 0. 0. 0. 1. 0. 0. 0. 0. 1. 0. 1. 0. 0.]
status: SUCCESS
 ||[0.7095852  6.03984847 1.38663526 4.42311391 0.27591386 1.59734311
 3.19861105 1.31946372 2.01937829 2.88790832 1.43176151 3.11437708
 0.60838784 5.23095321 0.29251174 1.48193497 0.06202609 1.68303855
 2.29343373 5.54558895 1.19400232 0.71443803 0.81210164 6.23078234
 0.19792948 3.89686033 1.18478743 4.15249437 1.06270045 4.34363354
 1.56761485 4.07901632 2.83182919 3.65433264 0.4470762  0.40262538
 2.97157368 3.07069564 0.60842235 5.9444941 ]
 ||