optimal function value: 48.13067508999998
optimal value: [1. 0. 0. 0. 0. 0. 1. 0. 0. 0. 0. 1. 0. 1. 0. 0.]
status: SUCCESS
 ||[0.70268259 0.61395596 2.13278117 0.92583564 0.1886524  2.53704324
 2.8804686  5.02119516 2.40830475 1.39024249 1.69510972 1.73695618
 0.53479292 0.6727194  0.67457545 5.82917013 2.6048052  5.06688558
 2.51637422 1.21297366 0.98396082 3.94071598 2.29358839 5.36939899
 2.76521028 0.55019162 1.90634659 4.21673667 1.58145505 1.11357968
 1.4894215  0.56696913 2.93416728 5.44428331 1.72064279 1.88195318
 2.89584807 3.62914301]
 ||