optimal function value: 65.76070403
optimal value: [1. 0. 0. 0. 0. 1. 0. 0. 0. 0. 1. 0. 0. 0. 0. 1.]
status: SUCCESS
 ||[ 1.45975441e+00  6.27595367e+00  2.40023992e+00  1.61015865e+00
  1.54311057e+00  2.87183133e+00  2.04200806e+00  4.96196900e+00
  2.90488102e-01  1.80698089e-01  2.65930392e+00  2.70038165e+00
  3.42736372e+00 -3.43677733e-03  1.50730915e+00  4.53406293e+00
  7.23069307e-01  5.94724517e+00  2.84301525e+00  1.92172942e-01
  1.08696207e+00  3.40753487e+00  2.95752423e+00  2.41266640e+00
  6.82604153e-01  2.65409298e+00  7.58936202e-02  1.41056801e+00
  1.36326351e+00  3.11918197e+00  7.12704581e-01  1.45509437e+00
  6.81292850e-01  2.88843631e+00  8.94563705e-01  1.35471644e-01
  2.61303670e+00  3.49545223e+00]
 ||