optimal function value: 48.13067508999998
optimal value: [1. 0. 0. 0. 0. 0. 1. 0. 0. 0. 0. 1. 0. 1. 0. 0.]
status: SUCCESS
 ||[0.74184835 0.64896537 2.24671495 2.00496124 0.2512689  2.5069451
 2.89313035 5.01392459 2.41507868 1.47176898 1.48146865 1.7818661
 0.58547661 1.70958773 0.67509931 5.82728688 2.60419765 5.06850732
 2.51470788 1.21545696 0.97041871 3.938256   2.29969114 5.37014117
 2.76480745 0.54477968 1.90403701 4.22033122 1.58936919 1.11717216
 1.48744053 0.56120725 2.9359713  5.43805315 1.72073492 1.88629515
 2.85534435 3.59633584 2.77080907 5.32964169]
 ||