optimal function value: 65.76070403
optimal value: [0. 0. 1. 0. 0. 0. 0. 1. 1. 0. 0. 0. 0. 1. 0. 0.]
status: SUCCESS
 ||[2.49257504e+00 6.16363313e+00 1.52402189e+00 1.64430632e+00
 2.02558142e-03 4.16362252e+00 1.47636024e+00 4.77424730e+00
 1.17309466e+00 4.83872007e+00 8.56653456e-01 5.04403922e+00
 2.28724098e+00 2.59996842e+00 1.69247353e+00 5.28693508e+00
 6.08448636e-01 3.47786335e+00 2.52947436e+00 1.66763539e+00
 2.52427124e+00 4.30802929e+00 2.65227457e+00 2.11018574e+00
 2.91722303e-01 5.02844771e+00 2.52796696e+00 2.79746313e+00
 2.94797280e-01 2.23860359e+00 1.99510904e+00 1.82934739e+00]
 ||