optimal function value: 44.55872038000001
optimal value: [0. 1. 0. 0. 0. 0. 1. 0. 1. 0. 0. 0. 0. 0. 0. 1.]
status: SUCCESS
 ||[1.42187752 6.32526442 2.39948343 1.60294486 1.55635953 2.82437334
 2.04729144 4.95590636 0.29503321 0.18034165 2.62892792 2.71802494
 2.39363249 1.01122825 1.39931117 5.53321717 0.71886651 5.93999899
 2.83201152 0.19295924 1.08534407 4.40227898 2.95061732 2.39542674
 0.68057259 2.65249823 0.09119892 1.39350317 1.37534217 3.11480154
 0.73213005 1.44954321 0.68735945 2.88734449 0.91118322 0.13543239
 3.6316288  3.49769055]
 ||