optimal function value: 32.53962615999998
optimal value: [0. 1. 0. 0. 0. 0. 1. 0. 1. 0. 0. 0. 0. 0. 0. 1.]
status: SUCCESS
 ||[ 2.01559445  1.94779634  3.04303069  1.44349101  1.68355793  2.30360003
  0.16790901  3.18754357 -0.38306137  2.72425301  0.21900934  1.56888717
  1.33513423  5.19666796  0.38942026  2.40332475  1.97015894  5.9532285
  2.8143935   2.4924999   3.06643704  0.29396482  2.6959022   1.82051883
  0.45349348  0.73877407  1.96914928  5.1293762   0.56744014  3.65251798
  2.00630465  2.34011988  1.7212854   0.393982    0.18642976  1.29547155
  2.13700348  2.68633144  0.98720728  3.67814849]
 ||