optimal function value: 65.76070403
optimal value: [0. 0. 1. 0. 0. 0. 0. 1. 1. 0. 0. 0. 0. 1. 0. 0.]
status: SUCCESS
 ||[2.02424524 1.95027701 2.05094076 0.45267891 1.68618833 2.29638669
 0.18538304 3.18789965 0.12170186 2.49983813 0.26672104 0.62315203
 1.38188617 6.25323366 0.38439596 1.40324277 1.97036389 5.95305984
 1.81269623 2.49269297 3.07210777 0.29142884 2.69128338 1.81858676
 0.44931761 0.73283579 0.96488044 5.12850712 0.56825009 3.65033616
 2.01435874 2.33998897 1.71739548 0.38419333 0.17494326 1.28443261
 2.18341785 2.71787907 0.98505447 3.67896607]
 ||