optimal function value: 48.13067508999998
optimal value: [1. 0. 0. 0. 0. 0. 1. 0. 0. 0. 0. 1. 0. 1. 0. 0.]
status: SUCCESS
 ||[2.49079561e+00 5.16948957e+00 1.52607809e+00 1.64589467e+00
 9.47113897e-04 4.15646318e+00 1.47796342e+00 4.77553650e+00
 2.17245197e+00 4.84831230e+00 8.57497198e-01 5.03209469e+00
 2.28483767e+00 2.59668463e+00 1.69340423e+00 4.28543127e+00
 6.07025554e-01 3.47851863e+00 3.53076059e+00 1.66726643e+00
 2.52408722e+00 4.30847894e+00 2.65240544e+00 2.10877841e+00
 2.91356020e-01 5.02813800e+00 2.52779153e+00 2.79698257e+00
 2.94005256e-01 1.23836019e+00 1.99461576e+00 1.82908822e+00
 3.98798486e+00 3.69873613e+00 6.31238421e-01 5.11878142e+00
 1.13149967e+00 5.73506828e+00]
 ||