optimal function value: 23.895113699999996
optimal value: [0. 0. 0. 1. 0. 1. 0. 0. 1. 0. 0. 0. 0. 0. 1. 0.]
status: SUCCESS
 ||[2.48213945e+00 6.16402387e+00 2.52436575e+00 2.64283561e+00
 3.43867154e-04 5.16335616e+00 1.47872389e+00 5.77404460e+00
 1.17312009e+00 4.84007610e+00 8.56677961e-01 5.03919261e+00
 2.29316921e+00 2.60100979e+00 2.69109836e+00 4.28346757e+00
 6.06898328e-01 3.47823095e+00 2.52943182e+00 1.66673365e+00
 2.52489570e+00 4.30722806e+00 2.65191961e+00 2.10741740e+00
 2.91711808e-01 5.02737419e+00 2.52798882e+00 2.79860831e+00
 2.94846222e-01 1.23802183e+00 1.99389734e+00 1.82692461e+00
 2.98897530e+00 3.69727420e+00 6.30348382e-01 4.11815596e+00
 1.13224136e+00 5.86069967e+00 2.85754239e+00 3.10725600e+00]
 ||