optimal function value: 48.13067508999998
optimal value: [1. 0. 0. 0. 0. 0. 1. 0. 0. 0. 0. 1. 0. 1. 0. 0.]
status: SUCCESS
 ||[3.49302794e+00 6.16469609e+00 2.52371716e+00 2.64498908e+00
 5.94598305e-04 4.16500349e+00 1.47756813e+00 4.77393538e+00
 1.17176817e+00 5.83849416e+00 8.56402398e-01 5.03986274e+00
 2.29272551e+00 2.60200135e+00 1.69100506e+00 4.28547437e+00
 5.61740011e-01 4.48138316e+00 2.52968906e+00 1.66993040e+00
 2.73066933e+00 4.09910102e+00 3.65362048e+00 2.10835559e+00
 2.92361728e-01 5.02679728e+00 2.52838660e+00 2.79753933e+00
 2.94246070e-01 1.23864520e+00 1.99534078e+00 1.82820139e+00]
 ||