optimal function value: 65.76070403
optimal value: [1. 0. 0. 0. 0. 1. 0. 0. 0. 0. 1. 0. 0. 0. 0. 1.]
status: SUCCESS
 ||[ 2.94653225e+00  5.66385134e+00  2.50401388e+00  6.86348242e+00
  2.31875899e+00  6.79043310e+00  9.66586354e-02  3.93066150e+00
  2.99792769e+00  4.10147902e+00  2.83281749e+00  7.23380732e-01
  1.34394311e+00  1.56863501e+00  1.95947510e+00  3.63984051e+00
  3.54983054e-02  1.59308496e+00  8.80506616e-01  5.75995597e+00
  2.41311957e+00  9.99697337e-01  2.51119396e+00  8.65044115e-01
  1.93167057e+00  7.76054184e-01 -6.48846779e-03  5.45711484e+00
  6.44109112e-01  1.35647082e+00  3.08878887e+00  5.47361474e+00
  9.17622655e-01  6.04270092e+00  1.70650140e+00  4.25485058e+00
  6.35211169e-01  5.89862468e+00]
 ||