optimal function value: 65.76070403
optimal value: [0. 0. 1. 0. 0. 1. 0. 0. 1. 0. 0. 0. 0. 0. 0. 1.]
status: SUCCESS
 ||[2.4211233  3.51635102 2.91107234 2.96343514 1.59870339 3.69050332
 0.58485333 3.19202109 1.93629661 4.97973518 0.29377126 1.91268432
 1.28425618 5.08744763 2.17928754 0.26323074 3.08582591 6.06066816
 2.05626033 4.86899239 0.49505483 0.0940215  2.66010277 0.3738854
 0.59814601 1.52087067 0.09464609 2.91517555 1.38400958 5.29341398
 1.63133412 4.02264728 1.57036921 4.1632763  1.43790143 1.74806708
 3.13539336 6.25568838 2.6388123  4.44690297]
 ||