optimal function value: 30.655645410000005
optimal value: [0. 0. 1. 0. 0. 1. 0. 0. 1. 0. 0. 0. 0. 0. 0. 1.]
status: SUCCESS
 ||[1.41588574 5.32200802 2.41003915 1.60504948 1.5581153  2.82270514
 2.03650252 4.9565537  0.30459169 0.17109317 2.61703606 2.72780192
 3.38691321 1.01327295 1.38373439 4.59443828 0.70421207 5.93510195
 2.82114611 0.18744844 0.08040471 4.40320696 2.94890417 2.39829998
 0.67718625 2.63846874 0.08854185 1.37896977 1.35178251 3.11478941
 0.73669435 1.45059513 0.68231178 2.89218331 0.95711501 0.20890671
 2.61554502 3.47359107 1.99523005 2.14739454]
 ||