optimal function value: 23.895113699999996
optimal value: [1. 0. 0. 0. 0. 0. 1. 0. 0. 0. 0. 1. 0. 1. 0. 0.]
status: SUCCESS
 ||[3.12713549 4.93191581 1.63512328 3.21386298 1.23620527 6.26310018
 0.90885978 1.93179253 0.82033476 1.63602221 1.02797243 1.6750874
 0.34130628 2.04784721 1.98018533 3.57684039 0.63398401 0.43594964
 0.66497265 3.4092998  2.22067633 4.60897473 2.52276934 2.60399431
 0.31167757 4.57487388 2.37471191 2.48764929 2.06796111 1.87869312
 2.87421611 5.23913319 2.48925776 5.9925506  0.7312153  3.42569758
 2.2981211  5.03607663]
 ||