optimal function value: 30.655645410000005
optimal value: [0. 0. 1. 0. 0. 0. 0. 1. 1. 0. 0. 0. 0. 1. 0. 0.]
status: SUCCESS
 ||[1.96287151e+00 4.66660689e+00 2.49787343e+00 5.93225171e+00
 3.32064427e+00 5.79509360e+00 9.40521521e-02 2.92939162e+00
 2.96776491e+00 4.08131786e+00 2.82876321e+00 8.78643490e-01
 2.31285009e+00 1.55406803e+00 1.80046513e+00 3.60679266e+00
 1.18007662e-01 1.36348118e+00 8.78427579e-01 5.75813011e+00
 2.40345359e+00 1.00306421e+00 2.50061829e+00 8.70146091e-01
 1.96770162e+00 7.88016314e-01 2.71583958e-03 5.47378315e+00
 6.56359495e-01 1.35244876e+00 3.08312322e+00 5.48060285e+00
 9.09304724e-01 6.03644344e+00 1.69018344e+00 4.25704867e+00
 6.43827151e-01 5.91087696e+00]
 ||