optimal function value: 65.76070403
optimal value: [0. 0. 1. 0. 0. 0. 0. 1. 1. 0. 0. 0. 0. 1. 0. 0.]
status: SUCCESS
 ||[3.00364498 5.95898246 1.17723358 0.53295722 2.62671874 5.37279111
 2.10578933 1.93642835 1.90416179 3.81322829 1.82428241 0.99773159
 1.3525319  2.47203278 2.26735967 6.25377863 2.98485913 3.41867242
 1.39629782 1.68347407 0.11253516 0.1710244  1.45928021 2.00024268
 1.19362106 5.60344892 1.6515396  3.52303216 0.74184327 0.14990923
 1.02186079 0.85839748 1.60207755 6.27642033 2.12071302 1.14234361
 2.80763909 5.00573684 2.30868971 5.69576336]
 ||