optimal function value: 48.13067508999998
optimal value: [1. 0. 0. 0. 0. 0. 1. 0. 0. 0. 0. 1. 0. 1. 0. 0.]
status: SUCCESS
 ||[1.7533972  3.41278442 1.15359186 4.78947724 1.97528699 0.39814492
 0.05203734 5.25301923 0.79523209 1.47298925 4.11427318 2.94645956
 2.61261969 2.98066676 2.02079242 0.96624523 1.97641662 5.4601947
 1.65482621 4.67680495 2.13264484 0.39217174 2.64304252 3.66486052
 1.32718716 0.14608403 2.66955547 2.92164755 2.20833042 5.47319113
 2.20011562 5.73349236 1.19222649 4.98492185 1.34742157 5.83056081
 2.71032871 1.56617833]
 ||