optimal function value: 48.13067508999998
optimal value: [0. 0. 1. 0. 1. 0. 0. 0. 0. 1. 0. 0. 0. 0. 0. 1.]
status: SUCCESS
 ||[1.81352571 4.3057819  3.14897032 6.3364906  0.58337684 1.44853652
 0.4624038  1.41482668 3.30604207 0.81817644 1.66916127 1.34411451
 0.93870517 2.75174857 2.6318998  3.82308788 0.02312768 2.77365613
 0.46085711 5.47445416 3.54391424 5.06440771 2.59600352 4.67930437
 2.9823826  4.9873406  0.80639218 5.34018829 1.52920251 4.74384462
 1.77217201 2.69905094 1.1441157  2.70063871 0.98564084 0.73737324
 2.57491799 5.0155744 ]
 ||