optimal function value: 48.13067508999998
optimal value: [1. 0. 0. 0. 0. 0. 1. 0. 0. 0. 0. 1. 0. 1. 0. 0.]
status: SUCCESS
 ||[0.74063873 0.64830614 2.24422993 0.97383756 0.20892033 3.5232647
 2.88374308 6.02923974 2.40377978 1.39430475 1.68566334 1.74489878
 0.54151285 0.66464034 0.67023409 5.82804608 2.60422528 6.06901148
 2.51522943 2.21551909 0.97370591 3.9394522  2.29921507 5.36995948
 2.76469719 0.54476976 1.90331571 4.22043022 1.58948449 1.11700542
 1.48776558 0.56135666 2.93608685 5.43802832 1.72046497 1.88647204
 2.85525088 3.59625995 2.77179366 5.32837661]
 ||