optimal function value: 32.53962615999998
optimal value: [0. 1. 0. 0. 0. 0. 1. 0. 1. 0. 0. 0. 0. 0. 0. 1.]
status: SUCCESS
 ||[ 1.97855631  4.61962635  2.49413825  6.86399151  2.30591994  5.84467498
  0.13528029  2.89897579  3.06477028  4.06050434  2.832029    1.71133329
  1.49283707  1.54688997  1.70897611  3.60102169  0.06303653  1.35913792
  0.87150091  5.75679528  2.40093127  0.9980595   2.48581363  0.87031235
  1.92474432  0.7880001  -0.00988133  5.4705382   0.64080561  1.34508012
  3.07552083  5.48024644  0.89415727  6.04197508  1.67498096  4.26459477
  0.61301237  5.9056546 ]
 ||