optimal function value: 48.13067508999998
optimal value: [1. 0. 0. 0. 0. 0. 1. 0. 0. 0. 0. 1. 0. 1. 0. 0.]
status: SUCCESS
 ||[1.01596203 0.94447923 3.04656683 1.45366365 1.68304517 2.29702951
 0.18226908 3.18782687 0.11601074 2.72541279 0.22223595 0.56791299
 1.33306636 5.19712841 0.38770231 1.40380757 1.96658833 5.9498779
 1.81330394 2.49229727 3.06711877 0.29251905 2.69610956 1.82088703
 0.45302337 0.73971907 0.96918341 5.1278698  0.56767682 3.65335326
 2.00684808 2.3408375  1.72181851 0.39485607 0.18712995 1.29374748
 2.13788533 2.68732232 0.98737561 3.67897105]
 ||