optimal function value: 30.655645410000005
optimal value: [0. 0. 1. 0. 0. 0. 0. 1. 1. 0. 0. 0. 0. 1. 0. 0.]
status: SUCCESS
 ||[1.42205286e+00 5.32133565e+00 2.39729923e+00 1.60608283e+00
 2.55511409e+00 2.82093758e+00 2.04827442e+00 4.95550337e+00
 2.94703872e-01 1.86072077e-01 2.61354416e+00 2.71935735e+00
 2.39438267e+00 6.46838920e-03 1.42371399e+00 4.53947835e+00
 7.18036019e-01 6.93939919e+00 2.83179679e+00 1.92518666e-01
 7.89992319e-02 3.40200915e+00 2.94999325e+00 2.39528688e+00
 6.80301923e-01 2.65495396e+00 8.73522024e-02 1.39116384e+00
 1.38040129e+00 3.10451110e+00 7.43002267e-01 1.44936711e+00]
 ||