optimal function value: 65.76070403
optimal value: [1. 0. 0. 0. 0. 0. 0. 1. 0. 0. 1. 0. 0. 1. 0. 0.]
status: SUCCESS
 ||[0.71160854 3.43622953 1.16182422 3.79587085 1.92134378 0.40208493
 0.04812342 5.26158948 0.81929767 1.47787185 3.13225674 2.96108252
 2.6348856  2.99299563 2.01222004 0.95213527 1.99501344 5.45817271
 1.64840912 4.66249467 2.11479315 1.40704894 2.38284061 3.71381789
 0.94620504 0.19407151 2.71913752 2.97033604 2.25740512 5.52302191
 2.2432282  5.78768848 1.24111238 5.03266441 1.39633286 5.87811719
 2.76174325 0.61257671 1.42839963 2.36291171]
 ||