optimal function value: 65.76070403
optimal value: [0. 0. 1. 0. 0. 1. 0. 0. 1. 0. 0. 0. 0. 0. 0. 1.]
status: SUCCESS
 ||[2.84465174 4.31163173 3.40900452 5.68336195 0.81547017 4.99392644
 2.84244366 6.47977684 1.80135904 1.06311934 1.29285408 7.24570813
 0.3232008  2.00510395 2.98495923 2.82370194 0.65583676 1.99130339
 2.85483549 2.10732955 1.34188356 3.9438237  2.5307223  3.09213861
 0.25666077 4.60165733 0.1102821  0.59403903 0.59807644 4.35705447
 0.89059377 4.33703647 0.51301226 0.73959453 0.07101306 4.43931189
 2.69646746 1.3825374  1.74303512 0.0812723 ]
 ||