optimal function value: 65.76070403
optimal value: [1. 0. 0. 0. 0. 0. 0. 1. 0. 0. 1. 0. 0. 1. 0. 0.]
status: SUCCESS
 ||[1.42017904 5.32868042 2.37698572 2.61960659 2.49367953 2.82317357
 3.03732051 4.95186518 0.33392012 0.14704808 2.62266629 2.71410038
 3.39514566 0.00786706 2.39688869 4.53140974 0.71954006 5.93681846
 2.83144049 0.19532585 0.07957597 3.3999063  2.95280368 2.39209971
 0.67828449 2.65235504 0.0920583  1.39538549 1.38442959 3.09637595
 0.7330189  1.45283686 0.69429788 2.87932673 0.91271485 0.13844917
 2.63650713 3.49720123 2.00280795 2.18350177]
 ||