optimal function value: 65.76070403
optimal value: [1. 0. 0. 0. 0. 0. 0. 1. 0. 0. 1. 0. 0. 1. 0. 0.]
status: SUCCESS
 ||[5.66976248e-01 3.45591267e+00 2.13623404e+00 3.56894257e+00
 2.56690329e+00 7.68002261e-01 2.68758212e-03 5.31732595e+00
 7.95441703e-01 1.31429016e+00 3.16149327e+00 3.15516697e+00
 2.62915700e+00 2.96076513e+00 2.01438315e+00 1.87643282e+00
 1.99376615e+00 5.48914392e+00 1.70534384e+00 4.60453311e+00
 2.14283800e+00 3.62698518e-01 2.35129256e+00 3.76068524e+00
 9.55188301e-01 1.12098291e+00 2.67411265e+00 2.94534132e+00
 2.38227291e+00 5.49422260e+00 2.21928113e+00 5.86514787e+00]
 ||