optimal function value: 44.55872038000001
optimal value: [0. 1. 0. 0. 0. 0. 1. 0. 1. 0. 0. 0. 0. 0. 0. 1.]
status: SUCCESS
 ||[0.54543052 4.13317024 1.04982475 1.19618927 1.51037229 3.05936135
 2.48492409 2.97512919 0.8710422  1.62669371 2.20248279 2.05539438
 2.15582317 5.03976949 2.77585847 5.92363184 0.81790129 1.52295124
 2.38710876 3.62207646 0.71421493 4.27333676 2.80071214 6.34803651
 0.66919011 1.87185133 0.01457157 6.12229011 0.68701705 4.55593495
 1.67583399 3.71675323 1.64868242 5.17263544 1.87585696 1.9021583
 0.35420951 2.98882296 2.89426276 0.90485177]
 ||