optimal function value: 32.53962615999998
optimal value: [0. 1. 0. 0. 1. 0. 0. 0. 0. 0. 1. 0. 0. 0. 0. 1.]
status: SUCCESS
 ||[1.55685432 4.53147009 2.59489372 2.88261466 1.54349856 3.58656748
 0.49442494 4.17491676 1.86252299 4.94576758 0.27228694 1.82404279
 0.23883222 5.01359791 2.20598622 0.21512836 3.04723988 6.08464271
 2.03366659 3.87527453 0.53928803 0.04326775 1.65853252 1.15254131
 0.76673334 1.67705035 0.25092626 3.05449468 1.55570663 5.63477151
 1.88238729 4.27702006 1.8517741  4.36899344 1.67601119 3.09943129
 2.93743108 6.05397351 2.54407748 4.36618071]
 ||