optimal function value: 30.655645410000005
optimal value: [1. 0. 0. 0. 0. 1. 0. 0. 0. 0. 1. 0. 0. 0. 0. 1.]
status: SUCCESS
 ||[1.24004699 5.11199774 2.10110517 0.90008092 0.03539146 2.35757764
 0.85912341 5.05621905 2.15778348 4.78985962 1.75273302 4.1560564
 0.45645694 2.76571642 0.51703582 5.69172663 0.18111574 5.1483705
 0.23342729 4.31818905 1.05792347 2.54231217 2.64741839 0.11420418
 0.19014596 5.74992487 1.59604521 0.56996944 3.11506234 5.96865417
 0.34584579 2.64623858 0.42343106 1.96326334 1.95456392 1.03009127
 2.1697349  0.32100681]
 ||