optimal function value: 65.76070403
optimal value: [0. 0. 1. 0. 0. 1. 0. 0. 1. 0. 0. 0. 0. 0. 0. 1.]
status: SUCCESS
 ||[0.74902748 0.63125591 1.25234754 0.9925945  0.22603944 2.53953541
 2.87154421 5.03977904 3.39230367 1.34287961 1.67832643 1.77587573
 0.40842632 0.62283956 0.65027247 5.80938766 2.59343481 5.25557728
 2.67143718 1.20588455 0.97293311 3.94706742 2.33452832 5.3705813
 2.72660659 0.54710416 1.89651965 4.21067662 1.58339879 1.15778467
 1.50947805 0.60066795 2.89404809 5.44551041 1.87059433 2.07713063
 2.85282603 3.58651144 2.72871249 5.2696169 ]
 ||