optimal function value: 23.895113699999996
optimal value: [0. 1. 0. 0. 0. 0. 0. 1. 1. 0. 0. 0. 0. 0. 1. 0.]
status: SUCCESS
 ||[2.79656172 2.69023826 1.82056784 1.2964337  2.55276833 5.17222278
 2.06046531 2.0073102  1.61940951 2.0577833  0.81464152 6.0546012
 3.04811764 0.31379304 2.48633042 3.79248657 2.19251717 1.772264
 2.16190087 2.86598509 2.15204815 4.14905861 0.41788738 4.83557336
 3.08790914 6.09301192 1.92555478 0.28432714 0.01234781 0.84368319
 2.95430122 1.90546075 1.15583432 5.64677158 0.98912644 3.44721646
 1.36832169 0.40690887]
 ||