optimal function value: 48.13067508999998
optimal value: [0. 0. 0. 1. 0. 1. 0. 0. 1. 0. 0. 0. 0. 0. 1. 0.]
status: SUCCESS
 ||[1.79471273 3.68942401 2.78032605 1.29632577 2.55496395 5.17527305
 3.05483194 0.95925987 1.62717806 2.0640528  0.78991833 5.99094272
 3.13523836 0.28022027 2.70735128 3.79463734 1.20464802 1.78654455
 2.1251518  2.87487631 2.15979709 5.1635058  0.4165809  4.82423953
 3.08601093 6.09082535 1.92674741 0.27808639 0.01286151 0.8425153
 2.95662654 1.90387092 1.14927063 5.64432387 0.98715005 3.44897739
 1.37029827 0.40794796 1.83667416 5.42862151]
 ||