optimal function value: 48.13067508999998
optimal value: [1. 0. 0. 0. 0. 0. 1. 0. 0. 0. 0. 1. 0. 1. 0. 0.]
status: SUCCESS
 ||[ 2.48927058e+00  5.15554019e+00  2.52543514e+00  1.64127134e+00
 -5.07934632e-03  4.16168015e+00  2.48121285e+00  4.76669355e+00
  1.15631050e+00  4.85039758e+00  8.47106490e-01  5.05059796e+00
  2.28976045e+00  2.60549016e+00  1.68985633e+00  4.29068770e+00
  6.05471031e-01  3.49090356e+00  2.53263523e+00  1.67206591e+00
  2.54482013e+00  4.30681187e+00  2.74785831e+00  2.14921979e+00
  2.64501851e-01  4.99919592e+00  3.49129232e+00  2.78125833e+00
  2.84875398e-01  1.23786996e+00  1.97885861e+00  1.83908660e+00
  2.97687590e+00  3.69472082e+00  6.23249132e-01  4.12694575e+00
  1.12177666e+00  5.86619076e+00  2.84939794e+00  3.23787733e+00]
 ||