optimal function value: 23.895113699999996
optimal value: [1. 0. 0. 0. 0. 0. 1. 0. 0. 0. 0. 1. 0. 1. 0. 0.]
status: SUCCESS
 ||[2.82618461 5.29080429 3.37398714 5.62863916 0.84521384 4.00556665
 2.89392005 5.4643849  2.04014879 1.07521577 1.23270938 6.19543621
 0.26956471 2.95516452 2.9780282  2.81460189 0.64791722 1.99294859
 2.73264362 2.11376221 1.33001782 3.93147917 2.53131978 3.09180963
 0.25811515 3.60449015 0.11146121 0.59445631 0.59625624 4.36100472
 0.89093314 4.33685913 0.51068694 0.98607451 0.07642919 4.43447805
 2.70105298 1.38272929]
 ||