optimal function value: 32.53962615999998
optimal value: [0. 1. 0. 0. 0. 0. 1. 0. 1. 0. 0. 0. 0. 0. 0. 1.]
status: SUCCESS
 ||[2.94324735e+00 5.66138872e+00 2.49882467e+00 5.91638390e+00
 2.32521043e+00 5.79460037e+00 8.77906187e-02 2.92565808e+00
 2.96456003e+00 4.07700329e+00 2.82899116e+00 7.10050552e-01
 1.47326601e+00 1.55095313e+00 1.70617341e+00 3.60521230e+00
 3.32271340e-02 1.35694591e+00 8.77527897e-01 5.75901692e+00
 2.40587976e+00 1.00248918e+00 2.50574818e+00 8.72113098e-01
 1.94141597e+00 7.97806494e-01 5.42201820e-03 5.47402125e+00
 6.58768901e-01 1.35375510e+00 3.08642582e+00 5.48180970e+00
 9.09245300e-01 6.04139861e+00 2.69418477e+00 4.26008582e+00]
 ||