optimal function value: 23.895113699999996
optimal value: [1. 0. 0. 0. 0. 0. 1. 0. 0. 0. 0. 1. 0. 1. 0. 0.]
status: SUCCESS
 ||[0.75026926 3.42130495 1.16682211 3.79584842 1.95954413 0.40836065
 0.04255038 5.26272138 1.81543821 2.47145965 3.13127811 2.9559197
 2.63220413 2.989164   2.0057487  0.94582251 1.99328265 5.45729934
 2.64336944 4.65791504 2.10853185 0.40310935 2.38312254 3.71492618
 0.94676324 0.1948431  2.71970407 2.96972045 2.25887823 5.5222772
 2.24557201 5.78655995 1.24075408 5.03190969 1.39675194 5.87841431
 2.76010616 0.6098238  0.42702921 1.36315585]
 ||