optimal function value: 44.55872038000001
optimal value: [1. 0. 0. 0. 0. 0. 0. 1. 0. 1. 0. 0. 0. 0. 1. 0.]
status: SUCCESS
 ||[3.49157532e+00 6.16465790e+00 1.52288783e+00 1.64414994e+00
 1.14107288e-03 4.16505369e+00 1.47765022e+00 4.78010213e+00
 1.17217560e+00 5.83433000e+00 8.56417707e-01 5.03827017e+00
 2.29314737e+00 3.60119101e+00 1.69113221e+00 4.28474154e+00
 6.05639487e-01 3.47775609e+00 2.52849572e+00 1.66712260e+00
 2.52363628e+00 5.30770779e+00 2.65235466e+00 2.10818125e+00
 2.92815583e-01 5.02840727e+00 3.52609049e+00 2.79782796e+00]
 ||