optimal function value: 32.53962615999998
optimal value: [0. 1. 0. 0. 0. 0. 1. 0. 1. 0. 0. 0. 0. 0. 0. 1.]
status: SUCCESS
 ||[3.49617556e+00 5.16499348e+00 1.52605844e+00 1.62347580e+00
 5.00842356e-03 5.18566365e+00 1.49106467e+00 4.77999378e+00
 1.16343061e+00 4.83114914e+00 8.59825465e-01 5.04164906e+00
 2.28717422e+00 2.59213756e+00 1.69354142e+00 4.28635499e+00
 6.07878766e-01 4.47876983e+00 2.52904921e+00 1.66829313e+00
 2.52398849e+00 4.30915039e+00 2.65311610e+00 2.10735568e+00
 2.93384231e-01 5.02689888e+00 2.52907830e+00 2.79775987e+00
 1.29451698e+00 1.23765548e+00]
 ||