optimal function value: 23.895113699999996
optimal value: [1. 0. 0. 0. 0. 0. 1. 0. 0. 0. 0. 1. 0. 1. 0. 0.]
status: SUCCESS
 ||[3.032417   0.07339506 2.31223698 1.9930879  3.09583721 1.10643099
 2.76134064 4.28117875 2.69356554 6.2822664  0.75292649 2.12470454
 2.22538436 1.76305147 0.8276378  1.43686068 2.69462251 5.49563268
 2.50517914 1.40422153 2.67222847 3.24150655 0.75601834 2.89109759
 1.34796993 0.52316038 1.80505553 2.28998292 2.81795755 5.8447583
 2.07022606 2.54550932 2.71292207 6.25273851 1.54127098 5.93681955
 0.05903334 0.88176914]
 ||