optimal function value: 23.895113699999996
optimal value: [1. 0. 0. 0. 0. 0. 1. 0. 0. 0. 0. 1. 0. 1. 0. 0.]
status: SUCCESS
 ||[1.71225162 7.04666712 0.39727342 4.42843621 0.2673616  1.52483111
 3.13702145 1.31863768 2.01932675 2.88676604 1.42672553 3.11069167
 0.60414094 5.22358389 0.2824691  1.47456343 0.06766035 1.67899992
 2.28337455 5.66813454 1.19058941 0.7145258  0.81171044 6.23018014
 0.19798703 3.89671181 1.1849113  4.15219534 1.06322657 4.34288362
 1.56201162 4.08258174 2.83164525 3.65453339 0.44559963 0.40430508
 2.97243152 3.07055978]
 ||