optimal function value: 32.53962615999998
optimal value: [0. 1. 0. 0. 0. 0. 1. 0. 1. 0. 0. 0. 0. 0. 0. 1.]
status: SUCCESS
 ||[3.12710589 4.93257665 1.63553458 3.21373592 1.2364879  6.2609208
 0.90952783 0.93426345 0.81993153 1.63735072 1.02922603 1.68237708
 0.3384778  2.04652572 0.97757412 3.5779471  0.63239681 0.44598894
 1.63705193 3.40690707 1.21761711 4.60109916 2.52332592 2.60423993
 0.31131985 4.57446154 2.37639859 2.48812661 2.06758356 1.879849
 2.87562585 5.2404746  2.4879735  5.99325286 0.73275758 3.42744624
 2.20055552 5.11374075 1.22529775 0.86974525]
 ||