optimal function value: 30.655645410000005
optimal value: [1. 0. 0. 0. 0. 0. 0. 1. 0. 0. 1. 0. 0. 1. 0. 0.]
status: SUCCESS
 ||[3.49513066e+00 6.16478459e+00 2.53137822e+00 2.64512309e+00
 1.34729411e-04 4.16428811e+00 1.47640655e+00 4.77408659e+00
 1.17385931e+00 4.83940243e+00 8.56933150e-01 5.03853078e+00
 3.29532060e+00 2.60231145e+00 1.69079642e+00 4.28488034e+00
 6.07230938e-01 3.47877066e+00 2.52894567e+00 1.66706614e+00
 3.52261778e+00 4.31011773e+00 2.65223225e+00 2.11042519e+00
 2.94822847e-01 4.90304511e+00]
 ||