optimal function value: 23.895113699999996
optimal value: [1. 0. 0. 0. 0. 0. 1. 0. 0. 0. 0. 1. 0. 1. 0. 0.]
status: SUCCESS
 ||[2.49049479 5.13013248 2.09218375 0.89542346 0.03337792 2.35524819
 0.8609659  5.09085982 2.17021051 3.77984506 1.75355951 4.15659878
 0.45425468 2.76557457 0.50779785 5.69251516 0.18508024 5.14510314
 0.23446431 4.31617234 1.05832567 2.5412982  2.64525197 0.1168333
 0.19198913 5.74887509 1.59894699 0.57212295 3.10034441 5.94871561
 0.35378551 2.65992644 0.42295643 1.96497122 1.95293437 1.02490693
 2.19080324 0.32332801 0.53789949 5.12435814]
 ||