optimal function value: 23.895113699999996
optimal value: [1. 0. 0. 0. 0. 0. 1. 0. 0. 0. 0. 1. 0. 1. 0. 0.]
status: SUCCESS
 ||[2.95713753 4.65402507 2.49271423 5.91347415 2.31811494 5.79233855
 0.08788401 2.87073549 2.73058693 4.07210722 2.86573722 0.73585276
 1.49595185 1.57996486 1.73047436 3.64158017 0.05712883 1.38194973
 1.90517228 6.75781889 2.40752643 0.99356255 2.49102262 0.87567991
 1.9329324  0.78916663 1.00167792 5.46657704 0.63823577 1.34211766
 3.07701015 5.47253033 0.89261278 6.03115007 1.6768991  4.24857707
 0.6366761  5.9051217  2.1550215  6.061137  ]
 ||