optimal function value: 23.895113699999996
optimal value: [1. 0. 0. 0. 0. 0. 1. 0. 0. 0. 0. 1. 0. 1. 0. 0.]
status: SUCCESS
 ||[3.14524143 4.93091642 1.6310129  4.25540017 1.22046263 6.26508664
 0.92512615 1.97196424 0.81231849 1.6291547  1.10589922 1.64088307
 0.26629727 1.98604109 0.99835283 3.54154407 0.5920561  0.41715325
 0.63797489 3.45795059 2.14495986 4.61960311 2.5717532  2.46937993
 0.21686323 4.47715041 2.31696535 2.50695995 3.12360023 2.16659796
 3.20010752 5.17396947 3.4840275  5.9752428  0.71795797 3.43262848
 2.2758931  4.99007336]
 ||