optimal function value: 44.55872038000001
optimal value: [0. 1. 0. 0. 0. 0. 1. 0. 1. 0. 0. 0. 0. 0. 0. 1.]
status: SUCCESS
 ||[0.56599976 4.1580756  1.05054959 2.24286857 2.48372299 3.10809956
 1.50657148 2.63728244 0.83264868 1.59531933 2.17117425 3.03697496
 2.11968706 4.94519246 2.72051618 5.93143322 0.73665999 1.49754769
 2.31163946 3.61602288 0.63102317 4.25633989 2.74233813 5.25073381
 0.67826698 1.87821138 0.01913129 6.13057635 0.69131427 4.56754582
 1.68961205 3.72950962 1.65522815 5.18755478 1.88582799 2.90143923
 0.35955453 2.99719912]
 ||