optimal function value: 32.53962615999998
optimal value: [0. 1. 0. 0. 0. 0. 1. 0. 1. 0. 0. 0. 0. 0. 0. 1.]
status: SUCCESS
 ||[2.95711471e+00 5.66138821e+00 3.49869445e+00 5.92318862e+00
 2.32588501e+00 5.79447358e+00 9.08977236e-02 2.92528772e+00
 2.96241873e+00 5.07781521e+00 2.82802443e+00 7.10469899e-01
 2.47364016e+00 1.55117554e+00 1.70909522e+00 4.60551820e+00
 4.08653829e-02 1.36248263e+00 8.77638340e-01 6.75831468e+00
 2.40524662e+00 1.00271637e+00 2.50531431e+00 8.71045589e-01
 1.94021781e+00 1.79651918e+00 5.32758556e-03 6.60014629e+00]
 ||