optimal function value: 30.655645410000005
optimal value: [0. 0. 1. 0. 0. 1. 0. 0. 1. 0. 0. 0. 0. 0. 0. 1.]
status: SUCCESS
 ||[3.49080813e+00 6.16553057e+00 1.52434004e+00 2.64569538e+00
 3.03423435e-03 4.16544253e+00 1.54612095e+00 4.65815104e+00
 1.17400983e+00 4.84029781e+00 8.22801599e-01 5.02111439e+00
 2.40890232e+00 2.55786952e+00 1.69125046e+00 4.28608878e+00
 6.05976245e-01 3.47846766e+00 2.52948957e+00 1.66825712e+00
 2.52407830e+00 4.30850431e+00 2.65079319e+00 2.10830296e+00
 2.92554496e-01 5.02839425e+00 2.52819147e+00 2.79755229e+00
 2.94650269e-01 1.23924567e+00 1.99454181e+00 1.82967934e+00
 2.98872071e+00 3.69804721e+00 6.31692627e-01 4.11806560e+00
 1.13197805e+00 5.86045617e+00]
 ||