optimal function value: 48.13067508999998
optimal value: [0. 0. 0. 1. 0. 1. 0. 0. 1. 0. 0. 0. 0. 0. 1. 0.]
status: SUCCESS
 ||[0.753199   3.42246846 1.16306214 4.79423842 1.87374165 0.41506339
 0.04149953 5.27975672 0.84348255 1.4617124  3.13864826 2.96397915
 2.62544246 2.99416979 2.00863859 0.94560784 2.07079593 5.35485103
 1.64291778 4.65761971 2.10333054 0.39771247 2.38262509 3.72680267
 0.94743881 0.22637228 2.72163403 2.96931275 2.25702365 5.52319231
 2.23916038 5.7695874  1.24169126 5.03124283 1.39711267 5.87222901
 2.76165987 0.60272736]
 ||