optimal function value: 32.53962615999998
optimal value: [0. 1. 0. 0. 0. 0. 1. 0. 1. 0. 0. 0. 0. 0. 0. 1.]
status: SUCCESS
 ||[1.49013474 4.13150565 2.09617435 0.90143044 0.03205648 2.35217861
 1.8576018  6.09291945 2.17097497 3.77857599 1.75388332 4.15503509
 0.45738646 2.76580598 0.50698409 5.69010569 0.1837478  5.14419883
 0.23347501 4.31459743 1.05926088 2.54324441 2.64701087 0.11846642
 0.19102752 5.74967512 1.59962068 0.57103163 3.100931   6.94936512
 0.35346372 2.65879099 0.42703545 1.96219483 1.95106202 1.02683398
 2.18928447 0.32229349 0.53751364 5.12524258]
 ||