optimal function value: 44.55872038000001
optimal value: [0. 1. 0. 0. 0. 0. 1. 0. 1. 0. 0. 0. 0. 0. 0. 1.]
status: SUCCESS
 ||[2.91889583e+00 4.65534581e+00 2.50226275e+00 5.90543489e+00
 3.33572691e+00 5.54519849e+00 1.13725314e-01 2.94007927e+00
 2.98341790e+00 4.09664490e+00 2.83902457e+00 7.37360347e-01
 1.49393390e+00 1.56439799e+00 1.73394721e+00 3.63147067e+00
 6.53246154e-02 1.38455356e+00 1.89710011e+00 5.76051286e+00
 2.40522742e+00 1.00266956e+00 2.50402458e+00 8.70975003e-01
 1.93959479e+00 7.96166153e-01 5.44196867e-03 5.47487311e+00
 6.57076023e-01 1.35317089e+00 3.08664011e+00 5.48215238e+00
 9.08637006e-01 6.04049634e+00 1.69409039e+00 4.25813909e+00
 6.43222815e-01 5.91217861e+00]
 ||