optimal function value: 23.895113699999996
optimal value: [1. 0. 0. 0. 0. 0. 1. 0. 0. 0. 0. 1. 0. 1. 0. 0.]
status: SUCCESS
 ||[ 2.47977598  5.08781645  1.42969765  1.76422987 -0.23956719  5.15856176
  1.49617682  4.77351988  1.17095904  4.83982884  0.85264235  5.04345465
  2.29432659  2.60253015  1.69554605  4.28499115  0.60662002  3.47797646
  2.53148791  1.66892338  2.52421645  4.30840434  2.65351481  2.10926927
  0.29307162  5.03024613  2.52786609  2.79759286  0.2954287   1.2389183
  1.99446294  1.83006761  2.9899205   3.69892609  0.62981563  4.11858035
  1.13285513  5.86020615]
 ||