optimal function value: 44.55872038000001
optimal value: [0. 1. 0. 0. 0. 0. 1. 0. 1. 0. 0. 0. 0. 0. 0. 1.]
status: SUCCESS
 ||[2.95627578e+00 5.66272154e+00 2.49801837e+00 5.92429092e+00
 2.32878468e+00 5.79345557e+00 9.37894365e-02 3.92501589e+00
 2.96116478e+00 4.07418706e+00 2.82734798e+00 7.09532582e-01
 1.47848137e+00 1.54943251e+00 1.70758369e+00 3.60777548e+00
 4.27825365e-02 1.36089664e+00 8.77654705e-01 5.75877417e+00
 2.40589825e+00 1.00409800e+00 2.50541282e+00 1.87209632e+00
 1.93897707e+00 7.97872698e-01 4.64722422e-03 5.60599845e+00
 4.45478350e-01 1.35295412e+00 4.08793837e+00 5.48203222e+00
 9.09928462e-01 6.03951311e+00 1.69380114e+00 4.25826252e+00]
 ||