optimal function value: 65.76070403
optimal value: [1. 0. 0. 0. 0. 0. 0. 1. 0. 0. 1. 0. 0. 1. 0. 0.]
status: SUCCESS
 ||[ 1.83258071  3.36816939  1.27646855  3.68035307  1.82052316  0.43180569
 -0.04660805  5.2937882   0.8792972   1.40302405  3.08110004  2.92686512
  2.70123379  2.49582028  2.28766865  1.09217163  2.23474461  6.59487473
  1.67315895  4.65396121  2.14103891  0.32010315  2.38630399  3.73110499
  0.92575172  0.11496207  2.61981113  3.03771562  3.21799859  5.50433795
  2.27746575  5.68043938  1.27720319  4.99011348  1.32748771  5.8503975
  2.62778229  0.67309581  0.38294911  1.61978996]
 ||