optimal function value: 23.895113699999996
optimal value: [1. 0. 0. 0. 0. 0. 1. 0. 0. 1. 0. 0. 0. 0. 0. 1.]
status: SUCCESS
 ||[3.00307192 6.89997157 1.17710741 0.53331336 3.63031317 4.65099822
 2.09965457 1.93291101 1.89985153 3.80974423 1.82379797 0.99370075
 1.35085624 3.47164206 2.26735451 6.24766028 3.06294376 3.4215844
 1.29591659 1.68523428 0.11493236 0.17188775 1.46033264 2.00069987
 1.19387059 5.60223714 1.65152493 3.52305976 0.74229117 0.15121708
 1.02181031 0.85932077 1.60273694 6.27498761 2.11804227 1.14227018
 2.80727919 5.00550431 2.30611002 5.69608254]
 ||