optimal function value: 65.76070403
optimal value: [0. 0. 1. 0. 0. 1. 0. 0. 1. 0. 0. 0. 0. 0. 0. 1.]
status: SUCCESS
 ||[1.45485059 2.34364579 0.43903092 5.4432679  0.02131738 3.15937029
 2.82203373 1.50779944 1.74185287 3.87358189 0.12961894 2.38271966
 2.2092581  2.84207773 2.27696015 0.98876064 0.74899767 0.69650586
 1.5905652  5.80309633 1.85375144 4.86414587 1.20399714 4.68719318
 0.31968131 1.83006572 2.118102   4.55939226 1.32550116 0.55107419
 0.83897909 1.31836916 0.883882   6.08531559 0.6268501  5.56919203
 2.7636948  0.34490752]
 ||