optimal function value: 30.655645410000005
optimal value: [0. 0. 1. 0. 0. 0. 0. 1. 1. 0. 0. 0. 0. 1. 0. 0.]
status: SUCCESS
 ||[1.46482732 5.32316803 2.4425258  1.59796185 1.54908645 2.82530408
 3.04283665 4.95466935 0.29561178 0.1776592  2.62618561 2.71969783
 2.39434417 0.01363887 1.41503583 4.53281247 1.71735729 5.93959536
 2.832121   0.1914565  0.08008445 3.40195454 2.95081682 2.39536127
 0.67989102 2.65233213 0.09128114 1.39263301 1.37524681 3.11499154
 0.73145809 1.45027488 1.6883368  2.8877999  1.91061841 0.13511504
 2.63055546 4.49689777]
 ||