optimal function value: 32.53962615999998
optimal value: [0. 1. 0. 0. 0. 0. 1. 0. 1. 0. 0. 0. 0. 0. 0. 1.]
status: SUCCESS
 ||[0.84872915 5.79877902 3.12272805 6.30409288 1.59587777 2.48626657
 0.45219814 1.37681359 2.32551851 0.81139158 2.69944388 1.30270506
 0.88747454 2.6805536  2.57180996 4.28949914 0.0100846  1.68111544
 0.43225636 5.44569256 2.51645444 5.02648238 2.55412827 4.64128264
 2.93997441 4.94252617 1.77883207 5.31790667 1.5098033  4.73396103
 1.75680768 2.68222931 1.1374037  2.68970832 0.97267293 0.73586516
 2.57522474 5.00802488 3.09366275 5.34693332]
 ||