optimal function value: 30.655645410000005
optimal value: [0. 0. 1. 0. 0. 0. 0. 1. 1. 0. 0. 0. 0. 1. 0. 0.]
status: SUCCESS
 ||[1.42270027e+00 5.32202004e+00 3.39927217e+00 2.60138726e+00
 1.55778436e+00 2.82306302e+00 3.04238691e+00 4.95494250e+00
 2.95259154e-01 1.75293560e-01 2.62657328e+00 2.72093577e+00
 3.39498611e+00 3.28399832e-03 1.39122253e+00 4.52567174e+00
 7.11354981e-01 5.93875918e+00 2.83140815e+00 1.89927795e-01
 7.73597165e-02 3.39793765e+00 2.95310643e+00 2.39224482e+00
 6.80526239e-01 2.65415034e+00 9.14621162e-02 1.39339682e+00
 1.38105249e+00 3.10004310e+00 7.31397017e-01 1.45017552e+00
 7.09544683e-01 2.87568402e+00 9.10779822e-01 1.35622400e-01]
 ||