optimal function value: 48.13067508999998
optimal value: [1. 0. 0. 0. 0. 0. 1. 0. 0. 1. 0. 0. 0. 0. 0. 1.]
status: SUCCESS
 ||[1.56969238 4.15537847 1.05084161 1.24407191 1.53762473 4.10295943
 1.5083651  2.98581801 0.75976968 1.57351307 2.15586378 2.03606838
 2.12397342 4.94574531 2.70623641 5.91641738 0.73655339 1.49024494
 2.31452862 3.6298061  0.63380033 4.25533707 2.74442545 5.25175884
 0.67896622 1.87934659 0.02125568 6.12945138 0.69374412 4.56815189
 1.69075614 3.728395   1.65392784 5.18772283 1.88513341 1.90450176
 0.36028943 2.99951445 2.89944092 0.91223464]
 ||