optimal function value: 84.11755562999997
optimal value: [0. 1. 0. 0. 0. 0. 1. 0. 1. 0. 0. 0. 0. 0. 0. 1.]
status: SUCCESS
 ||[3.15209272 5.93049428 1.63226083 3.21531037 1.23642461 6.26341694
 0.91038464 0.95000143 0.82063308 1.63499716 1.02717268 1.68391368
 0.33651986 2.04399045 0.97632297 3.57530724 0.63227941 0.44336267
 0.63535643 3.40717854 1.22016341 4.60603515 2.52220574 3.60270979
 0.31213492 4.57494254 2.37373657 2.4877065  2.06865422 1.87852371
 2.87379944 5.23868773 2.48830343 5.99370557 0.73124047 3.42591973
 2.2964229  5.03623387]
 ||