optimal function value: 23.895113699999996
optimal value: [1. 0. 0. 0. 0. 0. 1. 0. 0. 0. 0. 1. 0. 1. 0. 0.]
status: SUCCESS
 ||[ 1.85949595  4.49930975  1.22121896  3.83939847  1.87386416  0.43909331
 -0.05883377  5.29819245  0.85819851  1.35730186  3.27605338  2.84542513
  2.48381761  3.03278216  3.13747513  0.84043079  1.90290579  5.16939718
  1.57721068  4.54046772  2.10821644  0.46408387  2.6857187   4.06243112
  1.16176617  0.17927825  2.70921155  2.95393816  3.25372324  5.49813221
  2.22575774  5.7763743   1.21757828  5.01448328  1.37972654  5.87785764
  2.74799398  0.58961372  0.4158011   1.35200706]
 ||