optimal function value: 44.55872038000001
optimal value: [0. 1. 0. 0. 0. 0. 1. 0. 1. 0. 0. 0. 0. 0. 0. 1.]
status: SUCCESS
 ||[1.73988638 0.65157196 1.24738892 0.96776673 0.20704111 2.51506597
 2.87920617 5.02141601 2.40664679 1.40275524 1.68154945 1.73221796
 0.53379729 0.66351255 0.68317807 6.83451752 2.59642444 5.05284855
 2.50253709 1.20560261 0.97339913 3.92917787 2.28899868 5.3541061
 2.73344647 0.55606694 1.86350837 4.21079785 1.54883472 1.11320101
 1.45047763 0.54369536 2.90513692 5.42171681 1.91096698 2.02006115
 2.85265403 3.59451498 2.77040345 5.32682835]
 ||