optimal function value: 32.53962615999998
optimal value: [0. 1. 0. 0. 0. 0. 1. 0. 1. 0. 0. 0. 0. 0. 0. 1.]
status: SUCCESS
 ||[2.95926078e+00 5.66545277e+00 2.48996282e+00 5.92183594e+00
 2.32098445e+00 5.78946008e+00 8.75836504e-02 2.92241123e+00
 2.96274390e+00 4.05876212e+00 2.81667939e+00 7.11002288e-01
 1.47152968e+00 1.60348442e+00 1.70843587e+00 3.60443636e+00
 3.90523592e-02 1.36141954e+00 8.80112829e-01 6.75969041e+00
 2.40615484e+00 1.00314709e+00 2.50435775e+00 8.70895862e-01
 2.94022312e+00 7.94345610e-01 2.21453899e-03 5.47147529e+00
 6.55916562e-01 1.34970382e+00 3.08562073e+00 5.48121318e+00
 9.01226651e-01 6.03830757e+00 1.69205296e+00 4.26022818e+00]
 ||