optimal function value: 44.55872038000001
optimal value: [0. 1. 0. 0. 0. 0. 1. 0. 1. 0. 0. 0. 0. 0. 0. 1.]
status: SUCCESS
 ||[2.95966541 5.66304859 2.50086327 5.92125329 2.32454869 5.79503807
 0.09099737 2.92546838 2.96335037 4.07829912 2.83041341 0.71111299
 1.47366282 1.54877606 1.70875427 4.60623921 0.04170342 1.36177113
 0.87796232 5.75596594 2.40586879 1.00306826 2.50422189 0.87193028
 1.93980402 0.79542541 0.0061605  5.47586292 0.65763347 1.35377049
 3.08632351 5.48138455 0.90896152 6.04110497 1.69385159 4.25844119
 0.64374894 5.91236137]
 ||