optimal function value: 23.895113699999996
optimal value: [0. 0. 0. 1. 0. 1. 0. 0. 1. 0. 0. 0. 0. 0. 1. 0.]
status: SUCCESS
 ||[0.71372839 7.04619934 0.39754025 4.44255352 0.26746653 1.55551707
 3.13471261 1.31485346 2.01260952 2.87093894 1.44790998 3.10952348
 0.60323523 5.21778646 0.27849913 1.47228921 0.06268909 1.68144201
 1.28092868 5.66843917 1.19016302 0.71391307 0.81104987 6.22976011
 0.19695514 3.89869121 1.1824274  4.16862127 1.07921545 4.33693593
 1.54043037 4.08268242 2.83200165 3.6548691  0.44658776 0.40546757
 2.97217488 3.07100446]
 ||