optimal function value: 48.13067508999998
optimal value: [0. 0. 1. 0. 1. 0. 0. 0. 0. 1. 0. 0. 0. 0. 0. 1.]
status: SUCCESS
 ||[1.3641192  4.3492241  2.10495736 0.87867871 0.0324234  2.38018722
 0.88088986 5.11087576 2.18790901 3.79915386 1.75245122 4.14664916
 0.48126763 2.6076707  0.33017038 5.70780474 0.20829829 5.16832639
 0.2541152  4.33090535 1.07721753 2.56170321 3.66462564 0.11778848
 0.19190528 5.74992282 1.59786151 0.5709597  3.10155982 5.94872259
 0.3556259  2.66153143 0.42651049 1.96336439 1.9528105  1.02828592
 3.18911969 0.32688793]
 ||