optimal function value: 65.76070403
optimal value: [0. 0. 1. 0. 0. 0. 0. 1. 1. 0. 0. 0. 0. 1. 0. 0.]
status: SUCCESS
 ||[2.49010129e+00 5.16375353e+00 1.52265653e+00 1.64258793e+00
 3.84325574e-03 4.16020629e+00 1.48043920e+00 5.77362826e+00
 1.16837723e+00 4.83655719e+00 8.56650430e-01 5.10805838e+00
 2.18713615e+00 2.60166347e+00 1.69296118e+00 4.28518047e+00
 6.05432992e-01 3.47849686e+00 2.53142466e+00 1.66889147e+00
 2.52387832e+00 4.30845946e+00 2.65232383e+00 2.10805798e+00
 2.92714622e-01 5.02778374e+00 2.52791097e+00 2.79649305e+00
 2.93951269e-01 1.24031566e+00 1.99434528e+00 1.82868750e+00
 2.98891180e+00 3.69751820e+00 6.31690028e-01 3.99214764e+00]
 ||