optimal function value: 65.76070403
optimal value: [1. 0. 0. 0. 0. 0. 0. 1. 0. 0. 1. 0. 0. 1. 0. 0.]
status: SUCCESS
 ||[3.48593128e+00 5.15834900e+00 1.52151586e+00 2.64376220e+00
 6.42127468e-04 5.16451531e+00 1.48040904e+00 4.77496089e+00
 1.17290264e+00 4.83485446e+00 1.85785272e+00 5.04090275e+00
 2.29407059e+00 2.60020093e+00 1.69080376e+00 4.28422751e+00
 6.05850806e-01 3.47871518e+00 2.52916192e+00 2.66872413e+00
 2.52359999e+00 4.30819822e+00 2.65139528e+00 2.10887562e+00
 2.92877769e-01 5.02831878e+00 2.52795439e+00 2.79627304e+00
 2.94819234e-01 1.23838988e+00 1.99398170e+00 1.82968521e+00]
 ||