optimal function value: 30.655645410000005
optimal value: [0. 0. 1. 0. 0. 1. 0. 0. 1. 0. 0. 0. 0. 0. 0. 1.]
status: SUCCESS
 ||[2.3952255  4.00657356 3.83388412 3.93117788 1.59179742 3.6807684
 1.58800019 3.20522524 1.97075518 4.97675492 0.29328791 1.90110733
 0.27198025 5.08336671 2.17302352 0.25196482 3.07513799 6.05932428
 2.02895174 3.85503451 0.49489428 0.07770898 1.62495717 0.37227611
 0.59300489 1.51368149 0.08522514 2.90409012 1.3762896  5.29087132
 1.62067382 4.01742962 1.56811949 4.15063096 1.4269413  1.73656557
 3.12181855 6.24278583 2.62190665 4.44427078]
 ||