optimal function value: 48.13067508999998
optimal value: [1. 0. 0. 0. 0. 0. 1. 0. 0. 0. 0. 1. 0. 1. 0. 0.]
status: SUCCESS
 ||[2.01798719 1.94790108 2.05002434 0.47321863 1.68559225 3.29816822
 0.18301452 3.19225871 0.12231068 2.72992651 0.21654621 0.57018383
 1.32848001 5.19620419 0.38737221 1.40815819 1.96505477 5.95456367
 1.81154458 2.49029786 3.06725476 1.29285872 2.69784856 1.82020119
 0.45206547 0.7396915  0.96947033 5.12681074 0.56613895 3.65395254
 2.00667855 2.34064073 1.71970693 0.3938524  0.18640238 1.29473994
 2.13718398 2.68452549]
 ||