optimal function value: 30.655645410000005
optimal value: [0. 0. 1. 0. 0. 1. 0. 0. 1. 0. 0. 0. 0. 0. 0. 1.]
status: SUCCESS
 ||[2.49518105e+00 5.16641069e+00 1.52805242e+00 2.63447763e+00
 1.34310775e-03 4.16257675e+00 1.47242193e+00 4.76621684e+00
 2.17211645e+00 4.84001941e+00 8.53688991e-01 5.04976068e+00
 2.27359131e+00 2.59469342e+00 1.69353623e+00 4.29051835e+00
 6.05417664e-01 3.48128731e+00 2.75789054e+00 1.73518706e+00
 2.49746813e+00 4.28319713e+00 2.62670912e+00 2.08251529e+00
 2.45162241e-01 4.99796981e+00 2.50546273e+00 2.76925415e+00
 2.69279357e-01 2.21457389e+00 1.99711710e+00 1.82905623e+00
 2.98760974e+00 3.70020519e+00 6.32613100e-01 4.11802887e+00
 1.04757440e+00 5.95322287e+00]
 ||