optimal function value: 30.655645410000005
optimal value: [0. 0. 1. 0. 0. 1. 0. 0. 1. 0. 0. 0. 0. 0. 0. 1.]
status: SUCCESS
 ||[2.45544214e+00 2.34532685e+00 4.35492049e-01 5.44448604e+00
 3.74668358e-03 4.15906114e+00 2.82856405e+00 5.08273657e-01
 1.73988606e+00 3.87282314e+00 1.26206728e-01 2.38145100e+00
 3.20974532e+00 2.84046686e+00 2.27780769e+00 9.63296554e-01
 7.57711324e-01 6.96901221e-01 2.59048971e+00 5.80452853e+00
 1.85499548e+00 4.86465778e+00 1.20529352e+00 4.68798047e+00
 3.19813799e-01 1.82936721e+00 2.11810569e+00 4.55981600e+00
 1.32490850e+00 5.51398381e-01 8.38332709e-01 1.31923189e+00
 8.83885920e-01 5.08742049e+00 6.25566939e-01 5.56945084e+00
 2.76292388e+00 3.44577810e-01 1.19028557e+00 3.09135575e+00]
 ||