optimal function value: 65.76070403
optimal value: [1. 0. 0. 0. 0. 1. 0. 0. 0. 0. 1. 0. 0. 0. 0. 1.]
status: SUCCESS
 ||[3.49254217e+00 5.16342539e+00 1.52361382e+00 1.64406785e+00
 1.36529413e-03 4.16475028e+00 2.47699320e+00 4.77368354e+00
 1.17088473e+00 4.83881210e+00 8.56558266e-01 5.04003407e+00
 2.29336649e+00 2.59381174e+00 1.68577636e+00 4.28682536e+00
 6.03952370e-01 3.46982642e+00 2.55663954e+00 1.67333702e+00
 2.52062392e+00 4.30740879e+00 2.65141477e+00 2.10800258e+00
 2.91615674e-01 5.02860114e+00 2.52767993e+00 2.79868230e+00
 2.95022346e-01 1.23930683e+00 1.99408011e+00 1.82997494e+00
 2.98791409e+00 3.69816474e+00 6.30298687e-01 5.11854394e+00
 1.13142311e+00 5.86070525e+00 2.85665323e+00 3.23168469e+00]
 ||