optimal function value: 48.13067508999998
optimal value: [1. 0. 0. 0. 0. 0. 1. 0. 0. 1. 0. 0. 0. 0. 0. 1.]
status: SUCCESS
 ||[ 1.56692499  4.17812324  1.03033194  2.23101605  1.52958334  3.02223584
  1.52978186  2.87218592  0.79135628  1.82464344  2.61754037  2.08464505
  2.14470167  4.91321459  2.71081723  5.88941529  0.74408359  1.49730899
  3.28061662  3.61636341  1.91596261  4.30764709  3.74359315  5.17369176
  0.587274    2.33546702 -0.06355863  6.12420034  0.68067683  4.55685639
  1.67454326  3.6592919   1.6374295   5.17600683  1.88063177  1.89865858
  0.35119709  2.99844611]
 ||