optimal function value: 32.53962615999998
optimal value: [0. 1. 0. 0. 0. 0. 1. 0. 1. 0. 0. 0. 0. 0. 0. 1.]
status: SUCCESS
 ||[ 5.68438913e-01  4.57321536e+00  1.58492862e+00  7.17204704e-01
  2.04091195e+00  3.08258225e+00  1.49606475e+00  3.88096766e+00
  8.04567849e-01  1.56087851e+00  2.15655952e+00  2.02940873e+00
  2.10049685e+00  4.94543665e+00  3.72275444e+00  5.91127943e+00
  7.37297177e-01  1.46612058e+00  2.29957561e+00  4.61698320e+00
  5.88089122e-01  4.24571524e+00  2.72186015e+00  5.23900776e+00
  6.76853685e-01  1.85145796e+00 -4.48340317e-03  6.12119956e+00
  6.58373711e-01  4.55776735e+00  1.66131700e+00  3.70914317e+00]
 ||