optimal function value: 32.53962615999998
optimal value: [0. 1. 0. 0. 0. 0. 1. 0. 1. 0. 0. 0. 0. 0. 0. 1.]
status: SUCCESS
 ||[1.74731904 4.4209995  1.16255912 3.79538546 1.9657762  0.41178696
 0.04161788 5.2622293  0.81208549 1.47487698 3.1257981  2.95482666
 2.62840347 2.99418125 2.00823892 0.94772656 1.99380014 5.45417609
 1.64331919 4.65848894 3.11007937 0.40170097 3.3829467  3.71489152
 0.94754451 0.19179324 2.72175094 2.95953567 2.25931262 5.52172375
 2.24532868 5.78850948 1.2418303  5.03377483 1.39873551 5.87999049
 2.75643241 1.62042393]
 ||