optimal function value: 44.55872038000001
optimal value: [0. 1. 0. 0. 0. 0. 1. 0. 1. 0. 0. 0. 0. 0. 0. 1.]
status: SUCCESS
 ||[ 4.00152242e+00  4.20388808e+00  3.43496837e+00  5.51606192e+00
  6.46054145e-01  3.94865711e+00  2.60761942e+00  5.41586932e+00
  1.67980423e+00  2.07529188e+00  1.14685882e+00  6.03369890e+00
 -7.98923933e-04  1.89559097e+00  2.80592614e+00  2.69214971e+00
  4.78638784e-01  1.84471735e+00  2.80641712e+00  1.97215660e+00
  1.34213275e+00  3.84585845e+00  3.56366493e+00  2.85636800e+00
  1.68400010e-01  3.29951462e+00  1.06700855e-01  3.35037896e-01
  4.01186755e-01  4.08931454e+00  7.97869008e-01  4.21567230e+00
  3.75090850e-01  1.73960238e+00 -4.99594167e-02  4.21253856e+00
  2.61313424e+00  2.38205459e+00  5.42530326e-01 -7.98648771e-02]
 ||