optimal function value: 48.13067508999998
optimal value: [1. 0. 0. 0. 0. 0. 1. 0. 0. 0. 0. 1. 0. 1. 0. 0.]
status: SUCCESS
 ||[3.00081    6.95580702 1.21452519 1.4835796  2.62445962 5.62392027
 3.10397915 1.9377078  1.90130713 4.75179204 1.81938722 1.00389576
 1.34066323 2.46811293 2.26823167 6.25039735 2.98190733 3.41988079
 1.39748835 2.68513348 0.11198889 0.17264441 1.46072094 2.00197927
 1.19462198 5.60407171 1.65276232 3.52167817 0.74148625 0.15024173
 1.02136466 0.85863749 1.60306639 6.27498852 2.11938561 1.14179114
 2.80930212 5.00538716 2.30672304 5.69657944]
 ||