optimal function value: 30.655645410000005
optimal value: [1. 0. 0. 0. 0. 0. 0. 1. 0. 0. 1. 0. 0. 1. 0. 0.]
status: SUCCESS
 ||[0.73359213 3.20703216 1.29400556 3.79849731 2.96377838 0.41236636
 0.04241522 5.26196967 1.81782388 1.47355971 3.12864024 2.95743361
 2.6394672  2.99285665 2.00842685 0.9437834  1.994325   5.45431112
 1.64344591 4.65851116 2.11117238 0.3998708  2.38061635 3.71509769
 0.94678068 0.19388202 2.719599   2.96979969 2.2598275  5.52256063
 2.24140453 5.78907912 1.23750424 5.02983484 1.40851971 5.87019765
 2.77455826 1.59888963]
 ||