optimal function value: 44.55872038000001
optimal value: [0. 1. 0. 0. 0. 0. 1. 0. 1. 0. 0. 0. 0. 0. 0. 1.]
status: SUCCESS
 ||[1.66297662 4.94859668 1.65874553 3.21485712 1.26075699 6.28894662
 0.93352215 0.95377432 0.84213926 1.66253087 1.05202016 1.70715371
 0.36285311 2.07270794 0.99764438 3.60102334 0.66000144 0.47224475
 0.66096173 4.46725088 1.1833957  4.57289997 2.48931288 2.5680738
 0.27489673 4.53857259 2.33675709 2.45370666 2.03121925 1.84313827
 2.83761224 5.2033284  2.44981108 5.96023024 0.69540794 3.3930232
 3.26057562 6.03522302 1.22960384 0.87153203]
 ||