optimal function value: 65.76070403
optimal value: [1. 0. 0. 0. 0. 0. 0. 1. 0. 0. 1. 0. 0. 1. 0. 0.]
status: SUCCESS
 ||[1.74525434 3.41161035 2.15516103 3.78280097 1.98583756 0.39454832
 0.03437232 5.26593468 0.81110367 1.46945279 3.13054502 2.95447631
 2.62913441 3.0072593  1.99560591 0.93139557 2.01495337 6.45387918
 1.64240464 4.65773745 2.10873942 0.40091302 3.3818288  3.71404032
 0.94728458 0.19497426 2.7187743  2.9700698  2.25814588 5.52222839
 2.24376448 5.78874629 1.24059062 5.03250083 1.39570973 5.8779778
 2.76148958 0.61212214]
 ||