optimal function value: 30.655645410000005
optimal value: [1. 0. 0. 0. 0. 1. 0. 0. 0. 0. 1. 0. 0. 0. 0. 1.]
status: SUCCESS
 ||[4.03174026 0.07190883 2.31158654 0.99042789 3.11504547 0.12750352
 2.76281141 4.28188594 3.69333865 6.28203861 0.7580742  2.12344445
 2.22075982 1.76379718 0.82847232 1.43614461 2.69510272 5.49334931
 2.50679375 1.40215547 2.90611099 3.21239278 0.72761771 2.86182546
 1.31905201 0.4957122  1.77450535 2.26068078 1.78998888 5.84419129
 2.02834527 2.54453544 2.71176502 6.25476389 1.5390428  5.93970828
 0.06034595 0.87950903 0.5367615  5.77405981]
 ||