optimal function value: 44.55872038000001
optimal value: [0. 1. 0. 0. 0. 0. 1. 0. 1. 0. 0. 0. 0. 0. 0. 1.]
status: SUCCESS
 ||[4.02299926 0.09756533 2.36241702 0.98467517 3.12667024 1.13768509
 2.80082759 4.27703537 2.73168954 6.32929618 0.81026717 2.11445831
 2.19464755 1.76956849 0.8658376  1.42257293 2.58480615 5.46080105
 2.51805105 1.41394644 2.99743747 3.22078057 1.15085448 3.09264526
 1.33518229 0.18407893 1.69950272 2.11736571 2.75886123 5.88837536
 2.03360914 2.50096864 2.64666651 6.33333694 1.50703302 5.96236461
 0.11335938 0.80773597 0.39162271 5.8229165 ]
 ||