optimal function value: 48.13067508999998
optimal value: [0. 0. 0. 1. 0. 1. 0. 0. 1. 0. 0. 0. 0. 0. 1. 0.]
status: SUCCESS
 ||[1.74679855 3.42267293 2.16274503 3.79488896 1.96728041 0.41038084
 0.04104871 5.25756184 0.81805003 1.47136579 4.13366973 2.95148601
 2.62786483 2.99010622 1.99851617 0.94145068 1.99463499 5.45499692
 1.64393872 4.65698187 2.10468193 0.41024545 2.3851683  3.71585765
 0.94604002 0.19487531 2.72062494 2.97051291 3.2584229  5.52252535
 2.24495498 5.78950185 1.24242199 5.03612301 1.4028242  5.88124019
 2.7660257  0.61217435 0.42772502 1.36380396]
 ||