optimal function value: 30.655645410000005
optimal value: [1. 0. 0. 0. 0. 1. 0. 0. 0. 0. 1. 0. 0. 0. 0. 1.]
status: SUCCESS
 ||[1.57631229 4.14979898 1.05078266 1.23773936 1.52923076 3.0978582
 1.49628245 2.89342236 0.83912932 2.58531023 2.16137039 2.04142823
 2.12390995 4.94262539 2.72671225 5.94651862 0.73468886 1.48448189
 3.30875189 3.61857692 0.64085314 4.26550441 2.76192576 5.25162565
 0.67636416 1.87593189 1.02070666 6.12967773 0.68844287 4.56737344
 1.6888705  3.72788883 1.65517984 5.18716573 1.88287099 1.90402775
 0.35948246 2.99948043]
 ||