optimal function value: 23.895113699999996
optimal value: [0. 0. 0. 1. 0. 1. 0. 0. 1. 0. 0. 0. 0. 0. 1. 0.]
status: SUCCESS
 ||[2.0184777  1.94808113 2.04385877 0.45398887 2.68279686 2.29782958
 0.18216722 3.19023009 0.1195826  2.72431938 0.22070025 0.56962258
 1.33686619 6.1924621  0.39439174 1.40293244 1.96777767 5.95446023
 1.81351684 2.49278114 3.0681407  0.29265997 2.69589199 1.81946176
 0.45293015 0.74072408 0.96840205 5.12783259 0.56732813 3.65350572
 2.00776532 2.34021586 1.72007776 0.39425425 0.18764632 1.29295851
 2.2598142  2.6605014 ]
 ||