optimal function value: 32.53962615999998
optimal value: [0. 1. 0. 0. 0. 0. 1. 0. 1. 0. 0. 0. 0. 0. 0. 1.]
status: SUCCESS
 ||[1.74593883 3.4167482  0.93760345 3.85896811 1.96569656 0.46543736
 0.09689289 6.31359013 0.81482958 1.44661787 3.12756304 2.97040585
 2.62881029 2.99306609 2.00870232 0.94624701 1.99335949 5.45372115
 1.64406032 4.65789602 2.10877964 0.40101345 2.38174779 3.71254763
 0.94506052 0.19588171 2.7206804  2.97074158 2.25934921 5.52061829
 2.24294574 5.79158963]
 ||optimal function value: 32.53962615999998
optimal value: [0. 1. 0. 0. 0. 0. 1. 0. 1. 0. 0. 0. 0. 0. 0. 1.]
status: SUCCESS
 ||[1.74593883 3.4167482  0.93760345 3.85896811 1.96569656 0.46543736
 0.09689289 6.31359013 0.81482958 1.44661787 3.12756304 2.97040585
 2.62881029 2.99306609 2.00870232 0.94624701 1.99335949 5.45372115
 1.64406032 4.65789602 2.10877964 0.40101345 2.38174779 3.71254763
 0.94506052 0.19588171 2.7206804  2.97074158 2.25934921 5.52061829
 2.24294574 5.79158963]
 ||