optimal function value: 44.55872038000001
optimal value: [0. 1. 0. 0. 0. 0. 1. 0. 1. 0. 0. 0. 0. 0. 0. 1.]
status: SUCCESS
 ||[1.80120528e+00 2.71507217e+00 1.80892390e+00 8.04134141e-01
 3.46619127e+00 5.14100042e+00 2.02246615e+00 9.93456412e-01
 1.79823849e+00 2.03911786e+00 1.25492345e+00 5.98571537e+00
 3.12387077e+00 2.79203866e-01 3.70362434e+00 3.79000226e+00
 1.19700022e+00 1.77801542e+00 3.12130723e+00 2.86829215e+00
 2.15240285e+00 4.15783648e+00 4.11686050e-01 4.82008264e+00
 3.08212014e+00 6.08480824e+00 2.93047431e+00 2.68392263e-01
 4.30574562e-03 8.31650222e-01]
 ||