optimal function value: 23.895113699999996
optimal value: [1. 0. 0. 0. 0. 0. 1. 0. 0. 0. 0. 1. 0. 1. 0. 0.]
status: SUCCESS
 ||[1.56895062 5.16647685 1.05784271 2.25596037 1.53746867 3.09876498
 1.50743843 2.88435265 0.88386401 1.58202039 2.16466502 2.03480299
 2.11945003 4.94665967 2.71425166 5.93831781 0.89477108 1.31560911
 2.31495936 3.61444108 1.63073081 4.25667449 2.74177218 6.25152614
 0.67886689 1.87709936 0.02072219 6.13018764 0.69105013 4.56860877
 1.68922708 3.72832409 1.65375325 5.18699832 1.88360896 1.90493878
 0.361427   2.99949168]
 ||