optimal function value: 32.53962615999998
optimal value: [0. 1. 0. 0. 0. 0. 1. 0. 1. 0. 0. 0. 0. 0. 0. 1.]
status: SUCCESS
 ||[2.13628599 4.01733144 1.31080165 3.80966011 1.28936927 4.1147104
 0.83046132 3.98883387 0.02695001 1.91253137 1.04900678 0.88738527
 2.33123232 1.95056243 2.47587573 6.01028475 0.79712105 5.61774279
 2.5260582  4.18296104 0.09229019 2.86947    1.96872174 1.86220757
 0.70469027 1.94492315 1.81063271 4.94990746 1.09226435 2.65764322
 2.02001435 5.95770101 0.91939097 0.27481353 3.06125146 5.23007808
 2.48417074 3.28839466 0.73707781 1.9693677 ]
 ||