optimal function value: 32.53962615999998
optimal value: [0. 1. 0. 0. 1. 0. 0. 0. 0. 0. 1. 0. 0. 0. 0. 1.]
status: SUCCESS
 ||[4.00334193 5.95477686 0.17983997 0.53240481 2.62522869 4.62706732
 2.10321808 1.93883484 1.90337889 3.81169327 1.8256897  1.99399742
 1.35333462 2.4696407  2.27059012 6.25570768 2.98069202 3.4188968
 1.3969429  1.68642424 0.11315804 0.17204162 1.45945841 2.0001862
 1.19102272 5.60485897 1.64817991 3.52196024 0.74194873 0.14988102
 2.02302501 2.0991317  1.60358642 6.27523008 2.19458255 1.14180664
 2.80749236 6.00551861]
 ||