optimal function value: 23.895113699999996
optimal value: [1. 0. 0. 0. 0. 0. 1. 0. 0. 0. 0. 1. 0. 1. 0. 0.]
status: SUCCESS
 ||[ 5.82636675e-01  4.13628996e+00  1.06568354e+00  1.21385048e+00
  1.56171111e+00  3.15517240e+00  1.99581863e+00  3.88210823e+00
  8.17939641e-01  1.59295861e+00  2.16372167e+00  2.02157316e+00
  3.12040857e+00  4.94337852e+00  3.70496886e+00  5.92002338e+00
  7.26431292e-01  1.49127966e+00  2.30802721e+00  3.60094584e+00
  6.22561342e-01  4.22752791e+00  2.74460381e+00  5.21017237e+00
  6.67590469e-01  1.85880502e+00 -4.88403244e-03  6.10371872e+00
  6.74085047e-01  4.55312541e+00  1.67447445e+00  3.71400347e+00
  1.65268518e+00  5.15993011e+00  1.86818182e+00  1.90350691e+00]
 ||