optimal function value: 30.655645410000005
optimal value: [0. 0. 1. 0. 0. 1. 0. 0. 1. 0. 0. 0. 0. 0. 0. 1.]
status: SUCCESS
 ||[1.50693062 4.13182985 2.13584637 1.88927583 0.0393974  2.37335418
 0.82649344 5.09874565 2.11915822 3.78643326 1.74022096 4.20662548
 0.47874698 2.79301194 0.50741615 5.66081165 0.19164132 5.14915326
 0.23733409 4.32061004 1.06463253 3.5480267  2.64614469 0.11628701
 0.19074494 5.74858789 1.59866875 0.57086771 3.10196447 5.9473836
 0.35238181 2.65814634 0.4232706  1.96332851 1.95228392 1.02619254
 2.18894524 0.32410814 0.53372236 5.12550443]
 ||