optimal function value: 23.895113699999996
optimal value: [0. 0. 0. 1. 0. 1. 0. 0. 1. 0. 0. 0. 0. 0. 1. 0.]
status: SUCCESS
 ||[1.45384572 2.34706515 1.4376939  5.4419699  0.04182422 3.18618075
 2.81168647 0.51553912 1.7260751  3.87471845 0.1173066  2.38037589
 2.30251308 2.75268319 2.2785527  0.98673834 0.75814672 0.68484821
 1.59160904 5.76601602 1.86151926 5.11673763 1.20505153 4.68709673
 0.31782967 1.82864056 2.11653637 4.55821882 1.32451143 0.55059534
 0.83707237 1.31847653 0.88206839 5.08564351 0.62596502 5.56941575
 2.76007767 0.34408074 1.18856221 3.08849562]
 ||