optimal function value: 44.55872038000001
optimal value: [0. 1. 0. 0. 0. 0. 1. 0. 1. 0. 0. 0. 0. 0. 0. 1.]
status: SUCCESS
 ||[2.42112221 3.51520407 2.91241831 3.92357177 1.60342685 3.68687535
 0.58806459 3.21467181 1.98254577 4.97006455 0.18332246 1.90417939
 0.50466033 5.07375903 2.16852067 0.24614666 3.0736997  6.04492831
 2.04014988 3.85606066 0.4856807  1.07010902 1.67539913 0.38464731
 0.58850349 1.76014595 0.02909989 2.9126166  1.38068571 5.28999837
 1.62903278 4.01958661 1.56800795 4.16102177 1.43630282 1.74463486
 3.13372092 6.25144356 2.63629406 4.44600107]
 ||