optimal function value: 23.895113699999996
optimal value: [1. 0. 0. 0. 0. 0. 1. 0. 0. 0. 0. 1. 0. 1. 0. 0.]
status: SUCCESS
 ||[2.95654634e+00 5.66019120e+00 2.49864911e+00 6.92146571e+00
 2.32452544e+00 5.79589239e+00 8.95305772e-02 2.92556489e+00
 2.96223980e+00 4.07758983e+00 2.83004340e+00 1.71420112e+00
 1.47634330e+00 1.54942891e+00 1.70830200e+00 3.60480197e+00
 4.18357606e-02 1.36384772e+00 8.78975791e-01 5.75768609e+00
 2.40433035e+00 1.11043942e+00 2.44251057e+00 8.71894266e-01
 1.93919646e+00 7.96316770e-01 5.16265189e-03 5.47519512e+00
 6.57910502e-01 1.35397760e+00 3.08525049e+00 5.48103872e+00
 9.08120738e-01 6.04066590e+00 1.69336094e+00 4.26147571e+00
 6.43504913e-01 5.91253118e+00 2.16938258e+00 6.07381071e+00]
 ||