optimal function value: 23.895113699999996
optimal value: [1. 0. 0. 0. 0. 0. 1. 0. 0. 0. 0. 1. 0. 1. 0. 0.]
status: SUCCESS
 ||[1.55977734 4.16360669 0.99220343 2.24194462 1.54042158 3.12529189
 1.50477718 2.88200184 0.8324087  1.59878391 2.15870637 2.03045637
 2.11838475 4.94781442 2.72287143 5.93630323 0.73422024 1.49207979
 2.30681184 3.61379048 0.63599734 4.25555993 2.74183056 5.2540152
 0.7667648  1.79190871 0.02024216 6.12905002 0.69166577 4.5686371
 1.68991824 3.72762103 1.65453208 5.18622529 1.88467091 1.90501325
 0.36135471 2.99896259]
 ||