optimal function value: 23.895113699999996
optimal value: [1. 0. 0. 0. 0. 0. 1. 0. 0. 1. 0. 0. 0. 0. 0. 1.]
status: SUCCESS
 ||[2.40970077 3.50476317 2.91969457 3.92885678 1.73765328 3.68961823
 0.57747541 3.29293598 1.97327125 4.98016967 0.49666433 1.90225097
 0.27458156 5.08054905 2.17343713 0.25731245 3.10034343 6.05770312
 2.05123809 3.76521391 0.49462701 0.08900923 1.65388977 0.36702966
 0.59383909 1.51890052 0.09162035 2.91206329 1.37984343 5.29087706
 1.62847509 4.01836175 1.5680381  4.16000483 1.43453052 1.74129383
 3.13189072 6.25192608 2.63896695 4.4430567 ]
 ||