optimal function value: 23.895113699999996
optimal value: [1. 0. 0. 0. 0. 0. 1. 0. 0. 0. 0. 1. 0. 1. 0. 0.]
status: SUCCESS
 ||[3.84481705 4.31136529 2.40800188 5.68382021 0.81738607 3.99396543
 2.84259963 5.4817872  1.79895904 1.06324017 2.29278166 6.24582631
 0.30834862 2.02849188 2.98912926 2.8172553  0.65367827 2.00751322
 2.89041783 1.95854064 1.34326809 3.94289619 2.53080538 3.09134517
 0.25603015 3.60188751 0.10959243 0.59325691 0.59689256 4.35694303
 0.89032996 4.33714361 0.5133974  0.73969668 0.07350327 4.43538098
 2.699161   1.38054785 0.74617753 0.08195351]
 ||