optimal function value: 30.655645410000005
optimal value: [0. 0. 1. 0. 0. 1. 0. 0. 1. 0. 0. 0. 0. 0. 0. 1.]
status: SUCCESS
 ||[1.56945648 4.16009706 1.02907262 1.24622903 1.51615656 3.1083341
 1.50250758 2.89386136 0.83162105 1.5980838  2.1820408  2.02881663
 2.11027584 4.98350574 2.72443812 5.93897136 0.70581743 1.4653321
 2.30918308 3.6435608  0.63771856 5.26530406 2.74364937 5.25144784
 0.67965285 1.87884213 0.02728358 6.12393122 0.69137815 4.56728653
 1.69081129 3.72918556 1.6554329  5.18740921 1.88527932 1.90505562
 0.36092546 3.00032258 2.89917581 0.91207365]
 ||