optimal function value: 48.13067508999998
optimal value: [0. 1. 0. 0. 0. 0. 0. 1. 1. 0. 0. 0. 0. 0. 1. 0.]
status: SUCCESS
 ||[1.96161378e+00 5.66007585e+00 2.49919914e+00 5.92294344e+00
 2.32191019e+00 5.79682831e+00 8.92282671e-02 2.92570245e+00
 2.96582055e+00 4.08209696e+00 2.82680583e+00 1.71189025e+00
 1.47322655e+00 1.55099402e+00 1.70573841e+00 3.60762907e+00
 4.39685344e-02 1.36000222e+00 8.77775948e-01 5.75848706e+00
 2.40534244e+00 1.00296351e+00 2.50588125e+00 8.75478083e-01
 1.93714738e+00 7.96838390e-01 3.56352590e-03 5.47299003e+00
 6.57524687e-01 2.35369277e+00 3.08542008e+00 5.48125367e+00
 9.08557846e-01 6.04064638e+00]
 ||