optimal function value: 65.76070403
optimal value: [1. 0. 0. 0. 0. 0. 0. 1. 0. 0. 1. 0. 0. 1. 0. 0.]
status: SUCCESS
 ||[0.71644165 7.04927107 1.39359808 4.42682415 0.22460117 1.55781563
 3.14583142 1.31666971 2.02001916 2.88568708 1.42507362 3.11271881
 0.6056385  5.22294023 0.28257038 1.46987002 0.08231611 1.70413116
 1.26467852 6.65278988 1.19132138 0.71474317 1.81187379 6.2308222
 0.19776101 3.89766645 1.18559533 4.15246834 1.06347664 4.34413012
 1.56292598 4.08199331 2.83244072 3.65379976 0.44633232 0.4045674
 2.97298396 3.0709148  0.60959437 5.94379759]
 ||