optimal function value: 23.895113699999996
optimal value: [0. 1. 0. 0. 0. 0. 0. 1. 1. 0. 0. 0. 0. 0. 1. 0.]
status: SUCCESS
 ||[2.42416351 3.51687017 2.89897437 2.92771254 1.59176248 3.68647446
 0.58486557 3.20836474 1.98122646 4.97418158 1.39009926 1.90603549
 0.54436832 5.08196518 2.17693683 0.26225522 3.08364413 6.05887754
 2.05271879 3.8657073  0.49511118 0.0905941  1.65623962 0.36893336
 0.59530097 1.51736856 0.09203076 2.91275678 1.38066431 5.29012847
 1.62770005 4.02054087 1.56601064 4.15879874 1.43629817 1.74598148
 3.13361476 6.25456674 2.63581937 4.44633544]
 ||