optimal function value: 44.55872038000001
optimal value: [0. 1. 0. 0. 0. 0. 1. 0. 1. 0. 0. 0. 0. 0. 0. 1.]
status: SUCCESS
 ||[1.7117533  6.04315212 0.39960403 5.42861923 0.01831467 2.03410016
 3.13923263 1.31958094 2.01645475 2.90220148 2.42304731 3.10754334
 0.60973446 5.21657769 0.28220294 2.50478864 0.06141787 1.64191084
 1.24756074 5.63400028 1.15720532 0.68126865 0.77834896 6.19687117
 0.16787461 3.86327366 1.15276131 4.12034693 1.03048559 4.31018762
 1.52897519 4.0497952  3.79843764 3.65410999 0.44512614 0.40504836
 2.97194126 3.07008825]
 ||