optimal function value: 65.76070403
optimal value: [1. 0. 0. 0. 0. 0. 0. 1. 0. 0. 1. 0. 0. 1. 0. 0.]
status: SUCCESS
 ||[ 2.56742737e+00  5.06453387e+00  1.54384043e+00  1.54803978e+00
 -2.56294731e-03  4.16767363e+00  1.47735389e+00  4.77038225e+00
  1.17622749e+00  4.84349095e+00  8.50124115e-01  5.03524412e+00
  2.29655593e+00  2.60129580e+00  1.68612026e+00  4.28283898e+00
  6.10562099e-01  3.47849104e+00  2.52938361e+00  1.66349598e+00
  2.52524339e+00  4.38216617e+00  2.55783569e+00  2.10850254e+00
  2.92605408e-01  5.02827186e+00  2.52834751e+00  2.79734598e+00]
 ||