optimal function value: 48.13067508999998
optimal value: [0. 0. 1. 0. 1. 0. 0. 0. 0. 1. 0. 0. 0. 0. 0. 1.]
status: SUCCESS
 ||[1.8083705  5.14495419 2.52979625 5.19644384 0.44259263 1.30542441
 1.32693284 1.40570793 2.30174848 0.81801547 1.66393402 1.34089359
 0.92054549 2.70788739 2.62468969 3.8166558  0.0388726  1.72848166
 0.45120482 5.46668376 2.54383593 5.05706611 2.5874876  4.67846364
 2.97591097 4.98134834 0.80254872 5.33637753 1.52601313 4.74218534
 1.76377319 2.6950931  1.14123508 2.6973466  0.97821879 0.73501911
 2.57453702 5.01387358 3.09270501 4.33849608]
 ||