optimal function value: 30.655645410000005
optimal value: [1. 0. 0. 0. 0. 0. 0. 1. 0. 0. 1. 0. 0. 1. 0. 0.]
status: SUCCESS
 ||[1.45801996e+00 3.34487613e+00 1.43804112e+00 6.40122503e+00
 2.67154905e-03 3.14201311e+00 3.79928946e+00 5.11016319e-01
 1.75917740e+00 3.89631511e+00 1.52023293e-01 2.37455663e+00
 2.23102612e+00 2.79332905e+00 2.27872778e+00 9.91665286e-01
 7.41949340e-01 7.03721041e-01 1.58430060e+00 5.79648348e+00
 1.85433036e+00 4.87121311e+00 2.20526556e+00 4.69075077e+00
 3.20522748e-01 1.82949851e+00 2.11475598e+00 4.55331687e+00
 1.32432530e+00 5.49319271e-01 8.35418020e-01 1.32285860e+00
 8.71743812e-01 6.07967485e+00 6.15365139e-01 5.57397647e+00
 2.76875600e+00 3.55797204e-01 1.27646875e+00 3.02017423e+00]
 ||