optimal function value: 30.655645410000005
optimal value: [0. 0. 1. 0. 0. 1. 0. 0. 1. 0. 0. 0. 0. 0. 0. 1.]
status: SUCCESS
 ||[0.76282627 0.63617346 2.11365031 0.78720349 1.31306815 2.558413
 2.87802046 5.01514686 3.41671476 1.38101467 1.67928752 1.74898249
 0.54907914 0.65275081 0.6812492  5.82385245 2.60489281 5.07613263
 2.52546479 1.22502827 0.98420697 3.97292157 2.25330954 5.47334299
 2.75939716 0.53657559 1.89594196 4.20994803 1.58419707 1.10941078
 1.4857955  0.556306   2.93328672 5.43044511 1.71274076 1.88598409
 2.85271088 3.58687896]
 ||