optimal function value: 48.13067508999998
optimal value: [1. 0. 0. 0. 0. 0. 1. 0. 0. 0. 0. 1. 0. 1. 0. 0.]
status: SUCCESS
 ||[1.74776015 3.41894994 1.302193   3.58328545 2.96580804 0.41127898
 0.03875714 5.26237325 0.81295878 1.46758266 3.12533152 2.95278943
 2.62653754 2.98808813 2.0044682  0.97318515 2.02680593 5.45394077
 2.64250853 4.65836709 2.10745799 0.40536768 2.38002999 3.71631161
 0.94664889 0.19485816 2.71953883 2.97045156 2.2588556  5.52163946
 2.24361125 5.78752688 1.23766052 5.03315568 1.39703694 5.87897004
 2.7607276  0.61249128 0.42578073 1.36804973]
 ||