optimal function value: 65.76070403
optimal value: [0. 0. 1. 0. 0. 1. 0. 0. 1. 0. 0. 0. 0. 0. 0. 1.]
status: SUCCESS
 ||[1.58933734e+00 4.17174982e+00 2.07795009e+00 1.28125930e+00
 2.47976199e+00 3.10140344e+00 1.94129629e+00 2.85759994e+00
 8.07041548e-01 1.45707634e+00 2.15507770e+00 2.08982828e+00
 2.16812437e+00 4.87952361e+00 2.68024624e+00 5.89816197e+00
 7.24157637e-01 1.49362896e+00 2.20470398e+00 3.66674589e+00
 6.54622723e-01 4.31723728e+00 2.70397992e+00 5.21321140e+00
 6.42676883e-01 1.84001862e+00 4.59187537e-03 7.10105873e+00]
 ||