optimal function value: 30.655645410000005
optimal value: [0. 0. 1. 0. 0. 1. 0. 0. 1. 0. 0. 0. 0. 0. 0. 1.]
status: SUCCESS
 ||[2.94625763 5.96576614 0.12902122 0.54420787 2.60526407 5.64336545
 1.97561372 1.90824166 1.96334169 3.84210198 1.96449047 0.89826286
 1.32489133 2.45675124 2.23244267 6.28031212 3.0208051  3.44240917
 1.37860786 1.71844671 0.1414648  0.19283022 1.88331112 1.80176384
 1.14574202 5.55100618 1.60188056 3.46209629 0.69314168 1.106198
 1.01911648 0.85939358 1.59375052 6.26928031 2.11101761 2.1479148
 2.79405598 4.9960096  2.29763892 5.68735649]
 ||