optimal function value: 23.895113699999996
optimal value: [0. 0. 0. 1. 0. 1. 0. 0. 1. 0. 0. 0. 0. 0. 1. 0.]
status: SUCCESS
 ||[1.74252951 0.67196474 2.24525994 0.97448251 0.21147949 2.54364608
 3.88222768 5.02881794 2.40361417 1.39580492 1.68332578 1.73504593
 0.54149913 0.66568007 0.67591091 5.82915789 2.60419562 5.06879718
 2.5142593  1.21416901 0.97339435 3.93848931 2.29911118 5.37023014
 2.76608562 0.54421535 1.90346636 4.22040656 1.58935968 1.11773346
 1.48735829 0.56173695 2.93528476 5.43668111 1.72030053 1.88608783
 2.85522331 3.59613005]
 ||