optimal function value: 44.55872038000001
optimal value: [0. 1. 0. 0. 0. 0. 1. 0. 1. 0. 0. 0. 0. 0. 0. 1.]
status: SUCCESS
 ||[2.81748517 6.07046113 3.0186354  1.81743005 2.40743177 4.41995622
 2.07677736 1.69202317 0.08166826 2.41106964 2.34521691 1.58153019
 2.58105349 1.98847449 2.65248708 6.03157392 1.24995846 6.27500942
 0.19114088 5.11417954 2.74946818 0.94366101 2.22262492 3.5030373
 3.00388314 1.42440831 1.62258869 5.53655257 2.00660868 1.94880027
 0.22592349 6.14518531 1.5584026  6.24754706 0.43132972 5.08817307
 2.54302324 5.7702911 ]
 ||