optimal function value: 32.53962615999998
optimal value: [0. 1. 0. 0. 0. 0. 1. 0. 1. 0. 0. 0. 0. 0. 0. 1.]
status: SUCCESS
 ||[1.95793861e+00 4.66090188e+00 3.49823845e+00 5.92153577e+00
 2.32513337e+00 5.79515441e+00 9.12321362e-02 2.92548689e+00
 2.96241629e+00 4.07664045e+00 2.83028302e+00 7.11288311e-01
 1.47413860e+00 1.54957654e+00 1.70921018e+00 3.60621708e+00
 4.13105778e-02 1.36276626e+00 8.77959944e-01 5.75754241e+00
 2.40554610e+00 1.00256638e+00 2.50435265e+00 8.72078859e-01
 1.93969932e+00 7.96652321e-01 5.63774091e-03 5.47505274e+00
 6.57530797e-01 1.35387122e+00 3.08678871e+00 5.48174373e+00
 9.08738774e-01 6.04124063e+00 1.69427668e+00 4.25876070e+00
 1.64311453e+00 5.91224141e+00 2.16962925e+00 6.07276156e+00]
 ||