optimal function value: 30.655645410000005
optimal value: [0. 0. 1. 0. 0. 0. 0. 1. 1. 0. 0. 0. 0. 1. 0. 0.]
status: SUCCESS
 ||[ 1.75234835e+00  3.42438161e+00  2.16224688e+00  3.79453834e+00
  1.96259572e+00  4.11374518e-01 -1.52426427e-03  5.27671925e+00
  8.22327894e-01  2.46108442e+00  3.13035598e+00  2.91070729e+00
  3.83285724e+00  2.90667647e+00  2.04049484e+00  9.84375717e-01
  1.92267943e+00  5.71100946e+00  1.65370277e+00  4.66743682e+00
  2.11626499e+00  1.41717160e+00  2.37952270e+00  3.71410010e+00
  9.46956631e-01  1.95144215e-01  2.72059683e+00  2.96962858e+00
  2.25624340e+00  5.52250909e+00  2.24171262e+00  5.78482983e+00]
 ||