optimal function value: 30.655645410000005
optimal value: [0. 0. 1. 0. 0. 1. 0. 0. 1. 0. 0. 0. 0. 0. 0. 1.]
status: SUCCESS
 ||[2.42547822 2.10606593 0.43539796 5.44649359 0.03979629 3.14711041
 3.81638127 0.51529974 1.74275426 3.88095476 0.12964659 2.3854407
 2.21740045 2.8461797  2.28647304 1.03390349 1.87455045 0.74966888
 1.59032571 5.80400449 1.85491016 4.86500098 1.20591559 4.68895703
 0.31960934 1.83135953 2.12189381 4.56096486 1.32459603 0.55009919
 0.83954761 1.31965913 0.88361461 5.08534074 0.62697381 5.5697728
 2.76194471 0.34427208]
 ||