optimal function value: 23.895113699999996
optimal value: [1. 0. 0. 0. 0. 0. 1. 0. 0. 0. 0. 1. 0. 1. 0. 0.]
status: SUCCESS
 ||[0.81733797 4.30570959 3.14574842 5.34410882 0.57985088 1.46022429
 0.45754999 1.41665827 2.30511226 0.81548429 1.66363734 1.34785951
 0.924549   2.70888858 2.63403878 3.82389363 0.04610794 1.72740694
 0.46206073 5.47487859 2.54235196 5.06075298 2.59182525 4.67897613
 2.98208591 4.98742144 0.80613836 5.3376595  1.52883123 4.74529854
 1.77184935 2.69739517 1.14452166 2.69851792 0.99527384 1.72885335
 2.57412127 6.01438592]
 ||