optimal function value: 23.895113699999996
optimal value: [1. 0. 0. 0. 0. 0. 1. 0. 0. 1. 0. 0. 0. 0. 0. 1.]
status: SUCCESS
 ||[2.82159086 4.33263174 2.49934269 5.68519051 0.82052852 4.05245727
 3.82046263 5.48548874 2.79797445 1.06729323 1.30208716 6.25146642
 0.33538217 2.00601653 2.99064047 3.83563095 0.65154359 1.99570724
 2.85346579 2.10857829 1.33869127 3.9515558  2.54511301 3.08554751
 0.24108413 3.6061497  0.11163942 0.58035255 0.59295812 4.35629998
 0.88275851 4.32891859 0.49668331 0.74747498 0.04995629 4.43880951
 2.68979033 1.38332774]
 ||