optimal function value: 30.655645410000005
optimal value: [1. 0. 0. 0. 0. 0. 0. 1. 0. 0. 1. 0. 0. 1. 0. 0.]
status: SUCCESS
 ||[2.95159594e+00 4.66360635e+00 3.49688295e+00 5.92308368e+00
 2.32030582e+00 5.79728780e+00 9.32216283e-02 2.92746063e+00
 2.96147188e+00 4.08239440e+00 2.83192025e+00 7.11331872e-01
 1.47641712e+00 1.55118606e+00 2.71323126e+00 3.60235549e+00
 3.89956697e-02 1.35847649e+00 8.71332816e-01 5.75219545e+00
 2.40043801e+00 9.97548095e-01 2.50035734e+00 8.70074556e-01
 1.93554048e+00 7.91714856e-01 2.52265597e-03 5.47203742e+00
 6.54600784e-01 1.35014445e+00 4.08021308e+00 5.48481780e+00
 9.11829166e-01 6.04274902e+00 1.69609608e+00 4.38200484e+00]
 ||