optimal function value: 32.55298180999998
optimal value: [0. 0. 0. 1. 0. 1. 0. 0. 1. 0. 0. 0. 0. 0. 1. 0.]
status: SUCCESS
 ||[3.49323404e+00 6.16708766e+00 2.52339947e+00 1.64061204e+00
 1.37306897e-03 4.16020365e+00 1.48228818e+00 4.77577760e+00
 1.17644622e+00 5.83455496e+00 8.56002098e-01 5.04005223e+00
 2.28733052e+00 2.60202611e+00 1.69363882e+00 4.28427885e+00
 6.04272687e-01 3.48504827e+00 2.52835176e+00 1.67095061e+00
 2.52158397e+00 4.30965557e+00 2.65100089e+00 2.10893608e+00
 1.29324416e+00 5.02633014e+00 2.52791097e+00 2.79756346e+00
 2.93560285e-01 2.23859235e+00]
 ||