optimal function value: 32.53962615999998
optimal value: [0. 1. 0. 0. 0. 0. 1. 0. 1. 0. 0. 0. 0. 0. 0. 1.]
status: SUCCESS
 ||[ 1.77018655  2.68070868  2.82847669  1.27128901  2.53765992  5.14783117
  2.05032922  0.99869921  1.6298217   2.04074651  0.76578809  5.97576961
  3.09835622  0.24497232  3.71535706  3.74973363  1.16491671  1.75697981
  2.11134242  2.85611279  2.15474762  4.15024651  0.37150709  4.8209162
  3.06636095  7.09009811  1.89544344  0.22447723 -0.03811121  0.79210705
  2.9118012   1.86279668  1.1369337   5.61523191  0.96672232  3.40746131
  1.35067254  0.36703074  1.82343605  5.48273773]
 ||