optimal function value: 23.895113699999996
optimal value: [1. 0. 0. 0. 0. 0. 1. 0. 0. 0. 0. 1. 0. 1. 0. 0.]
status: SUCCESS
 ||[0.33361915 5.41389143 2.04799755 5.90609742 0.85011309 1.60611375
 2.30642787 4.1404212  0.95086882 4.30277706 2.24760032 5.0147071
 0.15344072 2.41336714 2.82336179 2.25513174 0.84536399 5.03270032
 1.99246959 0.89257409 1.73402522 4.17448624 0.51459757 4.08556364
 0.38679521 2.12161026 0.26323524 1.28523008 3.07436218 2.53685133
 3.11339809 2.75643678 1.91085927 5.48387077 2.15699067 0.69886529
 1.85110964 3.98290668]
 ||