optimal function value: 23.895113699999996
optimal value: [0. 0. 0. 1. 0. 1. 0. 0. 1. 0. 0. 0. 0. 0. 1. 0.]
status: SUCCESS
 ||[4.21349851e-01 5.32381332e+00 3.42365125e+00 1.62263817e+00
 1.57274283e+00 2.82430336e+00 1.92350228e+00 4.95499998e+00
 2.95003513e-01 2.57399475e-01 2.52944516e+00 2.71966279e+00
 2.39572582e+00 2.71502426e-03 1.40647408e+00 4.53351926e+00
 7.28749740e-01 5.93966841e+00 2.83270753e+00 1.92381781e-01
 7.97502904e-02 3.40140329e+00 2.95067379e+00 2.39473821e+00
 6.81075719e-01 2.65252681e+00 9.03527754e-02 1.39299007e+00
 1.37597840e+00 3.11544406e+00 7.33626497e-01 1.45539670e+00]
 ||