optimal function value: 48.13067508999998
optimal value: [1. 0. 0. 0. 0. 0. 1. 0. 0. 0. 0. 1. 0. 1. 0. 0.]
status: SUCCESS
 ||[2.45308256 2.34637234 0.43554713 5.44300415 0.01904213 3.15991443
 2.82121493 0.50580143 1.73728551 3.87740204 0.12894905 2.38178953
 2.21070613 3.84045471 2.2781613  0.98771964 0.7478062  0.69486526
 1.59335986 5.80484406 1.85439631 4.86459522 2.20516273 4.68775959
 0.31968888 1.82653735 2.11778027 5.55909285 1.3249909  0.55106494
 0.83761772 1.31897523 0.88324622 5.08596304 0.62635198 5.5694935
 2.76259977 0.34434274 1.18723425 3.08585999]
 ||