optimal function value: 23.895113699999996
optimal value: [0. 0. 0. 1. 0. 1. 0. 0. 1. 0. 0. 0. 0. 0. 1. 0.]
status: SUCCESS
 ||[1.46428495e+00 2.69608799e+00 1.18650413e+00 5.42583646e+00
 1.37508673e-03 3.13870832e+00 2.81933015e+00 4.94418474e-01
 1.73113275e+00 3.86045723e+00 1.13036885e+00 2.37056402e+00
 2.17569324e+00 2.83484297e+00 3.27936771e+00 1.98710970e+00
 7.11231306e-01 6.80068615e-01 1.58956705e+00 5.80540763e+00
 1.85034022e+00 4.83818832e+00 1.16142965e+00 4.65917337e+00
 2.92296039e-01 1.80167598e+00 2.08014503e+00 4.55076157e+00
 1.29305661e+00 5.35463653e-01 8.33634399e-01 1.29142258e+00
 8.70815256e-01 5.07273552e+00 6.04808142e-01 5.55397950e+00
 2.74492713e+00 1.34578790e+00]
 ||