optimal function value: 65.76070403
optimal value: [0. 0. 1. 0. 0. 1. 0. 0. 1. 0. 0. 0. 0. 0. 0. 1.]
status: SUCCESS
 ||[1.95599569e+00 4.66076947e+00 2.49793069e+00 6.92143400e+00
 2.32466433e+00 5.79460438e+00 9.06978368e-02 3.92532834e+00
 2.96377383e+00 4.07742310e+00 2.83032283e+00 7.11386062e-01
 2.47647373e+00 1.55056494e+00 1.70560305e+00 3.60594502e+00
 3.65123318e-02 1.36148042e+00 8.79848705e-01 5.75221097e+00
 2.40824096e+00 1.00290311e+00 2.50441414e+00 8.71882429e-01
 1.93965990e+00 7.96215392e-01 5.67906658e-03 5.47493305e+00
 6.58609169e-01 1.35381705e+00 3.08656041e+00 5.48174554e+00
 9.08814723e-01 6.04075862e+00 1.69412726e+00 4.25879958e+00
 6.44034342e-01 5.91169747e+00 2.16944251e+00 6.07366074e+00]
 ||