optimal function value: 23.895113699999996
optimal value: [0. 0. 0. 1. 0. 1. 0. 0. 1. 0. 0. 0. 0. 0. 1. 0.]
status: SUCCESS
 ||[3.04519877e+00 2.88990584e+00 2.80816113e+00 1.73319068e+00
 3.56086730e+00 5.17481472e+00 2.06914761e+00 1.18705303e+00
 1.62543537e+00 2.10538998e+00 7.79606247e-01 5.95980360e+00
 3.11989261e+00 2.76645495e-01 2.50152691e+00 3.77197825e+00
 1.19875680e+00 1.76565213e+00 2.11223325e+00 2.86989577e+00
 2.15213701e+00 4.17032025e+00 4.01815764e-01 4.84113891e+00
 3.08258291e+00 6.07475969e+00 1.91765679e+00 2.74967074e-01
 4.47017553e-03 8.27272373e-01 2.95363009e+00 1.90804373e+00]
 ||