optimal function value: 32.53962615999998
optimal value: [0. 1. 0. 0. 0. 0. 1. 0. 1. 0. 0. 0. 0. 0. 0. 1.]
status: SUCCESS
 ||[ 1.57180382  5.14807311  1.5173326   1.24438112  1.5083077   3.1056344
  1.50654502  2.88243014  1.83464661  1.59571029  2.16863719  2.03048432
  2.15525018  4.90314823  2.71519561  5.92570977  0.73525508  1.48765801
  2.3037432   3.61240153  0.63299229  5.31179703  2.68417672  5.19193583
  0.61753652  1.81786142 -0.03978082  6.07078659  0.63594895  5.50833997
  1.68967616  3.72946045  1.65584401  5.18849983  1.88685127  1.90571162
  0.36086085  2.99977318  2.89884856  0.91122281]
 ||