optimal function value: 30.655645410000005
optimal value: [0. 0. 1. 0. 0. 1. 0. 0. 1. 0. 0. 0. 0. 0. 0. 1.]
status: SUCCESS
 ||[1.01532284 0.45359942 2.97276688 0.45581125 1.71663523 3.29595334
 0.16889247 3.20083397 0.11985869 2.72319704 1.21871188 0.56665458
 1.33392595 5.19824875 0.39038527 1.40088215 1.96972763 5.95542773
 1.81382216 2.49281401 3.06849969 1.29285983 2.6967213  1.81865232
 0.4533725  0.74044823 0.96956447 5.12604836 0.56966733 3.65499342
 2.00760291 2.33845493 1.72003641 0.39465152 0.18785206 1.29400622
 2.13780807 2.68739504 0.98728129 3.68109954]
 ||