optimal function value: 48.13067508999998
optimal value: [1. 0. 0. 0. 0. 0. 1. 0. 0. 0. 0. 1. 0. 1. 0. 0.]
status: SUCCESS
 ||[1.79361806 2.69697506 1.81593721 1.29283847 2.54748274 5.16382115
 2.04479601 1.01646887 1.62710796 2.06725381 0.79592522 5.9820322
 3.17541097 0.25546211 2.71309013 3.7928177  1.17625239 1.79224239
 2.0344188  2.63321991 2.15395223 4.17492649 0.43476181 4.84110971
 3.10353358 6.10751751 1.94431742 0.29458585 0.02942487 0.85811461
 2.97325881 1.92060793 1.14788838 5.66161307 1.00550666 3.46756435
 1.38616721 0.42537057 1.85353351 6.31882473]
 ||