optimal function value: 23.895113699999996
optimal value: [1. 0. 0. 0. 0. 0. 1. 0. 0. 0. 0. 1. 0. 1. 0. 0.]
status: SUCCESS
 ||[0.42282234 5.32185136 2.40381564 1.60337609 1.55663972 2.63701929
 2.21062578 4.95655748 0.29849003 0.18989171 2.62216512 2.72391492
 3.40074044 0.01109134 1.40049809 4.53263505 0.71604478 5.9448723
 2.83083554 0.19147774 0.07304388 3.40381437 2.95086481 2.39670508
 0.68253166 2.65084036 0.08983945 1.39164577 1.38056127 4.11474804
 0.73228178 1.44991481 0.68639141 2.88652456 0.91092792 0.13585991
 2.62687377 4.49675433]
 ||