optimal function value: 44.55872038000001
optimal value: [0. 1. 0. 0. 0. 0. 1. 0. 1. 0. 0. 0. 0. 0. 0. 1.]
status: SUCCESS
 ||[1.13592417 3.01901806 1.30947973 2.80661753 1.28666271 4.15247228
 0.79403612 3.98930304 1.01615703 1.89860601 1.05196157 0.89214353
 2.33539733 1.94784175 2.47872055 6.00827758 0.79615637 6.6139068
 2.53595773 4.1932455  0.08557871 2.87019787 1.96869231 1.8606948
 0.70482206 1.9472013  0.81208303 4.95024639 1.09231647 2.6587636
 2.01973388 5.9589446  0.92039192 0.27693054 3.05930702 5.23108257
 2.48309218 3.2886849 ]
 ||