optimal function value: 48.13067508999998
optimal value: [0. 0. 0. 1. 0. 1. 0. 0. 1. 0. 0. 0. 0. 0. 1. 0.]
status: SUCCESS
 ||[1.40828209 5.32324457 2.39924914 1.60875183 2.55525273 3.82436537
 2.04572261 5.95843788 0.29851392 1.1634828  3.63523431 2.71991462
 2.39372608 0.01545393 1.40189979 4.53593651 0.71633623 5.94342166
 3.83019768 0.19344449 0.07816135 3.40132867 2.94840171 2.39485629
 0.67906274 2.65112947 0.09208252 1.39479247 1.37458295 3.1131621
 0.73251193 1.45155386 0.68545824 2.89126395 0.93025042 0.13391027
 2.61949611 4.48739568]
 ||