optimal function value: 48.13067508999998
optimal value: [1. 0. 0. 0. 0. 0. 1. 0. 0. 0. 0. 1. 0. 1. 0. 0.]
status: SUCCESS
 ||[2.95614685e+00 5.66087019e+00 2.49803975e+00 6.92062358e+00
 2.53466407e+00 5.66348067e+00 7.52036529e-02 2.92541680e+00
 2.97039040e+00 4.07993840e+00 2.86146270e+00 1.71148566e+00
 1.48166007e+00 1.56704533e+00 1.70663235e+00 3.58745081e+00
 4.19150403e-02 1.36158839e+00 8.79765411e-01 5.75891536e+00
 2.40577790e+00 1.00258942e+00 2.50452551e+00 8.70370056e-01
 1.94222391e+00 7.95251945e-01 3.58133943e-03 5.47497326e+00
 6.58598791e-01 1.35373563e+00 3.08608601e+00 5.48133205e+00
 9.08530163e-01 6.04101669e+00]
 ||