optimal function value: 48.13067508999998
optimal value: [1. 0. 0. 0. 0. 0. 1. 0. 0. 0. 0. 1. 0. 1. 0. 0.]
status: SUCCESS
 ||[1.74688336 3.4196468  2.16130558 3.79357606 1.96514991 1.41160097
 0.04229252 5.26166685 0.81613702 1.47127772 3.127576   2.95460719
 2.62837008 2.99273429 2.00735285 0.94472332 1.99461466 5.45388665
 1.64350355 4.65733993 3.10968249 0.40259053 2.38295407 3.71328044
 0.94655537 0.19437141 2.71921226 2.97092547 2.26076005 5.52184389
 2.2435429  5.78700395 1.2407188  5.03131458 1.39705423 5.87679816
 2.76084258 0.62803613]
 ||