optimal function value: 32.53962615999998
optimal value: [0. 1. 0. 0. 0. 0. 1. 0. 1. 0. 0. 0. 0. 0. 0. 1.]
status: SUCCESS
 ||[2.82824147 5.79808094 2.49579072 5.696675   0.8332686  4.0081592
 2.85939862 5.49653188 1.81080409 1.07830274 1.2759881  6.25934574
 0.33873359 2.02207223 2.99946406 2.83191657 0.67250143 1.99805461
 2.8646711  2.12576474 1.35100233 3.95301333 2.54459781 3.11025982
 0.26843448 3.61678198 0.12573333 0.60844064 0.61113581 4.36875326
 1.91028016 4.32993534 0.50564877 0.73829663 1.07431118 4.42136953
 2.69147936 1.37490117]
 ||