optimal function value: 44.55872038000001
optimal value: [0. 1. 0. 0. 0. 0. 1. 0. 1. 0. 0. 0. 0. 0. 0. 1.]
status: SUCCESS
 ||[0.42141794 5.31715263 2.39902603 1.60127178 1.55657631 2.82385862
 2.0470086  4.9559868  0.30337449 0.17895776 2.62701141 2.7142225
 2.39192463 0.01282635 1.400619   4.53604641 0.72054156 5.94034224
 2.8334597  0.19277332 0.0813193  3.40419984 3.95083748 2.39550691
 0.68002934 2.65181491 0.09053151 1.39399705 1.38591004 3.10972821
 0.72292794 1.45674882 0.68750508 2.88818853 0.90968649 0.13474264
 2.63143852 3.4964175  2.01833745 1.1680783 ]
 ||