optimal function value: 48.13067508999998
optimal value: [0. 0. 0. 1. 0. 1. 0. 0. 1. 0. 0. 0. 0. 0. 1. 0.]
status: SUCCESS
 ||[2.53491553 5.95601031 0.17754519 0.53277893 2.62464941 5.56561167
 2.16271325 1.99442461 1.96081341 4.08677661 1.45156541 1.12791495
 1.48311158 3.60253398 2.27106656 6.25586561 3.98269653 4.41861934
 1.40068261 1.68555545 0.11311794 1.17336316 1.46002438 2.00099802
 1.19381343 5.60355659 1.64998677 3.52178395 0.74164647 0.14921054
 1.02140247 0.85859931 1.60337784 6.27460556 2.11931051 1.14262163
 2.80619088 5.00561752 3.30694037 5.69599794]
 ||