optimal function value: 30.655645410000005
optimal value: [1. 0. 0. 0. 0. 0. 0. 1. 0. 0. 1. 0. 0. 1. 0. 0.]
status: SUCCESS
 ||[1.96773761e+00 4.66936063e+00 2.49979564e+00 5.93074319e+00
 2.32924470e+00 5.56596750e+00 1.83452120e-01 2.92661654e+00
 2.96250874e+00 4.07945241e+00 3.83368970e+00 6.89303895e-01
 1.45495834e+00 1.54853901e+00 1.70902292e+00 3.59210526e+00
 3.64274488e-02 1.35746042e+00 8.77592599e-01 5.75711785e+00
 2.40535913e+00 1.00273123e+00 2.50396003e+00 8.72226410e-01
 1.93875191e+00 7.95215540e-01 5.51085955e-03 5.47356596e+00
 6.59680290e-01 1.35241058e+00 3.08578437e+00 5.48074932e+00
 9.08630431e-01 6.04065601e+00 1.69360766e+00 4.25710044e+00
 6.43281904e-01 5.91345428e+00]
 ||