optimal function value: 30.655645410000005
optimal value: [0. 0. 1. 0. 0. 0. 0. 1. 1. 0. 0. 0. 0. 1. 0. 0.]
status: SUCCESS
 ||[3.0085442  5.95480412 1.18128744 0.53480617 2.62474326 4.62845948
 2.10490855 1.94282223 1.90849074 3.81181959 1.82498806 1.9929436
 1.35224455 2.47360139 2.2706098  6.24803922 3.017568   3.30375027
 1.39520036 1.68214574 0.1137381  0.16961696 1.46073468 2.00259675
 1.19486379 5.60129034 1.65170285 3.52286763 0.74185403 0.15069647
 1.02315268 0.85859653 1.60312356 6.27867079 1.9917607  1.14196695
 2.80681011 5.01345663]
 ||