optimal function value: 23.895113699999996
optimal value: [0. 0. 0. 1. 0. 1. 0. 0. 1. 0. 0. 0. 0. 0. 1. 0.]
status: SUCCESS
 ||[3.49262081 5.1615695  1.52403475 1.64395296 0.00639857 4.16239756
 1.52967447 5.77401572 1.17044953 4.80810975 0.83979934 6.03798127
 2.30085787 2.59864954 1.69493045 5.2844035  0.60708722 3.48000527
 2.53015925 1.6698606  2.51941013 4.30875828 2.65249971 2.11027063
 0.29240956 5.02855403 2.52850328 2.79751045 0.29478444 1.23973233
 1.99397164 1.83060354 2.98934335 3.69809025 0.63068925 4.11815723
 1.13351578 5.86190445]
 ||