optimal function value: 48.13067508999998
optimal value: [1. 0. 0. 0. 0. 0. 1. 0. 0. 0. 0. 1. 0. 1. 0. 0.]
status: SUCCESS
 ||[4.00451127 6.95392342 0.18020044 0.53085766 3.62350905 4.4994183
 2.10799392 1.93338176 2.00807613 3.73671822 1.85389011 1.04065277
 1.40870788 2.36721758 2.31436402 6.13355555 3.08986713 3.35442519
 1.39939995 1.68427437 0.11453436 0.17238728 1.46168827 2.00211353
 1.19437202 5.60211189 1.65267873 3.52004488 0.74119883 0.14941262
 1.02168432 0.85898053 1.60314605 6.27563819 2.11490053 1.13997547
 2.81222294 5.01066959]
 ||