optimal function value: 48.13067508999998
optimal value: [1. 0. 0. 0. 0. 0. 1. 0. 0. 0. 0. 1. 0. 1. 0. 0.]
status: SUCCESS
 ||[1.81407361e+00 2.66268481e+00 1.79172797e+00 1.34481961e+00
 2.52125370e+00 5.13902895e+00 3.09984430e+00 1.00774639e+00
 1.56536377e+00 2.07052929e+00 7.35642800e-01 5.91264087e+00
 3.10455854e+00 2.98717821e-01 2.62863090e+00 3.80605514e+00
 1.14306407e+00 1.89672845e+00 2.57144354e+00 2.87315450e+00
 2.14468416e+00 5.19907372e+00 4.10596180e-01 4.81746139e+00
 3.07318439e+00 6.09534888e+00 1.92159040e+00 2.27131112e-01
 4.44158952e-03 8.36929839e-01 2.96908450e+00 1.90097128e+00
 1.14694330e+00 6.64442737e+00 9.76002564e-01 3.44385578e+00
 1.35879785e+00 3.90488966e-01]
 ||