optimal function value: 65.76070403
optimal value: [1. 0. 0. 0. 0. 1. 0. 0. 0. 0. 1. 0. 0. 0. 0. 1.]
status: SUCCESS
 ||[ 1.74589801  6.04415118  0.35571486  4.3314873   0.26500824  1.52318122
  4.17527434  1.2273949   1.97259325  3.92281185  1.33168939  3.14685637
  0.50494327  5.1106408   0.25158604  1.45118555 -0.01429703  1.71136474
  1.20948369  5.66954223  1.09315935  0.63292621  0.7547894   6.09126107
  0.31290593  3.67813511  1.15000521  4.10717244  0.93380095  4.24620983
  1.41475096  3.94426174  2.71598653  3.45186503  0.32755379  0.32716212
  2.88697836  3.00356908]
 ||