optimal function value: 44.55872038000001
optimal value: [0. 1. 0. 0. 0. 0. 1. 0. 1. 0. 0. 0. 0. 0. 0. 1.]
status: SUCCESS
 ||[3.05233829 0.07370355 2.28663286 0.97063278 3.12355548 0.10587868
 3.76333614 4.28215315 2.69466255 6.04366886 0.83230075 2.10626453
 2.21013062 1.76355052 0.82768697 2.43267905 2.7073979  5.4851975
 2.50598217 1.40348646 2.90541378 3.21265848 0.72721723 2.86180382
 1.31924717 0.4954746  1.77441476 3.26213123 1.79018736 5.84595313
 2.0282547  2.54436444 2.71239304 6.25249223 1.54072154 5.93714393
 0.05789944 0.88183384]
 ||