optimal function value: 23.895113699999996
optimal value: [0. 1. 0. 0. 0. 0. 0. 1. 1. 0. 0. 0. 0. 0. 1. 0.]
status: SUCCESS
 ||[ 3.03841543 -0.16065064  3.32364635  2.05127142  4.07312132  0.1036234
  2.77514661  4.2749062   2.67847144  6.38221599  0.67283878  2.11979297
  2.21902905  1.75899617  0.82283728  1.42921078  2.69210815  5.48664384
  2.50237454  1.37707234  2.90141287  3.20949328  0.72408846  2.8576247
  1.31196571  0.49270019  1.77064072  2.25884963  1.78406333  5.83714735
  2.02306934  2.53951191  2.70604399  6.44973286  1.69219297  5.93457174
  0.05156169  0.87653465]
 ||