optimal function value: 48.13067508999998
optimal value: [0. 0. 1. 0. 1. 0. 0. 0. 0. 1. 0. 0. 0. 0. 0. 1.]
status: SUCCESS
 ||[1.13508867 4.01953571 2.30966314 2.80714942 1.28423279 5.12981941
 0.81539388 5.01174385 0.03998409 1.90392318 1.05269939 0.89809038
 2.28715814 1.95268544 2.48670836 6.01553999 0.7923514  5.61010804
 3.56809475 4.19424821 0.08549164 2.87036846 1.96950121 1.86172769
 0.70013587 1.95143912 0.81127113 4.95065216 1.09308748 2.65803108
 2.02150099 5.95871303 0.92079905 0.27626134 3.05939059 5.23128091
 2.48368749 3.28813469]
 ||