optimal function value: 23.895113699999996
optimal value: [1. 0. 0. 0. 0. 0. 1. 0. 0. 0. 0. 1. 0. 1. 0. 0.]
status: SUCCESS
 ||[0.5853766  5.16423111 2.0906356  1.21822329 1.51988603 3.09696506
 1.4781487  3.8699718  0.84148238 1.5631203  2.17047564 2.0560929
 2.16405937 4.95420942 2.73822702 5.89542785 0.73206244 1.44681822
 2.27963628 3.1448784  0.67591998 4.29051394 2.78417287 5.28961176
 0.7107871  1.910234   0.05145463 6.16004094 0.72878708 4.59898696
 1.71886653 3.76416749 2.69745667 5.18164668 1.88123397 1.90187388
 0.35547225 2.99355649 2.89346628 0.9087646 ]
 ||