optimal function value: 23.895113699999996
optimal value: [1. 0. 0. 0. 0. 0. 1. 0. 0. 0. 0. 1. 0. 1. 0. 0.]
status: SUCCESS
 ||[2.96408203 6.00376568 0.13374312 0.53951303 2.62214762 4.6212
 3.10680069 1.94152563 1.9043977  3.81211369 2.82398563 0.94727315
 1.41067227 2.47605676 2.26773702 6.24853355 2.9803551  4.42332355
 1.4198342  1.68968751 0.10571296 0.17101248 1.46552109 2.0009357
 1.19794729 5.60171346 1.75969728 3.45037925 0.74169929 0.14999948
 1.02103443 0.85908024 1.60198163 6.27470479 2.11892472 1.14231348
 2.80725118 5.00654294]
 ||