optimal function value: 23.895113699999996
optimal value: [1. 0. 0. 0. 0. 0. 1. 0. 0. 0. 0. 1. 0. 1. 0. 0.]
status: SUCCESS
 ||[0.74361466 1.64185492 1.2386571  0.97051006 1.2014629  2.51043373
 2.88463735 5.01233538 2.41928281 1.26781771 1.76790104 1.57464806
 0.5168421  0.66235746 0.65293126 5.8143629  2.77623099 5.24727498
 2.51273844 1.21535492 0.96897564 3.93671073 2.29625493 5.36779724
 2.76099981 0.54113553 1.90332822 4.21615673 1.58704358 1.11349961
 1.48499863 0.55592698 2.9345103  5.43456316 1.71694657 1.88311015
 2.85284558 3.59311643]
 ||