optimal function value: 48.13067508999998
optimal value: [1. 0. 0. 0. 0. 0. 1. 0. 0. 1. 0. 0. 0. 0. 0. 1.]
status: SUCCESS
 ||[1.90644911e+00 4.66069176e+00 2.36786166e+00 6.03697461e+00
 3.42483773e+00 5.77575464e+00 6.88869798e-02 2.90444789e+00
 2.95639986e+00 4.06299531e+00 3.04650672e+00 7.02431908e-01
 1.46521236e+00 1.54650818e+00 1.69145180e+00 3.59203302e+00
 3.32727419e-02 1.35513507e+00 8.64047650e-01 5.75533286e+00
 3.39435265e+00 9.93211831e-01 2.49251266e+00 8.62263294e-01
 1.94677657e+00 7.78973313e-01 9.01541899e-04 5.45581514e+00
 6.45712284e-01 1.35232620e+00 3.07248687e+00 5.47036039e+00
 9.00446717e-01 6.03077569e+00 1.70337445e+00 4.26060336e+00
 6.31777890e-01 5.89861086e+00]
 ||