optimal function value: 44.55872038000001
optimal value: [0. 1. 0. 0. 0. 0. 1. 0. 1. 0. 0. 0. 0. 0. 0. 1.]
status: SUCCESS
 ||[1.45477245 2.34578065 1.42324415 5.44473617 0.01988772 4.16196696
 2.81449155 0.50016726 1.74461803 4.87933973 1.38054151 2.38201826
 2.21087534 2.87419179 2.27821132 0.98768743 1.74891655 0.69708056
 1.59049071 5.80490108 2.8549885  4.86441922 1.20579953 4.68764833
 0.32003441 1.82964831 2.11831792 4.55958845 1.325401   0.5509898
 0.83806111 1.31860976 0.88346612 5.08667662 0.62716968 5.56932592
 2.76272446 0.34429227]
 ||