optimal function value: 30.655645410000005
optimal value: [1. 0. 0. 0. 0. 0. 0. 1. 0. 0. 1. 0. 0. 1. 0. 0.]
status: SUCCESS
 ||[ 1.20574410e+00  3.19509450e+00  7.64816164e-01  5.19417467e+00
 -5.13281793e-03  4.15562942e+00  2.64757991e+00  4.15199741e-01
  1.41362750e+00  3.63260902e+00  1.13713335e+00  2.21596967e+00
  1.94966624e+00  3.08396278e+00  1.95489700e+00  6.16808086e-01
  4.45941996e-01  5.05815026e-01  1.59026365e+00  5.63931098e+00
  1.82322025e+00  4.80977915e+00  1.14334212e+00  4.63048551e+00
  1.75080248e-01  1.52818328e+00  1.90146692e+00  4.43806742e+00
  1.57017657e+00  3.30820466e-01  6.43862843e-01  1.13275028e+00
  6.86155612e-01  5.07377731e+00  4.89142576e-01  5.31768447e+00]
 ||