optimal function value: 23.895113699999996
optimal value: [1. 0. 0. 0. 0. 0. 1. 0. 0. 0. 0. 1. 0. 1. 0. 0.]
status: SUCCESS
 ||[ 2.47119708e+00  5.13219082e+00  2.03613857e+00  9.60437077e-01
 -5.73200836e-04  2.39082567e+00  9.13675606e-01  5.09896314e+00
  3.10794431e+00  3.80749081e+00  1.75741642e+00  5.19310914e+00
  1.44944218e+00  2.76493470e+00  5.11085735e-01  5.69670826e+00
  1.84421824e-01  5.14367290e+00  2.34157177e-01  4.31213789e+00
  1.05351652e+00  2.53154294e+00  2.64834987e+00  1.09840004e-01
  1.85355500e-01  5.75885681e+00]
 ||