optimal function value: 32.53962615999998
optimal value: [0. 1. 0. 0. 0. 0. 1. 0. 1. 0. 0. 0. 0. 0. 0. 1.]
status: SUCCESS
 ||[3.82326832 6.99534325 0.17571937 1.55042916 3.15266155 4.80874499
 2.31044798 2.17170007 2.25781571 4.10660062 2.06235866 1.29784716
 1.41875554 2.70511949 2.48009481 6.45164274 4.30195467 3.35412723
 1.36304318 2.69530081 0.11498884 0.17047535 1.38973458 1.88628958
 1.09187847 5.4990617  1.54798134 3.44232449 0.70197546 0.10608052
 1.00928777 0.83510677 1.58002163 6.22696179 2.0172877  1.05512314
 2.71190705 4.98087556 2.24517524 5.61376108]
 ||