optimal function value: 23.895113699999996
optimal value: [1. 0. 0. 0. 0. 0. 1. 0. 0. 0. 0. 1. 0. 1. 0. 0.]
status: SUCCESS
 ||[4.22809333 6.00079864 0.21863541 0.73310511 2.47232759 4.66876772
 3.14824441 1.99899983 1.90269843 4.81330142 1.83323452 0.9946921
 1.35137043 2.47446906 2.27380618 6.24934222 2.98110323 3.42106611
 1.39832273 1.68534656 0.11293605 0.17176981 1.46123353 2.00152983
 1.19326231 5.60277426 1.65122409 3.5217847  0.7421592  0.14984195
 1.02160292 0.85947421 1.60321312 6.27604987 2.11916794 1.14219423
 2.80696247 5.00703468]
 ||