optimal function value: 23.895113699999996
optimal value: [1. 0. 0. 0. 0. 0. 1. 0. 0. 1. 0. 0. 0. 0. 0. 1.]
status: SUCCESS
 ||[ 3.43432075e+00  6.19131032e+00  2.55348272e+00  1.63994856e+00
 -2.38157377e-03  4.13430669e+00  1.46023196e+00  4.77565637e+00
  1.12754454e+00  4.93317232e+00  7.64910444e-01  5.04588330e+00
  2.35266748e+00  2.84121797e+00  1.67646275e+00  4.43587666e+00
  6.06869393e-01  3.47620705e+00  2.51879405e+00  1.66129540e+00
  2.52092186e+00  4.30268371e+00  2.61517940e+00  2.08982402e+00
  2.67552426e-01  5.02449891e+00  2.50825724e+00  2.78754337e+00
  4.81297950e-01  1.23134284e+00  1.99262562e+00  1.82095388e+00]
 ||