optimal function value: 32.53962615999998
optimal value: [0. 1. 0. 0. 0. 0. 1. 0. 1. 0. 0. 0. 0. 0. 0. 1.]
status: SUCCESS
 ||[ 2.78826004  4.82071326  3.61972259  6.92089709  2.22942088  5.74628164
  0.07351938  2.55522438  2.94271431  3.99834317  2.81008896  0.64225903
  1.44691619  1.48570816  1.62801204  3.56654656  0.04368968  1.30883844
  0.8360053   5.75316716  2.3650969   0.96722188  2.46880955  0.85815671
  1.8906251   0.72387142 -0.01477204  5.43738531  0.61201067  1.30703458
  3.0418698   5.47589018]
 ||optimal function value: 32.53962615999998
optimal value: [0. 1. 0. 0. 0. 0. 1. 0. 1. 0. 0. 0. 0. 0. 0. 1.]
status: SUCCESS
 ||[ 2.78826004  4.82071326  3.61972259  6.92089709  2.22942088  5.74628164
  0.07351938  2.55522438  2.94271431  3.99834317  2.81008896  0.64225903
  1.44691619  1.48570816  1.62801204  3.56654656  0.04368968  1.30883844
  0.8360053   5.75316716  2.3650969   0.96722188  2.46880955  0.85815671
  1.8906251   0.72387142 -0.01477204  5.43738531  0.61201067  1.30703458
  3.0418698   5.47589018]
 ||