optimal function value: 65.76070403
optimal value: [1. 0. 0. 0. 0. 0. 0. 1. 0. 0. 1. 0. 0. 1. 0. 0.]
status: SUCCESS
 ||[1.42227451e+00 5.32438051e+00 2.39872695e+00 1.60724229e+00
 1.55766157e+00 3.82415196e+00 2.04694342e+00 4.95560628e+00
 1.29352190e+00 1.79071186e-01 2.64524570e+00 2.72622508e+00
 2.37933006e+00 2.40660301e-03 1.48149893e+00 4.42541723e+00
 7.19451161e-01 5.94041310e+00 2.83236292e+00 1.91885410e-01
 8.27806807e-02 3.39960258e+00 2.95066353e+00 2.39454635e+00
 6.80124885e-01 2.65354555e+00 9.15104614e-02 1.38958050e+00
 1.37740212e+00 3.11494537e+00 7.32069861e-01 1.45027570e+00]
 ||