optimal function value: 32.53962615999998
optimal value: [0. 1. 0. 0. 0. 0. 1. 0. 1. 0. 0. 0. 0. 0. 0. 1.]
status: SUCCESS
 ||[1.56628831 5.151065   1.04951399 2.25637702 1.57948643 3.07247816
 1.53189888 2.87151525 0.77621079 1.60450374 2.15346686 2.02427095
 2.1290936  4.95531227 2.73544729 5.94433433 0.70875018 2.54451097
 2.31003285 3.61583658 0.62915202 4.26125483 3.74212659 5.25613231
 0.67662913 1.877055   0.02010604 6.12959186 0.69338135 4.56663319
 1.68984399 3.72805215 1.65606898 5.18619829 1.88506433 1.90298928
 0.36058471 2.9975981 ]
 ||