optimal function value: 30.655645410000005
optimal value: [0. 0. 1. 0. 0. 1. 0. 0. 1. 0. 0. 0. 0. 0. 0. 1.]
status: SUCCESS
 ||[3.84476312 5.31117172 2.40805372 5.68197925 0.81442571 4.99409606
 2.84285915 5.47762629 1.7992224  1.06211913 2.29357971 6.24544407
 0.32612418 2.00367353 2.98644996 2.82238762 0.65606152 1.98926069
 2.85240101 2.10993097 1.34106261 3.94359224 2.52989429 3.09066666
 0.25672335 3.59790895 0.11135936 0.59670935 0.59765325 5.358372
 0.88825883 4.33498291 0.51571018 0.7411697  0.07263585 4.43482054
 2.70050864 2.37765558]
 ||