optimal function value: 32.53962615999998
optimal value: [0. 1. 0. 0. 0. 0. 1. 0. 1. 0. 0. 0. 0. 0. 0. 1.]
status: SUCCESS
 ||[0.33612668 4.412776   2.04903365 6.90866189 1.85398883 1.60647826
 2.30573763 4.13756274 0.95254056 4.30205112 2.24593688 5.88429966
 1.37037841 1.40466036 2.83176811 2.24988225 0.81817767 5.05220783
 1.9847362  0.94130194 1.73221412 5.17333515 0.51882041 4.09375301
 1.38692291 2.11704152 0.26168115 1.28437648 3.07202555 2.53700389
 3.11162832 2.75614489 1.90833168 5.48240937 2.15822693 0.7007101
 1.85112195 3.98151491 0.56920372 0.59452604]
 ||