optimal function value: 44.55872038000001
optimal value: [0. 1. 0. 0. 0. 0. 1. 0. 1. 0. 0. 0. 0. 0. 0. 1.]
status: SUCCESS
 ||[2.95567325e+00 4.65962368e+00 2.49973083e+00 5.92106630e+00
 3.32299622e+00 5.79471784e+00 8.99355342e-02 2.92677835e+00
 2.96045549e+00 4.07837503e+00 2.82480613e+00 7.15733676e-01
 2.47357872e+00 1.54896738e+00 1.70602015e+00 4.60746510e+00
 3.16094400e-02 2.36557287e+00 8.76218873e-01 5.75804793e+00
 2.40519022e+00 1.00302318e+00 2.50469034e+00 8.70786302e-01
 1.94083922e+00 7.96826253e-01 5.88858965e-03 5.47503426e+00
 6.57645067e-01 1.35391650e+00 3.08790624e+00 6.48260969e+00]
 ||optimal function value: 44.55872038000001
optimal value: [0. 1. 0. 0. 0. 0. 1. 0. 1. 0. 0. 0. 0. 0. 0. 1.]
status: SUCCESS
 ||[2.95567325e+00 4.65962368e+00 2.49973083e+00 5.92106630e+00
 3.32299622e+00 5.79471784e+00 8.99355342e-02 2.92677835e+00
 2.96045549e+00 4.07837503e+00 2.82480613e+00 7.15733676e-01
 2.47357872e+00 1.54896738e+00 1.70602015e+00 4.60746510e+00
 3.16094400e-02 2.36557287e+00 8.76218873e-01 5.75804793e+00
 2.40519022e+00 1.00302318e+00 2.50469034e+00 8.70786302e-01
 1.94083922e+00 7.96826253e-01 5.88858965e-03 5.47503426e+00
 6.57645067e-01 1.35391650e+00 3.08790624e+00 6.48260969e+00]
 ||