optimal function value: 44.55872038000001
optimal value: [0. 1. 0. 0. 0. 0. 1. 0. 1. 0. 0. 0. 0. 0. 0. 1.]
status: SUCCESS
 ||[ 0.75526454  4.42494628  1.16744172  3.80062285  1.96337975  0.40362392
  1.05591569  6.25536947  0.78546711  1.48596414  3.14517742  2.9168505
  3.63950686  2.98660242  2.03625134  0.92779796  2.04673161  5.45242794
  1.62244571  4.66839838  2.14932672 -0.06531754  2.27293759  3.73915961
  0.96988826  0.22093889  2.74345823  2.99986944  2.28665806  5.54431832
  2.26651214  5.81104593  1.26478092  5.05583067  1.42447421  5.90509364
  2.7888133   0.63882551  1.45807343  2.61240807]
 ||