optimal function value: 65.76070403
optimal value: [1. 0. 0. 0. 0. 0. 0. 1. 0. 0. 1. 0. 0. 1. 0. 0.]
status: SUCCESS
 ||[ 2.70400428e+00  2.70489027e+00  1.79373417e+00  1.29823017e+00
  2.56007643e+00  5.16877012e+00  2.04779213e+00  9.81450639e-01
  1.62751144e+00  2.05794923e+00  7.84936797e-01  5.98205573e+00
  3.12647002e+00  1.28981600e+00  2.69519526e+00  3.79262172e+00
  1.19775587e+00  1.76297879e+00  2.11649939e+00  2.87018640e+00
  2.14487722e+00  4.15230258e+00  4.21921335e-01  4.90009176e+00
  4.06829883e+00  6.06772205e+00  1.91615623e+00  2.74139179e-01
 -4.92433874e-05  8.37074756e-01  2.93519881e+00  1.90708774e+00
  1.13003685e+00  5.62972012e+00  1.06464906e+00  3.36658722e+00
  1.36917428e+00  4.09545240e-01]
 ||