optimal function value: 32.53962615999998
optimal value: [0. 1. 0. 0. 0. 0. 1. 0. 1. 0. 0. 0. 0. 0. 0. 1.]
status: SUCCESS
 ||[2.12871261 4.93194462 1.6365416  3.22477253 2.23299126 6.26102666
 0.90144319 0.93014272 0.81985904 2.63547776 1.02831553 1.68335539
 0.33863348 2.04505572 1.97702479 3.57729182 0.63277341 1.44717548
 1.63697602 3.41810598 1.22067601 4.60855777 2.52377276 2.6036738
 0.31125252 4.57346713 2.37457783 2.48932021 2.06894226 1.87809308
 2.87405934 5.2385062  2.48887303 5.99259401 0.73437524 3.42543441
 2.29861206 6.03605928]
 ||