optimal function value: 44.55872038000001
optimal value: [0. 1. 0. 0. 0. 0. 1. 0. 1. 0. 0. 0. 0. 0. 0. 1.]
status: SUCCESS
 ||[2.63950892e+00 6.06922787e+00 3.01789452e+00 1.82009659e+00
 2.40657505e+00 4.42466702e+00 2.07804747e+00 4.91703692e-01
 4.84306151e-03 2.46986921e+00 2.34566108e+00 1.63932848e+00
 1.63380685e+00 2.05092771e+00 3.71577634e+00 5.93575775e+00
 1.26381993e+00 6.27355110e+00 1.95059024e-01 5.10517265e+00
 2.74928207e+00 9.48127333e-01 2.21797791e+00 3.51229462e+00
 2.99988122e+00 1.31971759e+00 1.69646385e+00 5.54399507e+00
 2.00649699e+00 1.94235518e+00 2.56709517e-01 5.90522560e+00]
 ||