optimal function value: 30.655645410000005
optimal value: [0. 0. 1. 0. 0. 1. 0. 0. 1. 0. 0. 0. 0. 0. 0. 1.]
status: SUCCESS
 ||[2.62980271 6.06015798 4.01407587 1.81354346 2.40338846 4.42309409
 2.07633835 0.69005412 1.0868834  2.42039869 2.34396005 1.59364774
 1.569448   2.99030368 2.65492215 5.93667141 1.2622307  6.27417306
 0.19216489 5.10640507 2.75211147 0.95089275 2.21584287 3.51229556
 3.00222537 1.32141018 1.69606953 5.54597365 2.00656292 1.94399002
 0.25849678 5.90555124 1.48865286 6.26200259 0.4436806  5.10336544
 2.53603173 5.88252165]
 ||