optimal function value: 23.895113699999996
optimal value: [1. 0. 0. 0. 0. 0. 1. 0. 0. 0. 0. 1. 0. 1. 0. 0.]
status: SUCCESS
 ||[1.44629123e+00 5.31322682e+00 3.43038370e+00 1.60448358e+00
 1.56582127e+00 2.83464840e+00 2.04087724e+00 5.95306053e+00
 4.48605717e-01 3.41430270e-01 2.43467578e+00 2.71722546e+00
 2.39743226e+00 3.84362796e-03 1.38781071e+00 5.54020248e+00
 6.94743076e-01 5.93133464e+00 2.90004656e+00 8.06291883e-02
 8.48486450e-02 3.37654300e+00 2.92905846e+00 2.37918443e+00
 6.51852706e-01 2.62695989e+00 7.05956864e-02 1.21795259e+00]
 ||