optimal function value: 23.895113699999996
optimal value: [0. 0. 0. 1. 0. 1. 0. 0. 1. 0. 0. 0. 0. 0. 1. 0.]
status: SUCCESS
 ||[3.49428738e+00 5.16465069e+00 1.53046919e+00 1.63899932e+00
 5.11757620e-03 4.16432178e+00 1.48437358e+00 4.78668660e+00
 1.16933573e+00 4.83917030e+00 8.57183765e-01 5.03649894e+00
 2.29052705e+00 2.60120486e+00 1.69183061e+00 4.28615653e+00
 6.07189152e-01 3.47802472e+00 2.52904285e+00 1.66957830e+00
 2.52395353e+00 4.30909887e+00 2.65244455e+00 2.10813989e+00
 2.92211396e-01 5.02789754e+00 2.52825924e+00 2.79687286e+00]
 ||