optimal function value: 48.13067508999998
optimal value: [1. 0. 0. 0. 0. 0. 1. 0. 0. 0. 0. 1. 0. 1. 0. 0.]
status: SUCCESS
 ||[1.42284231 6.3240214  2.39952101 1.60362575 1.55721434 2.82471852
 2.92756765 5.99593034 0.37723639 0.18099136 2.5641652  2.65203055
 2.3945312  0.0133351  1.40029874 4.53365588 1.71860636 5.93942472
 2.8325867  0.19218937 1.07964975 4.40174747 2.95043    2.39524511
 0.68068358 2.65290662 1.09119422 1.39350183 1.37599017 3.1157903
 1.73190141 1.45113531 0.68773765 2.88725181 0.91066369 0.02181665
 2.68401249 3.49588192]
 ||