optimal function value: 23.895113699999996
optimal value: [0. 0. 0. 1. 0. 1. 0. 0. 1. 0. 0. 0. 0. 0. 1. 0.]
status: SUCCESS
 ||[1.49224534 5.13028901 3.09479936 1.89786773 0.03376344 2.32339893
 0.90036114 6.1563356  2.17450555 3.96214713 1.59642381 4.12194629
 1.46746519 2.76551917 0.48710084 5.70104343 0.18470147 5.1431049
 0.23281642 4.31760566 1.05879699 3.54288482 2.64563262 0.11613224
 0.19072432 5.74929303 1.59851596 0.57145509 3.10087408 5.94834611
 0.35401873 2.65809401 0.42331057 1.96430502 1.95216167 1.02705228
 2.18817627 0.32328555]
 ||