optimal function value: 23.895113699999996
optimal value: [1. 0. 0. 0. 0. 0. 1. 0. 0. 0. 0. 1. 0. 1. 0. 0.]
status: SUCCESS
 ||[ 3.48728659  5.16777313  1.5159371   1.64047924 -0.00689277  5.15712403
  1.47820669  4.77349844  1.18217527  4.81929419  0.85863875  6.09491657
  2.24395642  3.05537577  1.63558799  4.2252815   0.55504749  3.4298463
  2.48616128  1.61674769  2.47708477  5.30655723  2.60895691  2.05497728
  0.23643766  4.97683962  2.47818421  2.74565522  0.24311677  1.1811022
  2.94206423  1.83031858  2.99325677  3.7366833   0.63029674  4.0760442
  1.13869515  5.85323365]
 ||