optimal function value: 65.76070403
optimal value: [0. 0. 1. 0. 0. 1. 0. 0. 1. 0. 0. 0. 0. 0. 0. 1.]
status: SUCCESS
 ||[0.71284614 6.04657536 0.39711801 5.4287377  0.26755579 1.55589591
 4.14190621 1.31650885 2.01673657 2.88429987 1.42767292 4.11080043
 0.60522329 5.21889799 0.2810193  1.47135521 0.06310522 1.67594307
 1.2812697  5.66839789 1.19107914 0.714089   0.81157759 6.22994953
 0.19879809 3.89732568 1.18480381 4.15205655 1.06284485 4.34356251
 1.56272623 4.08189805 2.83244342 4.65371319 0.44728611 0.40397439
 2.97218269 3.07091776]
 ||