optimal function value: 32.53962615999998
optimal value: [0. 1. 0. 0. 0. 0. 1. 0. 1. 0. 0. 0. 0. 0. 0. 1.]
status: SUCCESS
 ||[2.45159488 2.33470588 0.44290292 5.45019204 0.02319184 4.15493518
 2.81992037 0.51187657 1.73048295 3.87749827 0.13125739 2.38485184
 2.21155656 2.8401997  2.27757328 0.98596987 0.7489233  0.69840108
 1.59090148 5.80609791 1.85767151 5.86436682 1.20435534 4.68825165
 0.31991044 1.82667367 3.11292657 4.55797018 1.32457238 0.55245502
 0.83692254 1.32927542 0.88171556 5.08588645 0.62715141 5.56936095
 2.76415047 0.2188696 ]
 ||