optimal function value: 30.655645410000005
optimal value: [1. 0. 0. 0. 0. 0. 0. 1. 0. 0. 1. 0. 0. 1. 0. 0.]
status: SUCCESS
 ||[1.70344638 6.04512938 1.39704681 4.43154036 0.26813663 1.55813906
 3.13956303 1.31554402 2.01599169 3.88500454 1.4260486  3.11266257
 0.613479   5.2638266  0.25903741 1.45971387 0.03041404 2.68157356
 1.30056771 5.61751284 1.18980179 0.71538595 0.81081549 7.23186623
 0.19748344 3.89528415 1.18613074 4.15134914 1.06375704 4.34296659
 1.56383012 4.08115923 2.83203251 3.65238596 0.44738435 0.40336491
 2.97233214 3.07099939 0.6085676  5.94392633]
 ||