optimal function value: 30.655645410000005
optimal value: [0. 0. 1. 0. 0. 1. 0. 0. 1. 0. 0. 0. 0. 0. 0. 1.]
status: SUCCESS
 ||[0.74297511 0.64838271 1.21786486 0.97685311 1.15947125 2.51625364
 2.61843367 5.04639172 2.44425481 1.42076608 1.65399855 1.77501212
 0.59096384 0.68247766 0.69181852 5.84470536 2.62363096 6.0803303
 2.51446174 1.2144913  0.9730616  3.93816544 2.29912877 5.36997424
 2.76411859 0.54325866 1.90346409 4.2210432  1.5899323  1.11698264
 1.49082142 0.56030373 2.93504843 5.43815752 1.72163564 1.88628537
 2.85653374 3.59563723 2.77137328 5.32901368]
 ||