optimal function value: 48.697738310000005
optimal value: [1. 0. 0. 0. 0. 1. 0. 0. 0. 0. 1. 0. 0. 0. 0. 1.]
status: SUCCESS
 ||[ 2.43965679  3.37147459  0.4233442   6.40678278  0.01891561  4.1361645
  2.81028042  0.51429676  1.68971411  3.90721862 -0.03998539  2.84019147
  2.19213937  2.83207023  2.25979488  0.97565105  0.73367899  0.68308056
  1.58158481  5.79769031  1.84344767  4.85688285  1.18358458  4.67447429
  0.30468058  1.82127599  2.11127238  4.53292102  1.3067242   0.5380638
  0.82524881  1.29947574  0.86984943  5.07939487  0.60939519  5.56058624
  2.74932857  1.33828425]
 ||