optimal function value: 48.13067508999998
optimal value: [0. 0. 1. 0. 1. 0. 0. 0. 0. 1. 0. 0. 0. 0. 0. 1.]
status: SUCCESS
 ||[1.63948816 5.06860578 3.01659925 1.82451898 3.40449765 4.42432802
 2.07757766 0.69239276 0.08500272 2.4125203  2.34136205 1.59004167
 1.57129733 1.98878038 2.65982863 5.93758748 1.26336233 6.27454221
 0.19718034 6.10759901 2.74784404 0.94608498 2.21764054 3.51246433
 3.00178274 1.3193585  1.69424963 5.54497495 2.01019691 1.94295337
 0.25599042 5.90499543 1.4899577  6.25949699 0.44311343 5.10304883
 3.55556498 5.78049302 0.05155787 2.33698706]
 ||