optimal function value: 23.895113699999996
optimal value: [0. 0. 0. 1. 0. 1. 0. 0. 1. 0. 0. 0. 0. 0. 1. 0.]
status: SUCCESS
 ||[2.63324832 5.07125578 3.02115375 1.8041372  2.41553531 4.42609364
 2.08552143 0.68280865 0.0753259  2.43360899 3.32734448 1.58820119
 1.57404621 1.99540468 2.65664099 6.00252515 1.15394713 6.27437364
 0.19848971 5.07527224 2.74852165 0.95022509 2.21680082 3.51349931
 3.00201871 1.32083849 1.69672989 5.54511304 2.00695982 1.94186926
 0.2571365  5.90430316 1.48913768 6.26054549 0.44541987 5.10255935
 2.55679709 5.78038121]
 ||