optimal function value: 23.895113699999996
optimal value: [0. 0. 0. 1. 0. 1. 0. 0. 1. 0. 0. 0. 0. 0. 1. 0.]
status: SUCCESS
 ||[ 3.49296032e+00  5.16443643e+00  2.52379475e+00  2.64306237e+00
 -2.67820401e-03  4.16432760e+00  1.47367222e+00  4.77437801e+00
  1.17231897e+00  4.83850322e+00  8.56504533e-01  5.03569861e+00
  2.29470932e+00  2.60141314e+00  1.69114923e+00  4.28586583e+00
  6.06264135e-01  3.48214395e+00  2.52618999e+00  1.66838097e+00
  2.52401634e+00  4.30854495e+00  2.65230100e+00  2.10834197e+00
  2.92102635e-01  5.02854283e+00  2.52776779e+00  2.79686110e+00
  2.92666258e-01  1.24109632e+00  1.99565388e+00  1.82976244e+00]
 ||