optimal function value: 30.655645410000005
optimal value: [0. 0. 1. 0. 0. 1. 0. 0. 1. 0. 0. 0. 0. 0. 0. 1.]
status: SUCCESS
 ||[1.42142416 4.5188363  3.90177824 2.93825989 1.59754785 3.68994719
 0.5680871  3.21665203 1.97777453 4.98222422 0.2983296  1.88292092
 0.2963315  5.09074389 2.17815528 0.26473176 3.08818707 7.06265565
 2.05535537 3.86776309 0.49596741 0.09397824 1.66158251 0.37469984
 0.59771287 1.51877716 1.09696061 2.91261264 1.38407157 5.29458709
 1.63089382 5.0240306  1.57092381 4.16281428 1.4370236  1.74756529
 3.13492387 6.25517842]
 ||