optimal function value: 23.895113699999996
optimal value: [1. 0. 0. 0. 0. 0. 1. 0. 0. 0. 0. 1. 0. 1. 0. 0.]
status: SUCCESS
 ||[2.64512915 5.0699002  3.0163391  2.81932244 2.40641575 5.4246507
 3.07819153 0.69227583 1.08402957 2.41401989 2.34462409 2.56781925
 1.57074267 2.04111826 2.64070318 5.90695591 2.26126302 6.27394601
 0.19547403 5.1060296  2.75035658 0.94865233 3.21645917 3.51225603
 3.00133602 1.31989897 1.69680219 5.54489848 2.00671093 1.94306737
 0.25762047 5.90504732 1.49015391 6.26045132 0.44670126 5.10420118
 2.55478965 6.77948172]
 ||