[(0, 2), (0, 3), (1, 2), (1, 3)]
 ||23.8951137
 ||[ 1.95245617e+00  5.66061219e+00  2.49896928e+00  5.96433150e+00
  2.33387679e+00  5.79544341e+00  1.11140889e+00  2.90422991e+00
  2.94796194e+00  4.06188881e+00  2.81651726e+00  1.70664947e+00
  1.47524344e+00  1.55112848e+00  1.71015385e+00  3.59982631e+00
  4.04341870e-02  1.35755375e+00  8.79883629e-01  5.76021091e+00
  2.39851297e+00  9.93761647e-01  2.50627275e+00  8.73879950e-01
  1.93320493e+00  7.98316843e-01 -9.23138061e-04  5.47300388e+00
  6.50515514e-01  1.34860856e+00]
 ||