[(0, 1), (0, 3), (1, 2), (2, 3)]
 ||30.65564541
 ||[2.49235138e+00 6.16448968e+00 2.52377746e+00 1.64382438e+00
 1.42280528e-03 4.16462644e+00 1.47736838e+00 4.77354296e+00
 1.17229979e+00 4.83889502e+00 8.56710217e-01 5.03858750e+00
 2.29283140e+00 2.60131706e+00 1.69111645e+00 4.28545615e+00
 6.06273245e-01 3.47846227e+00 2.52935979e+00 1.66830794e+00
 2.52381534e+00 4.30834668e+00 2.65236945e+00 2.10850823e+00
 2.92612607e-01 5.02833492e+00 2.52830377e+00 2.79738203e+00
 2.94594647e-01 1.23881655e+00]
 ||