[(0, 1), (0, 3), (1, 2), (2, 3)]
 ||65.76070403
 ||[1.95690409e+00 4.66078581e+00 2.49815248e+00 5.92160412e+00
 2.32446808e+00 5.79509682e+00 9.11015548e-02 2.92559342e+00
 2.96362820e+00 5.07763076e+00 2.83026293e+00 1.71133334e+00
 1.47364011e+00 1.54925999e+00 1.70827080e+00 3.60618863e+00
 4.11966590e-02 1.36175059e+00 8.78052455e-01 5.75753479e+00
 2.40559793e+00 1.00282630e+00 2.50433232e+00 8.71869539e-01
 1.93977153e+00 7.96077734e-01 5.57797432e-03 5.47519048e+00
 6.58024794e-01 1.35389584e+00 3.08636519e+00 5.48149782e+00
 1.90888579e+00 6.04112836e+00 1.69401707e+00 4.25891327e+00
 6.43342291e-01 5.91232200e+00]
 ||