[(0, 2), (0, 3), (1, 2), (1, 3)]
 ||23.8951137
 ||[2.49235138e+00 5.16448956e+00 1.52378122e+00 1.64381626e+00
 1.41910416e-03 4.16461186e+00 1.47734732e+00 4.77352836e+00
 1.17231788e+00 4.83893130e+00 8.56706303e-01 5.03858358e+00
 2.29281233e+00 2.60127919e+00 1.69113572e+00 4.28545748e+00
 6.06279868e-01 3.47846667e+00 2.52937180e+00 1.66831799e+00
 3.52384655e+00 4.30831659e+00 2.65239115e+00 2.10852400e+00
 2.92590951e-01 6.02832463e+00 2.52829569e+00 2.79735210e+00
 2.94619735e-01 1.23880566e+00 1.99465640e+00 1.82956028e+00
 2.98882644e+00 3.69809310e+00 6.31065288e-01 4.11802474e+00]
 ||