[(0, 2), (1, 3), (2, 3)]
 ||2104.41962036
 ||[1.95689672e+00 4.66077519e+00 2.49821579e+00 5.92159643e+00
 2.32445525e+00 5.79512375e+00 9.11160926e-02 3.92561840e+00
 2.96364988e+00 4.07762170e+00 2.83025385e+00 7.11319230e-01
 1.47362387e+00 1.54925021e+00 1.70826952e+00 3.60613028e+00
 4.12006681e-02 1.36173650e+00 8.77985552e-01 5.75753480e+00
 2.40560546e+00 1.00282872e+00 2.50429732e+00 8.71885328e-01
 1.93978315e+00 7.96072504e-01 5.56369155e-03 5.47521153e+00
 6.58026416e-01 1.35390932e+00 3.08637187e+00 5.48151154e+00
 9.08889801e-01 6.04115435e+00]
 ||