[(0, 2), (0, 3), (1, 2), (1, 3)]
 ||85.74198708
 ||[2.49232767e+00 5.16449108e+00 1.52376014e+00 1.64380248e+00
 1.40169045e-03 4.16461040e+00 1.47734186e+00 4.77351604e+00
 1.17230097e+00 4.83891950e+00 8.56710475e-01 5.03857716e+00
 2.29280391e+00 2.60126852e+00 1.69115157e+00 4.28545715e+00
 6.06235863e-01 3.47850816e+00 2.52937124e+00 2.66834789e+00
 2.52383082e+00 4.30832415e+00 2.65237943e+00 2.10852897e+00
 2.92587902e-01 4.90332919e+00 2.52835124e+00 2.79732998e+00
 2.94612373e-01 1.23883325e+00 1.99464510e+00 1.82958579e+00]
 ||