[(0, 1), (0, 2), (1, 3), (2, 3)]
 ||44.55872038
 ||[2.49242251e+00 6.16448633e+00 1.52378446e+00 1.64381911e+00
 1.42195222e-03 4.16456191e+00 1.47734799e+00 4.77353613e+00
 1.17233195e+00 4.83891641e+00 8.56697038e-01 5.03856078e+00
 2.29276999e+00 2.60128623e+00 1.69114523e+00 4.28545557e+00
 6.06234546e-01 3.47839914e+00 2.52936989e+00 1.66828989e+00
 2.52380210e+00 4.30815233e+00 2.65243684e+00 2.10849068e+00
 2.92500287e-01 5.02838620e+00 2.52834086e+00 2.79729436e+00
 2.94546163e-01 1.23858310e+00 1.99437116e+00 1.82968337e+00
 2.98907172e+00 3.69775194e+00 6.31809031e-01 4.11793969e+00
 1.13218980e+00 5.86055073e+00]
 ||