[(0, 2), (1, 2), (1, 3)]
 ||1881.820364765
 ||[3.49235046e+00 5.16448038e+00 2.52379154e+00 1.64382124e+00
 1.41912245e-03 4.16458722e+00 1.47735732e+00 4.77348911e+00
 1.17230560e+00 4.83891902e+00 1.85669264e+00 5.03858439e+00
 2.29281613e+00 2.60128356e+00 1.69114852e+00 4.28546283e+00
 6.06277059e-01 3.47846385e+00 2.52935898e+00 1.66829961e+00
 2.52386338e+00 4.30832201e+00 2.65237007e+00 2.10851002e+00
 2.92603984e-01 5.02831475e+00 2.52826357e+00 2.79738882e+00
 2.94619755e-01 1.23882314e+00 1.99466106e+00 1.82956601e+00
 2.98881335e+00 3.69809760e+00 6.31032199e-01 4.11803044e+00
 1.13218963e+00 5.86058211e+00]
 ||