[(0, 2), (0, 3), (1, 2), (1, 3)]
 ||23.8951137
 ||[2.95686979e+00 4.66077720e+00 2.49818299e+00 5.92158978e+00
 2.32445764e+00 5.79513172e+00 9.11134453e-02 2.92559342e+00
 2.96364067e+00 4.07762838e+00 2.83025218e+00 7.11324232e-01
 2.47359396e+00 1.54926823e+00 1.70826368e+00 3.60619057e+00
 4.12170070e-02 1.36174965e+00 8.78015872e-01 5.75755272e+00
 2.40559913e+00 1.00282997e+00 2.50431406e+00 8.71909072e-01
 1.93976547e+00 7.96074077e-01 5.56964358e-03 5.47521609e+00
 6.58038621e-01 1.35388714e+00 3.08637869e+00 5.48149949e+00
 9.08887930e-01 6.04111447e+00 1.69401078e+00 4.25897544e+00
 6.43332262e-01 5.91231479e+00 2.16975088e+00 6.07309247e+00]
 ||