[(0, 1), (0, 3), (1, 2), (2, 3)]
 ||65.76070403
 ||[1.76932534e+00 4.08283593e+00 1.49803995e+00 3.77289135e+00
 1.93360900e+00 3.79578309e-01 5.81757885e-03 5.22639149e+00
 7.82640326e-01 1.43334312e+00 3.09575049e+00 2.91575103e+00
 2.58876993e+00 2.96085103e+00 1.97553256e+00 9.10800016e-01
 1.96236634e+00 5.42193501e+00 1.61148341e+00 4.61845146e+00
 2.07715219e+00 3.63313242e-01 3.35331078e+00 3.71058272e+00
 9.43051051e-01 1.91509363e-01 2.70885936e+00 2.96696985e+00
 2.25482339e+00 6.52176858e+00 2.24007596e+00 5.77713149e+00
 1.23394880e+00 5.02883275e+00 1.39340459e+00 5.87505210e+00
 2.75760930e+00 6.08899380e-01]
 ||