[(0, 3), (1, 3), (2, 3)]
 ||6292
 ||[3.49235283e+00 5.16447115e+00 1.52377238e+00 1.64379159e+00
 1.41502186e-03 4.16460866e+00 1.47734478e+00 4.77355497e+00
 2.17233443e+00 4.83893322e+00 8.56708218e-01 5.03857531e+00
 2.29280404e+00 2.60127043e+00 1.69112696e+00 4.28548905e+00
 6.06306965e-01 3.47848107e+00 2.52936597e+00 1.66833238e+00
 2.52382954e+00 4.30829625e+00 2.65235985e+00 2.10854500e+00
 2.92566763e-01 5.02835839e+00 2.52829597e+00 2.79736228e+00
 2.94627113e-01 1.23881298e+00 1.99467262e+00 1.82956486e+00
 2.98883841e+00 3.69809816e+00 6.31082318e-01 4.11803878e+00
 1.13217087e+00 5.86057537e+00 2.85732562e+00 3.23365854e+00]
 ||