[(0, 1), (0, 2), (0, 3), (1, 3), (2, 3)]
 ||3172.27936019
 ||[3.49488251e+00 5.16514018e+00 1.52305123e+00 1.64381384e+00
 1.40614010e-03 4.16345674e+00 1.47689309e+00 4.77355843e+00
 2.17365733e+00 4.83826444e+00 8.62418310e-01 5.03716153e+00
 2.29240042e+00 2.60020523e+00 1.69040064e+00 4.28601761e+00
 6.06839999e-01 3.47863251e+00 2.52970215e+00 1.66748904e+00
 2.52412372e+00 4.30849987e+00 2.65225639e+00 2.10865667e+00
 2.92927770e-01 5.02689341e+00 2.52972667e+00 2.79682703e+00
 2.94273956e-01 1.23875207e+00 1.99442579e+00 1.82779864e+00
 2.98829525e+00 3.69773651e+00 6.29661584e-01 4.11786473e+00
 1.13249551e+00 5.85968259e+00 2.85548021e+00 3.23250572e+00]
 ||