[(0, 1), (0, 2), (1, 2), (1, 3)]
 ||4749.15387166
 ||[2.49233777e+00 6.16448427e+00 1.52378648e+00 1.64382152e+00
 1.43516022e-03 4.16461186e+00 1.47733953e+00 4.77352058e+00
 1.17230996e+00 4.83892336e+00 8.56703637e-01 5.03858092e+00
 2.29281233e+00 2.60127334e+00 1.69113170e+00 4.28545346e+00
 6.06243648e-01 3.47843094e+00 2.52936239e+00 1.66833685e+00
 2.52384387e+00 4.30832305e+00 2.65238490e+00 2.10855128e+00
 2.92609526e-01 5.02834159e+00 2.52834150e+00 2.79739639e+00
 2.94624904e-01 1.23879720e+00 1.99465587e+00 1.82957892e+00
 2.98881471e+00 3.69809121e+00]
 ||