[(0, 2), (0, 3), (1, 2), (1, 3)]
 ||48.13067509
 ||[2.95690154e+00 4.66078537e+00 2.49817426e+00 5.92159231e+00
 2.32446247e+00 6.79513655e+00 9.11714832e-02 2.92559439e+00
 2.96364253e+00 4.07763252e+00 2.83026751e+00 7.11289604e-01
 1.47361942e+00 1.54926303e+00 1.70827527e+00 3.60614829e+00
 4.12323330e-02 1.36177454e+00 8.78041849e-01 5.75758306e+00
 2.40563069e+00 1.00278838e+00 2.50430768e+00 8.71906220e-01
 1.93977946e+00 7.96064164e-01 5.57952100e-03 5.47521283e+00
 6.58007723e-01 1.35391895e+00 3.08637039e+00 5.48146621e+00]
 ||