[(0, 1), (0, 2), (1, 3), (2, 3)]
 ||32.53962616
 ||[2.49234732e+00 5.16447789e+00 1.52377691e+00 1.64381684e+00
 1.42599035e-03 4.16459414e+00 1.47739224e+00 4.77352942e+00
 1.17228038e+00 4.83893287e+00 8.56693086e-01 5.03857851e+00
 2.29278882e+00 2.60127840e+00 1.69113056e+00 4.28544765e+00
 6.06270050e-01 3.47846862e+00 2.52936933e+00 2.66826953e+00
 2.52383807e+00 4.30833118e+00 2.65238113e+00 2.10851774e+00
 2.92607480e-01 5.02832384e+00 2.52831676e+00 2.79735846e+00
 2.94589890e-01 1.23880243e+00 1.99466464e+00 1.82955286e+00
 2.98884319e+00 3.69807827e+00]
 ||