[(0, 1), (0, 2), (2, 3)]
 ||4757.463365335
 ||[2.50990381e+00 6.16109445e+00 1.52712207e+00 2.63380431e+00
 1.41770709e-03 4.17014066e+00 1.49094759e+00 4.78687588e+00
 2.16567394e+00 4.83895544e+00 8.56730443e-01 5.04133559e+00
 2.28510213e+00 2.60796321e+00 2.67129155e+00 4.29018022e+00
 6.12435434e-01 3.48752736e+00 2.54100611e+00 1.67951807e+00
 2.53377208e+00 4.31461474e+00 2.66607339e+00 2.11516135e+00
 2.96867231e-01 5.01451862e+00 3.53580648e+00 2.80295571e+00
 2.94132155e-01 1.23216707e+00 1.98811262e+00 1.82613659e+00
 2.98489594e+00 3.69111744e+00 6.27353679e-01 4.28138537e+00
 1.31435632e+00 5.85970230e+00]
 ||