[(0, 1), (0, 2), (1, 3), (2, 3)]
 ||44.55872038
 ||[ 1.42429570e+00  5.33201166e+00  2.14225600e+00  1.61738704e+00
  1.58595279e+00  3.84279847e+00  2.02315235e+00  4.93710380e+00
  2.76293404e-01  1.59546103e-01  2.60705576e+00  2.70057949e+00
  2.37623238e+00 -5.33850757e-03  1.39964124e+00  4.51926069e+00
  7.17752171e-01  5.97420868e+00  2.82544104e+00  1.73612023e-01
  6.12876337e-02  3.38322495e+00  2.93184458e+00  2.37658629e+00
  6.50661524e-01  3.63555015e+00  5.80450891e-01  1.39099711e+00
  1.37385453e+00  3.11342011e+00  7.30382310e-01  1.40855946e+00
  6.85448176e-01  2.88407770e+00]
 ||