[(0, 1), (0, 2), (0, 3), (1, 3), (2, 3)]
 ||3172.27936019
 ||[2.49235144e+00 5.16448956e+00 2.52376526e+00 1.64379040e+00
 1.42157817e-03 4.16458585e+00 1.47734578e+00 4.77352683e+00
 1.17232516e+00 4.83891478e+00 8.56697876e-01 5.03856146e+00
 2.29278248e+00 2.60127457e+00 1.69116950e+00 5.28549093e+00
 6.06265671e-01 3.47847932e+00 2.52938720e+00 1.66831407e+00
 3.52385679e+00 4.30832112e+00 2.65238853e+00 2.10850029e+00
 2.92600393e-01 5.02831618e+00 2.52829341e+00 2.79735369e+00
 2.94621722e-01 1.23877664e+00 1.99468375e+00 1.82952478e+00]
 ||