[(0, 1), (0, 2), (1, 3), (2, 3)]
 ||32.53962616
 ||[ 2.95683718e+00  5.66076770e+00  2.49818498e+00  5.92156110e+00
  2.32445862e+00  5.79515049e+00 -1.37892666e-01  2.86259429e+00
  2.98449865e+00  4.09849676e+00  2.85112885e+00  7.32160523e-01
  1.49448414e+00  1.57010828e+00  1.72913752e+00  3.62704172e+00
  6.20381373e-02  1.38261548e+00  8.98881249e-01  5.77839158e+00
  2.42644787e+00  2.02368983e+00  2.50429474e+00  8.71902446e-01
  1.93980288e+00  7.96068273e-01  5.55961000e-03  5.47521028e+00
  6.58006718e-01  1.35389564e+00  3.08637327e+00  5.48149251e+00]
 ||