[(0, 1), (0, 2), (1, 3), (2, 3)]
 ||32.53962616
 ||[2.95691583e+00 4.66080715e+00 2.49819619e+00 5.92157517e+00
 2.32446983e+00 5.79514180e+00 9.11207942e-02 2.92559161e+00
 2.96364080e+00 4.07763893e+00 2.83024475e+00 7.11306994e-01
 1.47363292e+00 1.54925628e+00 1.70824522e+00 3.60617980e+00
 4.11978471e-02 1.36172910e+00 8.78037169e-01 5.75755048e+00
 2.40559236e+00 1.00283485e+00 2.50432254e+00 8.71875898e-01
 1.93977734e+00 7.96078839e-01 5.59427076e-03 5.47518716e+00
 6.58015119e-01 1.35390045e+00 3.08634618e+00 5.48145664e+00
 9.08868957e-01 6.04112998e+00 1.69400364e+00 4.25896113e+00
 1.64331252e+00 5.91232098e+00]
 ||