[(0, 1), (0, 3), (1, 2), (2, 3)]
 ||30.65564541
 ||[1.95690339e+00 4.66078511e+00 2.49815789e+00 6.92156353e+00
 2.32445665e+00 5.79514576e+00 9.11225682e-02 2.92559338e+00
 2.96363706e+00 4.07762945e+00 2.83028279e+00 7.11301797e-01
 1.47363938e+00 1.54926199e+00 1.70826010e+00 3.60621653e+00
 4.11537575e-02 1.36175913e+00 8.78025362e-01 5.75760216e+00
 2.40560291e+00 1.00285498e+00 2.50428803e+00 8.71922534e-01
 1.93978940e+00 7.96071178e-01 5.57503330e-03 5.47520750e+00
 6.58024952e-01 1.35389851e+00 3.08636095e+00 5.48148662e+00
 9.08898378e-01 6.04115766e+00 1.69402647e+00 4.25893791e+00
 6.43325446e-01 5.91233658e+00]
 ||