[(0, 1), (0, 3), (1, 2), (2, 3)]
 ||30.65564541
 ||[ 2.79681746e+00  2.70574674e+00  2.78227649e+00  1.29315418e+00
  2.55780541e+00  5.18951869e+00  2.05211667e+00  1.00987963e+00
  1.62565553e+00  2.13598142e+00  7.80817141e-01  5.98213943e+00
  3.14139259e+00  3.59145768e-01  2.69562383e+00  3.78330662e+00
  1.19803504e+00  1.76211209e+00  2.10880496e+00  2.86294332e+00
  2.15012693e+00  4.15863496e+00  4.14575746e-01  4.80038058e+00
  3.07938425e+00  6.08825642e+00  1.92286366e+00  2.72753638e-01
 -3.50859142e-04  8.39993105e-01  3.94540608e+00  1.89429389e+00]
 ||