[(0, 1), (0, 3), (1, 2), (2, 3)]
 ||30.65564541
 ||[3.49236667e+00 5.16449280e+00 1.52376435e+00 1.64381502e+00
 1.42389146e-03 4.16461321e+00 1.47734682e+00 4.77354604e+00
 1.17231287e+00 4.83890674e+00 8.56714420e-01 5.03855937e+00
 2.29282971e+00 2.60129347e+00 1.69118316e+00 4.28547125e+00
 6.06276959e-01 3.47845145e+00 2.52935251e+00 2.66831426e+00
 2.52387117e+00 4.30831813e+00 2.65242272e+00 2.10852854e+00
 2.92599610e-01 5.02834491e+00 2.52832539e+00 2.79735442e+00
 2.94633650e-01 1.23880299e+00 1.99466198e+00 1.82956612e+00
 2.98882525e+00 3.69810237e+00 6.31094514e-01 4.11801626e+00]
 ||