[(0, 1), (0, 2), (0, 3), (1, 2), (1, 3)]
 ||4754.87099354
 ||[ 1.98856910e+00  4.69246286e+00  2.54840511e+00  5.85933134e+00
  2.37837072e+00  5.78265241e+00 -4.80749869e-03  2.46477334e+00
  2.98961866e+00  4.10946560e+00  2.86794944e+00  7.48985176e-01
  1.43284182e+00  1.58110231e+00  1.73424970e+00  3.58348511e+00
  6.71787113e-02  1.38775912e+00  9.03972307e-01  5.78936619e+00
  2.42572013e+00  1.03465755e+00  2.52444281e+00  9.03739869e-01
  1.95989981e+00  1.83959882e+00 -6.14615743e-03  5.47521008e+00
  6.46335420e-01  1.34224441e+00]
 ||