[(0, 1), (0, 2), (1, 3), (2, 3)]
 ||32.53962616
 ||[2.52777111e+00 5.19982616e+00 2.45272961e+00 1.63494621e+00
 1.37321001e-03 4.15574181e+00 2.48620648e+00 4.76462332e+00
 1.15454896e+00 5.83898338e+00 8.56656192e-01 5.03853125e+00
 2.28394092e+00 2.59237510e+00 1.68223163e+00 4.27656263e+00
 6.06276779e-01 3.47836781e+00 2.52930627e+00 2.68599126e+00
 2.49728401e+00 4.29058820e+00 2.63463582e+00 2.08196435e+00
 2.74931679e-01 5.01059431e+00 2.51059406e+00 2.77964451e+00
 2.68079564e-01 1.72057103e+00 1.96810250e+00 1.81186274e+00
 2.97111937e+00 3.66266694e+00 6.13407980e-01 4.08259996e+00
 1.11444893e+00 5.84277538e+00 2.83955207e+00 3.23366356e+00]
 ||