[(0, 1), (0, 3), (1, 3), (2, 3)]
 ||2102.30022885
 ||[2.95689550e+00 5.66077718e+00 2.49817166e+00 5.92157861e+00
 2.32448161e+00 5.79514018e+00 9.10903576e-02 2.92559958e+00
 2.96365219e+00 4.07760146e+00 2.83026840e+00 7.11267659e-01
 1.47364591e+00 1.54927656e+00 1.70827589e+00 3.60617303e+00
 4.11972382e-02 1.36175099e+00 8.78020030e-01 5.75755427e+00
 3.40561361e+00 1.00284724e+00 2.50431172e+00 8.71911923e-01
 1.93979665e+00 1.79606808e+00 5.52630071e-03 5.47520860e+00
 6.58034458e-01 1.35391080e+00 3.08637329e+00 5.48148373e+00
 9.08891985e-01 6.04113111e+00 1.69402260e+00 4.25893858e+00
 6.43333616e-01 5.91234521e+00 2.16974673e+00 6.07310465e+00]
 ||