[(0, 1), (0, 2), (1, 3), (2, 3)]
 ||32.53962616
 ||[1.95691459e+00 4.66079562e+00 2.49818461e+00 5.92158779e+00
 2.32448810e+00 5.79514178e+00 9.11150565e-02 2.92557567e+00
 2.96365946e+00 4.07765467e+00 2.83029612e+00 7.11269099e-01
 1.47360807e+00 1.54926198e+00 1.70826325e+00 3.60619158e+00
 4.11987652e-02 1.36174595e+00 6.61527317e-01 5.82975995e+00
 2.47774588e+00 2.07500014e+00 2.50433688e+00 8.71907964e-01
 1.93975640e+00 7.96030827e-01 5.58681962e-03 5.47519271e+00
 6.58026589e-01 1.35390497e+00 3.08639145e+00 5.48150253e+00
 9.08884333e-01 6.04114592e+00 1.69401752e+00 4.25891202e+00]
 ||