[(0, 1), (0, 3), (1, 2), (1, 3)]
 ||3168.8013199
 ||[3.49236605e+00 5.16449173e+00 1.52376781e+00 1.64379581e+00
 1.38385331e-03 4.16461634e+00 1.47734157e+00 4.77351556e+00
 1.17234388e+00 4.83891229e+00 8.56681862e-01 5.03856761e+00
 2.29281708e+00 2.60126290e+00 1.69113962e+00 4.28546929e+00
 6.06241539e-01 3.47845897e+00 2.52938326e+00 1.66830006e+00
 2.52383403e+00 4.30830593e+00 2.65240507e+00 2.10850140e+00
 2.92604640e-01 5.02832682e+00 2.52829199e+00 3.79735386e+00
 2.94629088e-01 1.23879513e+00 1.99467565e+00 1.82956083e+00
 2.98882837e+00 3.69807112e+00 6.31058476e-01 4.11801639e+00
 1.13215908e+00 5.86052903e+00]
 ||