[(0, 1), (0, 2), (1, 3), (2, 3)]
 ||44.55872038
 ||[2.95690344e+00 4.66076528e+00 2.49815763e+00 5.92157429e+00
 2.32449244e+00 5.79512149e+00 9.11121014e-02 2.92557900e+00
 2.96364502e+00 4.07543360e+00 2.82921130e+00 7.12052822e-01
 1.47436864e+00 1.54911380e+00 1.70819534e+00 3.60617422e+00
 4.11167794e-02 1.36164932e+00 8.77981883e-01 5.75750848e+00
 2.40551797e+00 1.00204007e+00 2.50307334e+00 8.71747127e-01
 1.93962855e+00 7.95900023e-01 5.41809867e-03 5.47513454e+00
 6.57834291e-01 1.35564971e+00 3.08803880e+00 5.48149431e+00]
 ||