[(0, 1), (1, 2), (2, 3)]
 ||1967.088782415
 ||[3.49233266e+00 5.16447315e+00 1.52380930e+00 1.64384460e+00
 1.41910416e-03 4.16461873e+00 1.47735419e+00 4.77353304e+00
 1.17232256e+00 4.83893130e+00 8.56724362e-01 5.03854524e+00
 2.29277391e+00 2.60127883e+00 1.69113502e+00 4.28546926e+00
 6.06279868e-01 3.47843473e+00 2.52934858e+00 1.66833047e+00
 2.52386478e+00 4.30830850e+00 2.65239270e+00 2.10850701e+00
 2.92595184e-01 5.02834074e+00 2.52828722e+00 2.79734614e+00
 2.94610241e-01 1.23880489e+00 1.99467142e+00 1.82957014e+00
 2.98882264e+00 3.69806113e+00]
 ||