[(0, 1), (0, 2), (1, 3), (2, 3)]
 ||44.55872038
 ||[2.95689089e+00 5.66076979e+00 2.49817408e+00 5.92159808e+00
 3.32445673e+00 5.79512646e+00 1.09112634e+00 2.92555207e+00
 2.96365134e+00 5.07763034e+00 2.83026282e+00 7.11276757e-01
 1.47361665e+00 1.54927648e+00 1.70827582e+00 3.60618851e+00
 4.12119695e-02 1.36178957e+00 8.78009835e-01 5.75756773e+00
 2.40559959e+00 1.00287436e+00 2.50428637e+00 1.87192798e+00
 1.93978891e+00 7.96091006e-01 5.60052086e-03 5.47520938e+00
 6.58030670e-01 1.35392232e+00 3.08636358e+00 5.48149107e+00
 9.08884653e-01 6.04114988e+00]
 ||