[(0, 1), (1, 3), (2, 3)]
 ||3159.54872985
 ||[2.49234774e+00 5.16449711e+00 2.52377993e+00 1.64381631e+00
 1.41543801e-03 4.16462007e+00 1.47733710e+00 4.77353401e+00
 1.17232327e+00 4.83893668e+00 8.56675922e-01 5.03856393e+00
 2.29281517e+00 2.60126872e+00 1.69111678e+00 4.28545658e+00
 6.06304913e-01 3.47844572e+00 2.52937107e+00 1.66833117e+00
 2.52385211e+00 4.30832405e+00 2.65239361e+00 2.10852996e+00
 1.29259115e+00 5.02834832e+00 2.52834077e+00 2.79731001e+00
 2.94614338e-01 1.23879249e+00 1.99465491e+00 1.82955347e+00
 2.98879739e+00 3.69810521e+00 6.31073206e-01 4.11799597e+00]
 ||