[(0, 1), (0, 3), (1, 2), (2, 3)]
 ||30.65564541
 ||[2.49235138e+00 5.16447657e+00 1.52376824e+00 2.64379615e+00
 1.41819243e-03 4.16461094e+00 1.47734732e+00 4.77352757e+00
 1.17231788e+00 4.83893733e+00 8.56706303e-01 5.03860101e+00
 2.29284655e+00 2.60130577e+00 2.69113570e+00 4.28545748e+00
 6.06286669e-01 3.47845340e+00 2.52937312e+00 1.66834436e+00
 2.52383627e+00 4.30833103e+00 2.65242764e+00 2.10853469e+00
 2.92612770e-01 5.02837324e+00 2.52827479e+00 2.79737535e+00
 2.94618010e-01 1.23882250e+00 1.99466000e+00 1.82954472e+00]
 ||