[(0, 1), (0, 3), (1, 2), (2, 3)]
 ||30.65564541
 ||[2.78012265e+00 2.65190041e+00 1.82943867e+00 1.28020938e+00
 2.52242522e+00 5.14775617e+00 2.02024566e+00 1.36331326e+00
 2.29767251e+00 2.05248110e+00 7.78398759e-01 5.96571587e+00
 3.11678454e+00 2.58904047e-01 2.68827734e+00 3.78293497e+00
 1.19181467e+00 1.76797688e+00 2.10644508e+00 2.85632374e+00
 2.13366659e+00 4.14444124e+00 4.10718578e-01 4.81743308e+00
 3.07931312e+00 6.08378694e+00 1.91282527e+00 2.71118149e-01
 5.80857618e-03 8.34705828e-01]
 ||