[(0, 3), (1, 2), (2, 3)]
 ||4750.30081082
 ||[1.96379851e+00 4.66014572e+00 2.49484225e+00 6.92780454e+00
 2.32225061e+00 5.79511148e+00 8.87406527e-02 2.92557211e+00
 2.95408316e+00 4.07118668e+00 2.83025232e+00 9.60565449e-01
 1.47189311e+00 1.54926280e+00 1.70653944e+00 3.60175019e+00
 3.77535322e-02 1.36001395e+00 8.74582987e-01 5.75409725e+00
 2.40476026e+00 1.00023651e+00 2.50344508e+00 8.71897522e-01
 1.93806940e+00 7.96047336e-01 2.14594785e-03 5.47174764e+00
 6.54581919e-01 1.35307388e+00 3.08464955e+00 5.47977607e+00]
 ||