[(0, 1), (0, 3), (1, 2), (2, 3)]
 ||51.381437919999996
 ||[2.95689699e+00 4.66078521e+00 2.49821033e+00 5.92161317e+00
 3.32446160e+00 5.79504930e+00 9.11292098e-02 2.92559932e+00
 2.96363925e+00 4.07763773e+00 2.83027776e+00 7.11362054e-01
 1.47364940e+00 1.54933913e+00 1.70828311e+00 3.60616995e+00
 4.11426484e-02 1.36177727e+00 8.77978654e-01 5.75759180e+00
 2.40558925e+00 1.00281015e+00 2.50440724e+00 8.71748022e-01
 1.93975180e+00 7.96081190e-01 5.54335915e-03 5.47528481e+00
 6.58045675e-01 1.35387499e+00 3.08637133e+00 5.48151126e+00
 9.08873427e-01 6.04118181e+00 1.69404693e+00 4.25893299e+00]
 ||