[(0, 1), (0, 3), (1, 3), (2, 3)]
 ||3163.136228935
 ||[ 2.49382210e+00  6.15107972e+00  1.54170777e+00  1.63961046e+00
 -3.43094994e-03  4.15851982e+00  2.48250415e+00  4.77878113e+00
  1.17180343e+00  4.94740126e+00  8.37436495e-01  5.25474128e+00
  2.32083575e+00  2.59829303e+00  1.68227340e+00  4.27795904e+00
  5.99643180e-01  3.46902131e+00  2.52792464e+00  1.66158210e+00
  2.51353031e+00  4.33601721e+00  2.67755993e+00  2.10235339e+00
  2.86850397e-01  5.02338156e+00  2.51989291e+00  2.78181055e+00
  3.18728658e-01  1.23343907e+00  1.99540284e+00  1.82555949e+00]
 ||